198.80933475,0.00865228
199.01143578,0.00682346
199.21355429,0.00295799
199.41569028,0.00096290
199.61784374,0.00098369
199.82001468,0.00175262
200.02220309,0.00389318
200.22440896,0.00220983
200.42663230,0.00216827
200.62887310,0.00031866
200.83113136,0.00493228
201.03340708,0.00100447
201.23570025,0.00299955
201.43801087,0.00478681
201.64033894,0.00509854
201.84268445,0.00337363
202.04504741,0.00387240
202.24742780,0.00206436
202.44982564,0.00164871
202.65224090,-0.00225832
202.85467360,0.00518167
203.05712372,0.00231374
203.25959128,-0.00080357
203.46207625,0.00235530
203.66457864,0.00135776
203.86709846,0.00709362
204.06963568,0.00696893
204.27219032,0.00462055
204.47476237,0.00281251
204.67735182,0.00123307
204.87995868,0.01006546
205.08258293,0.00586748
205.28522459,0.00476603
205.48788364,0.00225139
205.69056008,0.00420491
205.89325391,0.00595061
206.09596513,0.00299955
206.29869374,0.00886010
206.50143972,0.00568044
206.70420308,0.00139933
206.90698382,0.00233452
207.10978194,0.00183575
207.31259742,0.00659485
207.51543027,-0.00092827
207.71828048,0.00302033
207.92114806,0.00268782
208.12403299,0.01077206
208.32693528,0.00185653
208.52985493,0.00495307
208.73279193,-0.00209206
208.93574627,0.00994077
209.13871796,0.00638703
209.34170699,0.00304111
209.54471336,-0.00109452
209.74773707,0.00412178
209.95077811,0.00065117
210.15383649,0.00179419
210.35691219,0.00318659
210.56000522,0.00293720
210.76311557,-0.00207128
210.96624324,0.00807038
211.16938823,0.00202279
211.37255053,0.00156558
211.57573015,0.00137855
211.77892707,0.00605452
211.98214130,0.00196044
212.18537284,0.00204357
212.38862167,0.00239687
212.59188781,0.00067195
212.79517124,0.00087978
212.99847196,0.00006927
213.20178997,0.00237609
213.40512527,0.00570122
213.60847785,0.00223061
213.81184772,0.00299955
214.01523486,-0.00028402
214.21863928,0.00393474
214.42206097,0.00611686
214.62549993,0.00318659
214.82895616,0.00029788
215.03242966,0.00376849
215.23592042,-0.00022168
215.43942843,0.00493228
215.64295370,0.00302033
215.84649623,0.00405944
216.05005601,0.00825742
216.25363303,0.00333206
216.45722731,0.00071352
216.66083882,-0.00051263
216.86446757,0.00279173
217.06811356,0.00029788
217.27177679,0.00734301
217.47545724,0.00430882
217.67915493,0.00090056
217.88286984,0.00376849
218.08660198,0.00451664
218.29035133,0.00844446
218.49411790,0.00753005
218.69790169,0.00256313
218.90170269,0.00272938
219.10552090,0.00721832
219.30935632,0.00545184
219.51320894,0.00227218
219.71707876,0.00079665
219.92096578,0.00605452
220.12486999,0.00154480
220.32879140,0.00474525
220.53272999,-0.00092827
220.73668578,0.00424648
220.94065875,0.00636625
221.14464890,0.00241765
221.34865623,0.00310346
221.55268073,0.00142011
221.75672241,-0.00036715
221.96078126,0.00050570
222.16485728,-0.00018011
222.36895046,-0.00030480
222.57306080,0.00401787
222.77718831,0.00302033
222.98133297,-0.00198815
223.18549478,0.00582592
223.38967375,-0.00094905
223.59386986,0.00023553
223.79808312,0.00277095
224.00231352,0.00277095
224.20656106,0.00626234
224.41082574,0.00474525
224.61510756,0.00964982
224.81940650,-0.00111531
225.02372258,-0.00088670
225.22805578,0.00356067
225.43240610,-0.00202972
225.63677355,0.00204357
225.84115811,-0.00132313
226.04555979,0.00277095
226.24997858,-0.00063732
226.45441448,0.00260469
226.65886748,0.00590904
226.86333759,0.00223061
227.06782480,0.00245922
227.27232911,0.00114994
227.47685052,0.00123307
227.68138902,0.00439195
227.88594461,-0.00067888
228.09051728,0.00218905
228.29510704,0.00281251
228.49971389,0.00572200
228.70433781,0.00389318
228.90897881,0.00453743
229.11363688,0.00262547
229.31831202,0.00497385
229.52300423,0.00509854
229.72771350,0.00243843
229.93243984,-0.00055419
230.13718324,0.00133698
230.34194369,0.00092134
230.54672120,0.00628312
230.75151576,0.00133698
230.95632737,0.00717675
231.16115602,0.00289564
231.36600172,-0.00020089
231.57086446,0.00112916
231.77574423,0.00387240
231.98064104,-0.00165564
232.18555488,-0.00047106
232.39048575,0.00514011
232.59543365,0.00038101
232.80039857,-0.00173877
233.00538051,0.00459977
233.21037947,0.00464134
233.41539544,0.01989540
233.62042843,0.00158637
233.82547842,0.00210592
234.03054543,0.00642860
234.23562943,0.00144089
234.44073044,0.00154480
234.64584845,0.00574279
234.85098345,0.00121229
235.05613545,0.00574279
235.26130444,0.00353988
235.46649041,0.00312424
235.67169337,0.00622078
235.87691331,0.00761318
236.08215023,0.00050570
236.28740413,0.00528558
236.49267500,0.00179419
236.69796284,-0.00331821
236.90326765,0.00430882
237.10858942,0.00310346
237.31392816,0.00603374
237.51928386,0.00590904
237.72465651,0.00148246
237.93004612,0.00127464
238.13545268,0.00127464
238.34087619,0.00570122
238.54631664,0.00237609
238.75177404,0.00098369
238.95724838,-0.00138547
239.16273965,0.00410100
239.36824786,0.00578435
239.57377300,0.00322815
239.77931508,0.00356067
239.98487407,0.00331128
240.19045000,0.00514011
240.39604284,0.00412178
240.60165260,-0.00205050
240.80727928,0.00166950
241.01292287,0.00262547
241.21858337,0.00534793
241.42426077,0.00306190
241.62995508,0.00470368
241.83566630,0.00033944
242.04139441,0.00374771
242.24713941,0.00304111
242.45290131,0.00106681
242.65868010,0.00405944
242.86447578,0.00029788
243.07028835,0.00559731
243.27611779,0.00838211
243.48196412,0.00466212
243.68782732,0.00025631
243.89370739,0.00264625
244.09960434,-0.00045028
244.30551816,0.00605452
244.51144884,0.00324893
244.71739638,0.00229296
244.92336078,0.00233452
245.12934204,0.00347754
245.33534016,0.00181497
245.54135512,0.00004849
245.74738694,0.00171106
245.95343560,0.00144089
246.15950110,0.00565966
246.36558345,0.00245922
246.57168263,0.00270860
246.77779865,0.00002771
246.98393150,0.00597139
247.19008118,0.00075508
247.39624769,0.00499463
247.60243102,0.00275016
247.80863117,0.00651172
248.01484814,0.00333206
248.22108192,0.00268782
248.42733252,-0.00105296
248.63359993,0.00112916
248.83988415,-0.00248692
249.04618517,0.00403865
249.25250299,0.00106681
249.45883761,-0.00200894
249.66518903,0.00372692
249.87155724,0.00098369
250.07794224,0.00511932
250.28434403,0.00356067
250.49076260,0.00821586
250.69719796,-0.00248692
250.90365009,-0.00269475
251.11011901,0.00098369
251.31660469,0.00428804
251.52310715,0.00343597
251.72962638,0.00401787
251.93616237,0.00204357
252.14271513,0.00227218
252.34928464,-0.00030480
252.55587091,0.00212670
252.76247394,0.00200201
252.96909372,0.00385162
253.17573025,0.00314502
253.38238352,0.00164871
253.58905354,0.00422569
253.79574030,0.00173184
254.00244380,0.00326972
254.20916403,0.01035641
254.41590099,0.00570122
254.62265469,0.00260469
254.82942511,0.00013162
255.03621225,0.00185653
255.24301612,0.00117072
255.44983670,-0.00063732
255.65667400,0.00530636
255.86352802,0.00121229
256.07039874,-0.00103218
256.27728617,-0.00015933
256.48419031,0.00478681
256.69111115,0.00493228
256.89804868,0.00002771
257.10500292,0.00079665
257.31197384,0.00337363
257.51896146,0.00910949
257.72596577,-0.00346368
257.93298676,0.00216827
258.14002443,0.00335285
258.34707878,0.00144089
258.55414981,0.00270860
258.76123752,-0.00013855
258.96834190,0.00696893
259.17546294,0.00017318
259.38260065,-0.00194659
259.58975502,-0.00026324
259.79692606,0.00295799
260.00411375,0.00295799
260.21131810,-0.00554189
260.41853909,0.00428804
260.62577674,0.00139933
260.83303103,0.00289564
261.04030197,-0.00124000
261.24758955,-0.00009698
261.45489377,0.00142011
261.66221462,0.00193966
261.86955210,0.00459977
262.07690622,0.00322815
262.28427696,-0.00113609
262.49166433,-0.00194659
262.69906831,0.00499463
262.90648892,-0.00090749
263.11392614,0.00169028
263.32137998,0.00420491
263.52885042,0.00368536
263.73633747,0.00690658
263.94384113,-0.00018011
264.15136139,0.00306190
264.35889825,0.00877697
264.56645171,0.00570122
264.77402176,0.00293720
264.98160840,0.00216827
265.18921163,0.00133698
265.39683144,-0.00088670
265.60446784,0.00796647
265.81212081,0.00166950
266.01979037,0.00366458
266.22747650,-0.00030480
266.43517920,0.00541027
266.64289847,-0.00042950
266.85063430,0.00295799
267.05838670,-0.00094905
267.26615566,0.00183575
267.47394117,-0.00047106
267.68174324,-0.00124000
267.88956187,0.00353988
268.09739704,0.00428804
268.30524876,0.00322815
268.51311702,0.00804960
268.72100183,-0.00327664
268.92890317,-0.00250771
269.13682105,-0.00209206
269.34475546,-0.00107374
269.55270640,0.00241765
269.76067387,0.00272938
269.96865786,-0.00045028
270.17665838,-0.00178033
270.38467541,0.00193966
270.59270896,0.00302033
270.80075902,0.00004849
271.00882560,0.00262547
271.21690868,0.00029788
271.42500826,0.00239687
271.63312435,0.00351910
271.84125694,0.00135776
272.04940602,0.00759239
272.25757160,0.00347754
272.46575367,0.00536871
272.67395223,0.00227218
272.88216727,0.00094212
273.09039880,0.00753005
273.29864681,0.00106681
273.50691129,0.00335285
273.71519225,0.00358145
273.92348968,0.00146167
274.13180358,0.00150324
274.34013395,0.00098369
274.54848077,0.00137855
274.75684406,0.00252156
274.96522381,0.00133698
275.17362001,-0.00022168
275.38203267,0.00696893
275.59046177,0.00395553
275.79890732,0.00154480
276.00736932,0.00227218
276.21584776,-0.00207128
276.42434263,0.00152402
276.63285394,-0.00392089
276.84138169,0.00148246
277.04992586,0.00248000
277.25848646,0.00206436
277.46706349,0.00198123
277.67565694,-0.00271553
277.88426680,-0.00126078
278.09289309,-0.00121922
278.30153578,-0.00136469
278.51019489,0.00495307
278.71887041,0.00189810
278.92756233,0.00455821
279.13627065,0.00563888
279.34499537,0.00216827
279.55373649,0.00428804
279.76249401,0.01228915
279.97126791,0.00401787
280.18005820,0.00081743
280.38886488,0.00248000
280.59768795,-0.00080357
280.80652739,0.00216827
281.01538321,0.00031866
281.22425540,0.00279173
281.43314397,0.00164871
281.64204891,0.00011084
281.85097021,0.00297877
282.05990788,0.00254234
282.26886190,0.00281251
282.47783229,-0.00302726
282.68681903,0.00397631
282.89582212,-0.00013855
283.10484156,0.00110838
283.31387735,0.00015240
283.52292949,0.00148246
283.73199796,0.00270860
283.94108277,0.00410100
284.15018392,-0.00022168
284.35930141,0.00069274
284.56843522,0.00183575
284.77758536,0.00455821
284.98675183,0.00019397
285.19593461,0.00696893
285.40513372,0.00430882
285.61434914,0.00497385
285.82358088,-0.00219598
286.03282893,0.00169028
286.24209328,0.00397631
286.45137395,-0.00107374
286.66067091,0.00302033
286.86998417,0.00335285
287.07931373,0.00283329
287.28865959,0.00368536
287.49802174,0.00162793
287.70740017,0.00085899
287.91679489,0.00277095
288.12620590,0.00187732
288.33563318,-0.00022168
288.54507675,0.00339441
288.75453658,0.00046413
288.96401269,-0.00049184
289.17350507,0.00060961
289.38301372,0.00399709
289.59253863,0.00131620
289.80207980,0.00572200
290.01163723,0.00202279
290.22121091,0.00335285
290.43080085,0.00320737
290.64040703,0.00262547
290.85002947,0.00486994
291.05966815,0.00285408
291.26932307,0.00514011
291.47899422,0.00227218
291.68868162,0.00495307
291.89838525,0.00237609
292.10810511,0.00721832
292.31784119,0.00235530
292.52759350,-0.00186346
292.73736204,0.00395553
292.94714679,0.00144089
293.15694776,-0.00047106
293.36676494,-0.00009698
293.57659834,0.00102525
293.78644794,-0.00192581
293.99631375,-0.00072045
294.20619576,0.00588826
294.41609397,0.00624156
294.62600838,0.00187732
294.83593898,0.00322815
295.04588578,0.00029788
295.25584876,-0.00175955
295.46582793,0.00054726
295.67582328,0.00277095
295.88583481,-0.00213363
296.09586253,0.00279173
296.30590641,0.00401787
296.51596647,0.00229296
296.72604270,0.00021475
296.93613509,0.00509854
297.14624365,-0.00338055
297.35636837,0.00050570
297.56650925,0.00214748
297.77666629,0.00023553
297.98683947,-0.00094905
298.19702881,0.00353988
298.40723429,0.00187732
298.61745592,0.00264625
298.82769369,0.00441273
299.03794760,0.00763396
299.24821765,-0.00165564
299.45850383,0.00416335
299.66880614,0.00191888
299.87912458,-0.00236223
300.08945914,-0.00030480
300.29980983,0.00372692
300.51017663,0.00245922
300.72055955,0.00817429
300.93095859,0.00304111
301.14137374,0.00075508
301.35180499,-0.00188424
301.56225235,0.00125385
301.77271582,-0.00346368
301.98319538,0.00942122
302.19369105,-0.00475217
302.40420280,0.00063039
302.61473065,0.00345676
302.82527459,0.00351910
303.03583461,-0.00146860
303.24641072,0.00123307
303.45700291,0.00310346
303.66761117,0.00169028
303.87823552,0.00622078
304.08887593,0.00114994
304.29953241,-0.00155173
304.51020496,-0.00240380
304.72089358,0.00557653
304.93159825,0.00345676
305.14231899,-0.00105296
305.35305578,0.00545184
305.56380862,0.00341519
305.77457752,0.00356067
305.98536246,0.00175262
306.19616344,0.00297877
306.40698047,0.00304111
306.61781354,0.00366458
306.82866264,0.00268782
307.03952778,0.00414257
307.25040895,0.00281251
307.46130614,0.00200201
307.67221937,0.00040179
307.88314861,0.00056804
308.09409387,0.00437117
308.30505515,0.00299955
308.51603245,0.00385162
308.72702576,0.00044335
308.93803507,-0.00126078
309.14906039,0.00185653
309.36010172,0.00173184
309.57115904,0.00503620
309.78223236,0.00341519
309.99332168,0.00245922
310.20442699,0.00420491
310.41554829,0.00208514
310.62668557,-0.00205050
310.83783884,0.00302033
311.04900809,-0.00329743
311.26019332,0.00044335
311.47139452,0.00104603
311.68261169,0.00439195
311.89384484,0.00549340
312.10509395,0.00308268
312.31635903,0.00250078
312.52764007,0.00254234
312.73893706,-0.00059575
312.95025002,-0.00038793
313.16157892,-0.00082436
313.37292378,0.00347754
313.58428458,0.00121229
313.79566133,-0.00009698
314.00705402,0.00426726
314.21846266,0.00162793
314.42988722,-0.00180112
314.64132772,0.00094212
314.85278416,-0.00188424
315.06425652,0.00983686
315.27574480,-0.00115687
315.48724901,0.00368536
315.69876914,0.00038101
315.91030518,0.00322815
316.12185715,-0.00001385
316.33342502,0.00250078
316.54500880,0.00291642
316.75660848,0.00395553
316.96822407,0.00285408
317.17985556,0.00096290
317.39150295,0.00079665
317.60316624,0.00169028
317.81484541,0.00121229
318.02654048,0.00316581
318.23825143,0.00414257
318.44997826,0.00071352
318.66172098,0.00204357
318.87347957,0.00642860
319.08525404,0.00345676
319.29704439,0.00297877
319.50885060,-0.00001385
319.72067268,0.00208514
319.93251063,0.00048492
320.14436443,0.00046413
320.35623410,0.00765474
320.56811962,0.00526480
320.78002100,-0.00069966
320.99193822,-0.00175955
321.20387130,-0.00182190
321.41582021,0.00002771
321.62778498,0.00622078
321.83976558,0.00451664
322.05176201,0.00439195
322.26377428,-0.00080357
322.47580239,0.00669876
322.68784632,0.00420491
322.89990607,0.00067195
323.11198165,-0.00051263
323.32407305,0.00316581
323.53618027,0.00241765
323.74830330,0.00079665
323.96044215,0.00268782
324.17259680,0.00613765
324.38476726,0.00576357
324.59695352,-0.00005542
324.80915558,0.00295799
325.02137344,0.00009006
325.23360710,0.00173184
325.44585655,0.00308268
325.65812178,0.00277095
325.87040281,-0.00134391
326.08269962,0.00345676
326.29501221,-0.00074123
326.50734058,0.00416335
326.71968472,0.00100447
326.93204464,0.00615843
327.14442032,0.00536871
327.35681178,0.00405944
327.56921900,-0.00067888
327.78164198,0.00202279
327.99408072,-0.00167642
328.20653522,0.00285408
328.41900547,-0.00132313
328.63149147,0.00316581
328.84399322,0.00090056
329.05651071,0.00275016
329.26904395,0.00183575
329.48159293,0.00318659
329.69415764,0.00038101
329.90673809,0.00272938
330.11933427,-0.00059575
330.33194617,0.00322815
330.54457381,0.00187732
330.75721716,-0.00221676
330.96987624,0.00235530
331.18255104,0.00123307
331.39524154,0.00888088
331.60794777,0.00245922
331.82066970,-0.00092827
332.03340733,0.00158637
332.24616067,0.00694815
332.45892971,0.00179419
332.67171445,0.00397631
332.88451489,0.00306190
333.09733102,0.00245922
333.31016283,0.00058883
333.52301034,-0.00015933
333.73587352,-0.00271553
333.94875239,-0.00198815
334.16164694,-0.00049184
334.37455717,-0.00500156
334.58748306,0.00414257
334.80042463,0.00366458
335.01338187,-0.00186346
335.22635477,0.00343597
335.43934333,0.00146167
335.65234755,0.00603374
335.86536743,0.00601295
336.07840296,0.00004849
336.29145415,0.00000693
336.50452098,0.00175262
336.71760345,0.00200201
336.93070157,0.00169028
337.14381533,0.00110838
337.35694473,0.00275016
337.57008976,0.00345676
337.78325042,-0.00020089
337.99642671,0.00173184
338.20961863,0.00175262
338.42282617,0.00266704
338.63604933,-0.00103218
338.84928810,-0.00059575
339.06254250,0.00316581
339.27581250,0.00119151
339.48909812,0.00320737
339.70239934,0.00493228
339.91571616,0.00189810
340.12904859,0.00142011
340.34239661,-0.00124000
340.55576023,0.00422569
340.76913945,0.00570122
340.98253425,0.00314502
341.19594464,0.00077587
341.40937061,0.00019397
341.62281217,0.00183575
341.83626930,0.00748848
342.04974201,0.00087978
342.26323030,-0.00005542
342.47673415,0.00277095
342.69025357,0.00757161
342.90378856,-0.00007620
343.11733911,0.00372692
343.33090522,0.00264625
343.54448688,0.00087978
343.75808410,-0.00020089
343.97169687,0.00063039
344.18532519,-0.00138547
344.39896906,0.00237609
344.61262847,-0.00155173
344.82630341,0.00410100
345.03999390,0.00353988
345.25369992,0.00484916
345.46742147,0.00944200
345.68115855,0.00408022
345.89491115,0.00250078
346.10867928,0.00021475
346.32246293,0.00318659
346.53626210,-0.00140626
346.75007679,-0.00078279
346.96390698,0.00293720
347.17775269,0.00356067
347.39161390,-0.00088670
347.60549061,0.00295799
347.81938283,0.00322815
348.03329055,0.00129542
348.24721376,0.00160715
348.46115246,0.00418413
348.67510665,0.00004849
348.88907634,0.00123307
349.10306150,-0.00096983
349.31706215,-0.00072045
349.53107828,0.00164871
349.74510988,0.00345676
349.95915696,0.00372692
350.17321950,0.00578435
350.38729752,0.00536871
350.60139100,0.00015240
350.81549994,0.00056804
351.02962435,-0.00175955
351.24376421,0.00395553
351.45791952,0.00054726
351.67209028,-0.00053341
351.88627650,0.00038101
352.10047816,0.00220983
352.31469526,0.00239687
352.52892780,0.00293720
352.74317578,0.00424648
352.95743919,0.00117072
353.17171804,0.00216827
353.38601232,0.00476603
353.60032202,0.00040179
353.81464714,0.00622078
354.02898769,-0.00184268
354.24334365,-0.00267396
354.45771503,-0.00148938
354.67210182,0.00414257
354.88650403,0.00462055
355.10092164,0.00505698
355.31535465,0.00021475
355.52980306,0.00933809
355.74426687,0.00318659
355.95874608,0.00162793
356.17324069,0.00241765
356.38775068,0.00033944
356.60227606,0.00152402
356.81681682,-0.00317273
357.03137297,-0.00190503
357.24594449,0.00187732
357.46053139,0.00557653
357.67513367,0.00682346
357.88975132,0.00106681
358.10438433,0.00019397
358.31903271,0.00135776
358.53369645,0.00146167
358.74837556,-0.00225832
358.96307002,0.00378927
359.17777983,-0.00346368
359.39250499,0.00156558
359.60724551,0.00220983
359.82200137,0.00260469
360.03677257,-0.00042950
360.25155911,-0.00146860
360.46636100,0.00100447
360.68117821,-0.00292335
360.89601076,-0.00346368
361.11085864,0.00520245
361.32572184,-0.00358838
361.54060037,0.00227218
361.75549422,0.00393474
361.97040338,0.00541027
362.18532786,0.00403865
362.40026766,0.00131620
362.61522276,0.00285408
362.83019318,0.00644938
363.04517889,0.00048492
363.26017991,0.00106681
363.47519623,-0.00103218
363.69022784,0.00520245
363.90527474,-0.00032559
364.12033694,0.00538949
364.33541442,-0.00103218
364.55050719,-0.00148938
364.76561524,-0.00092827
364.98073857,0.00121229
365.19587718,-0.00142704
365.41103106,0.00177341
365.62620021,-0.00173877
365.84138463,0.00117072
366.05658432,0.00229296
366.27179927,0.00497385
366.48702948,0.00021475
366.70227494,0.00144089
366.91753566,0.00129542
367.13281163,0.00139933
367.34810285,-0.00244536
367.56340932,0.00214748
367.77873103,0.00287486
367.99406798,0.00181497
368.20942017,-0.00333899
368.42478759,0.00227218
368.64017025,0.00004849
368.85556813,0.00578435
369.07098125,0.00044335
369.28640958,0.00129542
369.50185314,-0.00063732
369.71731191,0.00320737
369.93278590,-0.00369229
370.14827511,0.00277095
370.36377952,-0.00229989
370.57929914,0.00160715
370.79483397,0.00622078
371.01038400,0.00287486
371.22594922,-0.00011777
371.44152965,0.00096290
371.65712526,0.00258391
371.87273607,-0.00229989
372.08836206,0.00376849
372.30400324,0.00455821
372.51965960,-0.00134391
372.73533114,0.00514011
372.95101786,-0.00051263
373.16671976,0.00534793
373.38243682,0.00196044
373.59816905,0.00272938
373.81391645,-0.00207128
374.02967901,0.00216827
374.24545673,0.00214748
374.46124961,-0.00151017
374.67705764,0.00272938
374.89288082,0.00071352
375.10871916,0.00119151
375.32457264,0.00083821
375.54044126,0.00071352
375.75632503,0.00595061
375.97222393,0.00094212
376.18813797,-0.00213363
376.40406713,-0.00036715
376.62001143,0.00191888
376.83597086,-0.00217519
377.05194541,0.00025631
377.26793508,0.00191888
377.48393987,0.00329050
377.69995978,0.00424648
377.91599480,-0.00103218
378.13204493,0.00029788
378.34811016,0.00358145
378.56419050,0.00493228
378.78028595,0.00374771
378.99639649,0.00029788
379.21252213,-0.00144782
379.42866286,0.00160715
379.64481868,-0.00030480
379.86098960,0.00514011
380.07717559,0.00208514
380.29337667,0.00100447
380.50959283,-0.00103218
380.72582407,0.00341519
380.94207038,0.00333206
381.15833176,0.00085899
381.37460821,0.00069274
381.59089972,0.00079665
381.80720630,0.00420491
382.02352794,0.00164871
382.23986464,0.00256313
382.45621639,0.00293720
382.67258319,0.00102525
382.88896505,0.00063039
383.10536195,0.00291642
383.32177389,0.00129542
383.53820087,0.00175262
383.75464289,0.00060961
383.97109995,0.00225139
384.18757204,-0.00105296
384.40405916,0.00187732
384.62056131,-0.00473139
384.83707848,0.00179419
385.05361067,0.00239687
385.27015788,0.00252156
385.48672011,0.00588826
385.70329735,0.00592983
385.91988960,0.00297877
386.13649686,-0.00090749
386.35311912,0.00233452
386.56975639,0.00268782
386.78640865,0.00069274
387.00307592,-0.00072045
387.21975817,-0.00088670
387.43645542,0.00098369
387.65316765,0.00235530
387.86989487,0.00156558
388.08663707,0.00254234
388.30339426,-0.00159329
388.52016641,0.00395553
388.73695355,0.00418413
388.95375565,0.00503620
389.17057273,0.00146167
389.38740477,0.00680267
389.60425177,0.00418413
389.82111374,-0.00358838
390.03799066,0.00528558
390.25488253,0.00071352
390.47178936,0.00169028
390.68871114,0.00410100
390.90564787,0.00060961
391.12259954,0.00127464
391.33956614,-0.00074123
391.55654769,-0.00020089
391.77354418,0.00260469
391.99055559,0.00063039
392.20758194,0.00085899
392.42462321,0.00480759
392.64167941,0.00256313
392.85875053,0.00372692
393.07583657,-0.00119843
393.29293752,0.00333206
393.51005339,0.00528558
393.72718417,0.00503620
393.94432986,0.00310346
394.16149045,0.00169028
394.37866594,0.00063039
394.59585634,0.00376849
394.81306163,0.00308268
395.03028181,0.00565966
395.24751689,0.00923418
395.46476685,0.00073430
395.68203170,0.00457899
395.89931143,0.00570122
396.11660604,0.00435039
396.33391553,0.00528558
396.55123990,0.00117072
396.76857913,0.00503620
396.98593324,0.00534793
397.20330221,-0.00306882
397.42068604,0.00260469
397.63808474,-0.00121922
397.85549829,0.00570122
398.07292670,0.00470368
398.29036996,0.00503620
398.50782807,0.00580513
398.72530103,0.00663642
398.94278883,0.00337363
399.16029147,0.00647016
399.37780895,0.00150324
399.59534127,0.00813273
399.81288841,0.00592983
400.03045039,0.00599217
400.24802720,0.00940044
400.46561883,0.00310346
400.68322529,0.00073430
400.90084656,0.00142011
401.11848265,0.00451664
401.33613355,0.00223061
401.55379926,0.00200201
401.77147978,0.00750927
401.98917511,0.00742614
402.20688524,0.00148246
402.42461017,0.00326972
402.64234989,0.00501541
402.86010441,-0.00007620
403.07787372,0.00536871
403.29565782,0.00518167
403.51345670,0.00360223
403.73127037,0.00551418
403.94909882,0.00245922
404.16694205,0.00773787
404.38480005,0.00472446
404.60267282,0.00216827
404.82056036,0.00220983
405.03846267,0.00906792
405.25637974,0.01012781
405.47431157,0.00559731
405.69225816,0.00256313
405.91021951,0.00609608
406.12819561,0.00148246
406.34618645,0.00133698
406.56419205,0.00586748
406.78221239,0.00339441
407.00024747,0.00929653
407.21829729,-0.00032559
407.43636184,0.00798725
407.65444113,0.00728066
407.87253515,0.00717675
408.09064390,0.00574279
408.30876737,0.00426726
408.52690556,0.00725988
408.74505847,0.00447508
408.96322610,0.00757161
409.18140844,0.00451664
409.39960550,0.00428804
409.61781726,0.00688580
409.83604372,0.00528558
410.05428489,0.00971217
410.27254076,0.00248000
410.49081133,0.00883932
410.70909659,0.00794569
410.92739654,0.00509854
411.14571118,0.00910949
411.36404051,0.00705206
411.58238452,0.00921340
411.80074321,0.00734301
412.01911658,0.00738457
412.23750462,0.00738457
412.45590734,0.00418413
412.67432472,0.00730144
412.89275677,0.00703128
413.11120349,0.00555575
413.32966486,0.00356067
413.54814090,0.00597139
413.76663159,0.00711441
413.98513693,0.00395553
414.20365692,0.00202279
414.42219156,0.00676111
414.64074084,0.00250078
414.85930477,0.00574279
415.07788333,0.00179419
415.29647653,0.00580513
415.51508437,0.00353988
415.73370683,0.00304111
415.95234392,0.00476603
416.17099564,0.00665720
416.38966198,0.00509854
416.60834294,0.00499463
416.82703851,0.00750927
417.04574870,0.00031866
417.26447350,0.00576357
417.48321291,0.00634547
417.70196692,0.00169028
417.92073554,0.00784178
418.13951875,0.00753005
418.35831657,0.00071352
418.57712898,0.00179419
418.79595598,0.00881854
419.01479757,0.01135395
419.23365374,0.00676111
419.45252450,0.00287486
419.67140984,0.00935887
419.89030975,0.00886010
420.10922425,0.01268401
420.32815331,0.00462055
420.54709694,0.00813273
420.76605514,0.00644938
420.98502791,0.00516089
421.20401523,0.00100447
421.42301712,0.00549340
421.64203356,0.00996155
421.86106455,0.00495307
422.08011009,0.00480759
422.29917018,0.00723910
422.51824482,0.00547262
422.73733399,0.00385162
422.95643771,0.00746770
423.17555596,0.00532714
423.39468875,0.00520245
423.61383606,0.00615843
423.83299790,0.00530636
424.05217427,0.00728066
424.27136516,0.00565966
424.49057057,0.00595061
424.70979050,0.00603374
424.92902494,0.00638703
425.14827390,0.00609608
425.36753736,0.00586748
425.58681532,0.01156177
425.80610779,0.00528558
426.02541476,0.01054345
426.24473623,0.00424648
426.46407219,0.00777943
426.68342265,0.00272938
426.90278759,0.00713519
427.12216702,0.00686502
427.34156093,0.00680267
427.56096933,0.00994077
427.78039220,0.01077206
427.99982955,0.00628312
428.21928137,0.00541027
428.43874766,0.00262547
428.65822841,0.00609608
428.87772363,0.00996155
429.09723331,0.00476603
429.31675745,0.00142011
429.53629605,0.00555575
429.75584910,0.00547262
429.97541660,0.00863150
430.19499854,0.00279173
430.41459494,0.01025250
430.63420577,0.00746770
430.85383104,0.00802882
431.07347075,0.00694815
431.29312489,0.01081362
431.51279347,0.00750927
431.73247647,0.00447508
431.95217390,0.00734301
432.17188574,0.00987842
432.39161201,0.00470368
432.61135270,0.00603374
432.83110780,0.00987842
433.05087731,0.01195663
433.27066123,0.00592983
433.49045956,0.00701049
433.71027229,0.00543106
433.93009942,0.00935887
434.14994095,0.00607530
434.36979687,0.00680267
434.58966718,0.00780021
434.80955189,0.00715597
435.02945098,0.00838211
435.24936445,0.01540646
435.46929230,0.00935887
435.68923454,0.00817429
435.90919115,0.01208133
436.12916213,0.01035641
436.34914748,0.00996155
436.56914720,0.00967060
436.78916128,0.00840290
437.00918972,0.00698971
437.22923252,0.00740535
437.44928968,0.00977451
437.66936119,0.01064736
437.88944706,0.01070971
438.10954727,0.01002390
438.32966182,0.01332825
438.54979072,0.00954591
438.76993395,0.01671574
438.99009153,0.01374390
439.21026343,0.01388937
439.43044967,0.01546881
439.65065024,0.01721451
439.87086513,0.00948356
440.09109434,0.01070971
440.31133788,0.00898479
440.53159573,0.01625853
440.75186789,0.00921340
440.97215437,0.01133317
441.19245516,0.01278792
441.41277025,0.01243462
441.63309964,0.01339060
441.85344334,0.01405563
442.07380133,0.01174881
442.29417362,0.01378546
442.51456020,0.01189429
442.73496107,0.01397250
442.95537623,0.01438814
443.17580567,0.01347373
443.39624939,0.01578054
443.61670739,0.01154099
443.83717967,0.01461674
444.05766622,0.01528177
444.27816704,0.01906411
444.49868212,0.00971217
444.71921147,0.01166569
444.93975509,0.01559350
445.16031296,0.01476222
445.38088508,0.01530255
445.60147147,0.01663261
445.82207210,0.01212289
446.04268698,0.01742233
446.26331610,0.01910568
446.48395947,0.01027328
446.70461707,0.01241384
446.92528892,0.01176960
447.14597499,0.01351529
447.36667530,0.00815351
447.58738984,0.02008244
447.80811860,0.01179038
448.02886158,0.01185272
448.24961879,0.01278792
448.47039021,0.01482456
448.69117585,0.02095528
448.91197570,0.01619618
449.13278975,0.00763396
449.35361802,0.01239306
449.57446049,0.01370233
449.79531715,0.00676111
450.01618802,0.00998234
450.23707308,0.01050189
450.45797234,0.01700668
450.67888578,0.01183194
450.89981341,0.01023172
451.12075522,0.01555194
451.34171122,0.01677808
451.56268139,0.01852378
451.78366574,0.01754702
452.00466426,0.01619618
452.22567696,0.01179038
452.44670382,0.01251775
452.66774484,0.00923418
452.88880003,0.01893942
453.10986938,0.01388937
453.33095288,0.01551037
453.55205053,0.01380624
453.77316234,0.00896401
453.99428830,0.01442970
454.21542840,0.01203976
454.43658264,0.01436736
454.65775102,0.01368155
454.87893354,0.01563507
455.10013019,0.01409719
455.32134098,0.01931350
455.54256589,0.01800423
455.76380493,0.01353607
455.98505809,0.01463753
456.20632537,0.01650791
456.42760677,0.01688199
456.64890229,0.01285026
456.87021191,0.01844065
457.09153565,0.01388937
457.31287349,0.01482456
457.53422544,0.02149562
457.75559149,0.01810814
457.97697163,0.01499082
458.19836587,0.01825361
458.41977420,0.01740154
458.64119663,0.02037339
458.86263313,0.01436736
459.08408373,0.02141249
459.30554840,0.01991618
459.52702716,0.02504936
459.74851999,0.01332825
459.97002689,0.02573517
460.19154786,0.01950054
460.41308290,0.02078903
460.63463201,0.01573898
460.85619518,0.01617540
461.07777241,0.01889786
461.29936369,0.01987461
461.52096903,0.02211908
461.74258841,0.02311662
461.96422185,0.02205674
462.18586933,0.02051886
462.40753086,0.02623394
462.62920642,0.02307506
462.85089602,0.02064355
463.07259966,0.01989540
463.29431733,0.01625853
463.51604902,0.01879395
463.73779475,0.01665339
463.95955449,0.02207752
464.18132826,0.02596377
464.40311604,0.02035260
464.62491784,0.02268020
464.84673365,0.02241003
465.06856347,0.02388556
465.29040730,0.02143327
465.51226513,0.01933428
465.73413696,0.01904333
465.95602279,0.02290880
466.17792261,0.02334523
466.39983643,0.03036958
466.62176424,0.02440511
466.84370603,0.02953829
467.06566181,0.02623394
467.28763157,0.02804198
467.50961531,0.02430120
467.73161303,0.02455059
467.95362472,0.02355305
468.17565038,0.02615081
468.39769001,0.02097607
468.61974360,0.02105919
468.84181116,0.02519483
469.06389267,0.03057740
469.28598814,0.02698209
469.50809757,0.03095147
469.73022094,0.03182432
469.95235827,0.02546500
470.17450954,0.02521561
470.39667475,0.02209830
470.61885390,0.02652489
470.84104699,0.02648332
471.06325402,0.03300890
471.28547498,0.02305428
471.50770986,0.02629628
471.72995867,0.02469606
471.95222141,0.02199439
472.17449806,0.02062277
472.39678864,0.01883551
472.61909313,0.02353226
472.84141153,0.01954210
473.06374384,0.02650410
473.28609005,0.02667036
473.50845017,0.02213986
473.73082420,0.02540265
473.95321212,0.02340757
474.17561393,0.02793807
474.39802964,0.02467528
474.62045924,0.02484154
474.84290273,0.02159953
475.06536010,0.02600533
475.28783136,0.02484154
475.51031649,0.02679505
475.73281550,0.01960445
475.95532838,0.01923037
476.17785513,0.02110076
476.40039575,0.02357383
476.62295024,0.02288802
476.84551859,0.02573517
477.06810080,0.02550656
477.29069686,0.02538187
477.51330678,0.02455059
477.73593055,0.02689896
477.95856817,0.02590142
478.18121963,0.02733539
478.40388494,0.02529874
478.62656409,0.03018254
478.84925707,0.02403103
479.07196389,0.02525718
479.29468455,0.02482075
479.51741903,0.02945516
479.74016733,0.02184891
479.96292946,0.02415573
480.18570542,0.02590142
480.40849519,0.02218143
480.63129877,0.02667036
480.85411617,0.02413495
481.07694738,0.02442589
481.29979239,0.02567282
481.52265121,0.02538187
481.74552383,0.02411416
481.96841025,0.02272176
482.19131046,0.02594299
482.41422447,0.02024869
482.63715227,0.02384400
482.86009385,0.02319975
483.08304922,0.02120467
483.30601837,0.01989540
483.52900130,0.02581830
483.75199801,0.02251394
483.97500849,0.02423886
484.19803274,0.02170344
484.42107076,0.02261785
484.64412255,0.02706522
484.86718810,0.02363617
485.09026741,0.01659104
485.31336047,0.01873160
485.53646729,0.02139171
485.75958786,0.01850300
485.98272218,0.01995774
486.20587024,0.01708981
486.42903205,0.01866925
486.65220760,0.01964601
486.87539689,0.02550656
487.09859991,0.02180735
487.32181666,0.02128780
487.54504715,0.02739773
487.76829136,0.02315819
487.99154929,0.02866544
488.21482094,0.02484154
488.43810631,0.02561047
488.66140540,0.03120086
488.88471820,0.02773025
489.10804471,0.03012019
489.33138493,0.03194901
489.55473885,0.03182432
489.77810647,0.03049427
490.00148780,0.03313359
490.22488281,0.03448443
490.44829153,0.03760175
490.67171393,0.03263482
490.89515002,0.03774722
491.11859979,0.03828755
491.34206325,0.03714454
491.56554038,0.03500398
491.78903120,0.03677046
492.01253568,0.03375706
492.23605384,0.03978387
492.45958567,0.03876554
492.68313116,0.03785113
492.90669031,0.03566901
493.13026312,0.02887326
493.35384960,0.02951751
493.57744972,0.02777181
493.80106350,0.02764712
494.02469092,0.03192823
494.24833200,0.03041114
494.47198671,0.03419348
494.69565507,0.02615081
494.91933706,0.03608465
495.14303269,0.03109695
495.36674195,0.02980846
495.59046484,0.03122164
495.81420136,0.03140868
496.03795150,0.03053583
496.26171526,0.03020332
496.48549264,0.03267639
496.70928364,0.03367393
496.93308825,0.03163728
497.15690647,0.03620935
497.38073830,0.03429739
497.60458373,0.03718610
497.82844276,0.04527034
498.05231539,0.03593918
498.27620162,0.03841225
498.50010144,0.03627169
498.72401485,0.03747705
498.94794185,0.04418967
499.17188244,0.03766409
499.39583661,0.03943057
499.61980435,0.03791348
499.84378568,0.04182051
500.06778058,0.04150878
500.29178904,0.04186208
500.51581108,0.03662499
500.73984668,0.04157113
500.96389585,0.04298431
501.18795858,0.03905649
501.41203486,0.04319213
501.63612470,0.03791348
501.86022809,0.04285962
502.08434503,0.04346230
502.30847551,0.04402341
502.53261954,0.04223615
502.75677711,0.04128018
502.98094822,0.04327526
503.20513286,0.04186208
503.42933104,0.04130096
503.65354274,0.04024107
503.87776797,0.03573136
504.10200673,0.03502477
504.32625901,0.03980465
504.55052480,0.03585605
504.77480411,0.03371549
504.99909694,0.03039036
505.22340327,0.03467147
505.44772312,0.03284264
505.67205646,0.03070209
505.89640331,0.03053583
506.12076366,0.02827058
506.34513750,0.02687818
506.56952484,0.02675349
506.79392567,0.02656645
507.01833999,0.02939282
507.24276779,0.02895639
507.46720907,0.02804198
507.69166384,0.02858231
507.91613208,0.02675349
508.14061380,0.03132555
508.36510898,0.02752243
508.58961764,0.03371549
508.81413976,0.03357002
509.03867534,0.03452599
509.26322439,0.03199058
509.48778689,0.03219840
509.71236285,0.03749784
509.93695226,0.03400644
510.16155512,0.03837068
510.38617142,0.03510789
510.61080117,0.03487929
510.83544436,0.03585605
511.06010099,0.03589761
511.28477105,0.04327526
511.50945454,0.04123861
511.73415147,0.04136331
511.95886182,0.03745627
512.18358560,0.03517024
512.40832280,0.02802120
512.63307341,0.03479616
512.85783745,0.03496242
513.08261489,0.02960064
513.30740575,0.03483773
513.53221001,0.03244778
513.75702768,0.03504555
513.98185875,0.03047349
514.20670322,0.03030723
514.43156109,0.03259326
514.65643235,0.03130477
514.88131700,0.02928891
515.10621504,0.03918119
515.33112647,0.03365315
515.55605128,0.03365315
515.78098946,0.03481694
516.00594103,0.03199058
516.23090597,0.03221918
516.45588428,0.03666655
516.68087596,0.02773025
516.90588100,0.03230231
517.13089941,0.02563126
517.35593118,0.02818745
517.58097631,0.02856153
517.80603479,0.02702366
518.03110663,0.02340757
518.25619181,0.02947594
518.48129034,0.02398947
518.70640222,0.02721070
518.93152743,0.02748086
519.15666598,0.02677427
519.38181787,0.02712757
519.60698310,0.02839528
519.83216165,0.02592221
520.05735353,0.02184891
520.28255873,0.02272176
520.50777726,0.02039417
520.73300910,0.02228534
520.95825426,0.02436355
521.18351273,0.02698209
521.40878452,0.02558969
521.63406961,0.02334523
521.85936801,0.02390634
522.08467971,0.02151640
522.31000471,0.02085137
522.53534300,0.02471684
522.76069459,0.02789651
522.98605947,0.02841606
523.21143764,0.03053583
523.43682910,0.03122164
523.66223383,0.03161650
523.88765185,0.03043192
524.11308315,0.03238544
524.33852772,0.03585605
524.56398556,0.03113851
524.78945667,0.03514946
525.01494104,0.03402722
525.24043868,0.03392331
525.46594959,0.03668733
525.69147374,0.04269336
525.91701116,0.03745627
526.14256182,0.03361158
526.36812574,0.03400644
526.59370290,0.03396488
526.81929331,0.03012019
527.04489696,0.03527415
527.27051384,0.03246857
527.49614396,0.03005784
527.72178732,0.02893561
527.94744390,0.03001628
528.17311372,0.02891483
528.39879675,0.03354924
528.62449301,0.02972533
528.85020249,0.03803817
529.07592518,0.03238544
529.30166109,0.03512868
529.52741021,0.03845381
529.75317254,0.04119705
529.97894807,0.03244778
530.20473680,0.04258945
530.43053874,0.04175817
530.65635387,0.05102698
530.88218219,0.04356621
531.10802371,0.04909425
531.33387841,0.04938520
531.55974630,0.05181670
531.78562738,0.05198296
532.01152163,0.05576530
532.23742906,0.05042430
532.46334967,0.05252329
532.68928344,0.05177514
532.91523039,0.05090229
533.14119051,0.05138028
533.36716378,0.04959302
533.59315022,0.04992553
533.81914982,0.05154653
534.04516257,0.05537044
534.27118847,0.05096464
534.49722752,0.05212843
534.72327973,0.05246095
534.94934507,0.05256486
535.17542356,0.06058675
535.40151518,0.05915278
535.62761994,0.05165045
535.85373784,0.05325067
536.07986886,0.06118943
536.30601301,0.05595234
536.53217029,0.05472620
536.75834069,0.04915659
536.98452420,0.05185827
537.21072084,0.05252329
537.43693059,0.05526653
537.66315345,0.05069447
537.88938941,0.05067369
538.11563848,0.05310519
538.34190066,0.05601469
538.56817593,0.05345849
538.79446431,0.05347927
539.02076577,0.05410273
539.24708033,0.06008798
539.47340798,0.06249870
539.69974871,0.05771882
539.92610252,0.05726161
540.15246942,0.05609781
540.37884939,0.05516262
540.60524244,0.06416127
540.83164856,0.05383257
541.05806775,0.05931904
541.28450001,0.05871636
541.51094533,0.06673825
541.73740371,0.06576149
541.96387515,0.06538741
542.19035965,0.06035814
542.41685719,0.07168439
542.64336779,0.07076998
542.86989144,0.07386651
543.09642813,0.06237401
543.32297786,0.06628104
543.54954063,0.05994250
543.77611643,0.07060372
544.00270527,0.06073222
544.22930714,0.06998026
544.45592204,0.06376641
544.68254996,0.06297669
544.90919091,0.05946451
545.13584487,0.06601088
545.36251185,0.06037893
545.58919184,0.05929826
545.81588485,0.06066988
546.04259086,0.06229088
546.26930988,0.06287278
546.49604191,0.06719546
546.72278693,0.06100239
546.94954495,0.06193758
547.17631596,0.06547054
547.40309997,0.06821378
547.62989696,0.06628104
547.85670694,0.07185065
548.08352991,0.08222091
548.31036585,0.07002182
548.53721477,0.07471858
548.76407667,0.07974784
548.99095154,0.07394964
549.21783938,0.07257802
549.44474018,0.07690070
549.67165395,0.08059991
549.89858069,0.07787745
550.12552038,0.07746181
550.35247302,0.07056216
550.57943862,0.07266115
550.80641717,0.07403277
551.03340866,0.07326383
551.26041310,0.07895812
551.48743048,0.07991410
551.71446081,0.08215857
551.94150406,0.08841398
552.16856025,0.08806068
552.39562937,0.09200928
552.62271142,0.08596169
552.84980640,0.08567074
553.07691429,0.08860102
553.30403511,0.08720862
553.53116884,0.08862180
553.75831549,0.08872571
553.98547505,0.09219632
554.21264752,0.09248727
554.43983289,0.09520973
554.66703116,0.09907520
554.89424234,0.10339787
555.12146641,0.10672301
555.34870338,0.10346022
555.57595324,0.11071317
555.80321599,0.11376814
556.03049162,0.10875966
556.25778014,0.10258737
556.48508154,0.11239652
556.71239582,0.11532680
556.93972297,0.11046379
557.16706300,0.10819854
557.39441589,0.10844792
557.62178165,0.11748814
557.84916028,0.10780368
558.07655177,0.11156524
558.30395611,0.11530602
558.53137331,0.11786221
558.75880337,0.11809082
558.98624627,0.11848568
559.21370202,0.11459943
559.44117062,0.11073395
559.66865206,0.11595026
559.89614634,0.11817395
560.12365345,0.11584635
560.35117340,0.12145752
560.57870618,0.11971182
560.80625179,0.11329015
561.03381022,0.11536836
561.26138148,0.12122891
561.48896555,0.11834020
561.71656244,0.11703093
561.94417215,0.11750892
562.17179467,0.11580479
562.39942999,0.11191853
562.62707812,0.11451630
562.85473906,0.12559316
563.08241279,0.12806623
563.31009933,0.12060545
563.53779866,0.13417616
563.76551078,0.12677774
563.99323568,0.12794153
564.22097338,0.12812857
564.44872386,0.12463718
564.67648712,0.12091718
564.90426316,0.12137439
565.13205197,0.11711406
565.35985356,0.11717641
565.58766792,0.11881819
565.81549504,0.11659451
566.04333493,0.12183160
566.27118758,0.10992345
566.49905298,0.11133664
566.72693115,0.11077552
566.95482207,0.11212636
567.18272573,0.10840636
567.41064215,0.11285373
567.63857131,0.11150289
567.86651321,0.10890513
568.09446785,0.10387586
568.32243523,0.11040144
568.55041534,0.11006893
568.77840819,0.11447473
569.00641376,0.11241730
569.23443206,0.11314468
569.46246308,0.11391362
569.69050682,0.11401753
569.91856327,0.11615808
570.14663244,0.11565931
570.37471433,0.11102490
570.60280892,0.11297842
570.83091622,0.11112881
571.05903622,0.11227183
571.28716892,0.11553462
571.51531432,0.11861037
571.74347241,0.11921305
571.97164320,0.10801150
572.19982667,0.11127429
572.42802284,0.10769977
572.65623168,0.10984032
572.88445321,0.11399674
573.11268742,0.09836861
573.34093430,0.10019743
573.56919385,0.10464480
573.79746608,0.10391743
574.02575097,0.10994423
574.25404853,0.10830245
574.48235874,0.10913373
574.71068162,0.11235496
574.93901715,0.10422916
575.16736534,0.11351876
575.39572618,0.11349797
575.62409966,0.11906758
575.85248579,0.11603339
576.08088456,0.11663607
576.30929597,0.11883897
576.53772002,0.11782065
576.76615671,0.12351495
576.99460602,0.12496969
577.22306796,0.11873506
577.45154253,0.12621662
577.68002972,0.12187316
577.90852953,0.11757127
578.13704196,0.11969104
578.36556700,0.12110422
578.59410465,0.12594645
578.82265492,0.12395137
579.05121779,0.12141595
579.27979326,0.12359807
579.50838133,0.11644903
579.73698201,0.11497350
579.96559527,0.11503585
580.19422113,0.11713484
580.42285958,0.11443317
580.65151062,0.11117038
580.88017424,0.10898826
581.10885044,0.10487340
581.33753922,0.10655675
581.56624057,0.09959475
581.79495450,0.10194313
582.02368100,0.09971944
582.25242007,0.09865955
582.48117170,0.10256659
582.70993589,0.10782446
582.93871264,0.10815697
583.16750195,0.10622424
583.39630381,0.10427072
583.62511822,0.10331474
583.85394518,0.10516435
584.08278469,0.10564234
584.31163674,0.10695161
584.54050133,0.10395899
584.76937845,0.10834401
584.99826811,0.11218870
585.22717030,0.11580479
585.45608502,0.11123272
585.68501226,0.12151986
585.91395203,0.12208098
586.14290432,0.12821170
586.37186912,0.12974958
586.60084644,0.13554778
586.82983628,0.13868588
587.05883862,0.14182398
587.28785347,0.14997056
587.51688082,0.15258910
587.74592067,0.14544006
587.97497302,0.14068096
588.20403787,0.13662845
588.43311520,0.13822867
588.66220503,0.14458799
588.89130735,0.14024454
589.12042215,0.14666620
589.34954943,0.15635066
589.57868919,0.14689481
589.80784142,0.15701569
590.03700613,0.14758062
590.26618331,0.15279692
590.49537296,0.14916006
590.72457507,0.14300856
590.95378964,0.14886911
591.18301667,0.15078106
591.41225616,0.14631291
591.64150811,0.14284230
591.87077250,0.15206955
592.10004934,0.15294240
592.32933863,0.14760140
592.55864036,0.14614665
592.78795453,0.14020297
593.01728114,0.14348654
593.24662018,0.13827024
593.47597165,0.14080565
593.70533555,0.14020297
593.93471188,0.14602196
594.16410063,0.14791313
594.39350180,0.15225659
594.62291539,0.14924319
594.85234140,0.15038620
595.08177981,0.15046933
595.31123064,0.14988743
595.54069387,0.14911849
595.77016951,0.15774306
595.99965755,0.15614284
596.22915798,0.15874060
596.45867081,0.15589346
596.68819604,0.16150462
596.91773365,0.15427245
597.14728365,0.15179938
597.37684603,0.14899380
597.60642080,0.15354508
597.83600795,0.16796786
598.06560747,0.16680406
598.29521936,0.16289702
598.52484363,0.17002528
598.75448026,0.17272696
598.98412926,0.17243601
599.21379062,0.17810952
599.44346434,0.18559108
599.67315042,0.18773163
599.90284885,0.19488068
600.13255963,0.20323508
600.36228276,0.20666413
600.59201824,0.20664334
600.82176606,0.20859686
601.05152622,0.21084133
601.28129871,0.21462367
601.51108354,0.22680198
601.74088070,0.22611617
601.97069019,0.22910879
602.20051201,0.22923349
602.43034615,0.23602923
602.66019261,0.23960375
602.89005139,0.24126632
603.11992249,0.23656957
603.34980589,0.24802051
603.57970161,0.25176128
603.80960963,0.25589692
604.03952996,0.25774653
604.26946259,0.27699075
604.49940751,0.28222784
604.72936474,0.28357868
604.95933425,0.28301756
605.18931606,0.28559454
605.41931015,0.27746874
605.64931653,0.27322919
605.87933519,0.26938450
606.10936612,0.28164594
606.33940934,0.27983790
606.56946483,0.28798448
606.79953259,0.28916906
607.02961261,0.30226179
607.25970490,0.30764435
607.48980946,0.31433619
607.71992627,0.30768591
607.95005534,0.32300232
608.18019667,0.31635205
608.41035024,0.30911988
608.64051607,0.30774826
608.87069414,0.31724568
609.10088445,0.31529216
609.33108700,0.33156455
609.56130179,0.33031762
609.79152882,0.33686398
610.02176808,0.33788230
610.25201956,0.34365973
610.48228328,0.35101659
610.71255921,0.33954487
610.94284737,0.34181012
611.17314775,0.34056319
611.40346034,0.33960722
611.63378514,0.34230889
611.86412215,0.33233348
612.09447137,0.32807315
612.32483280,0.32680544
612.55520642,0.30718714
612.78559225,0.29272280
613.01599027,0.26090541
613.24640048,0.25176128
613.47682288,0.23686052
613.70725747,0.23380555
613.93770425,0.21774099
614.16816321,0.21900869
614.39863434,0.20710055
614.62911766,0.21250390
614.85961314,0.20662256
615.09012080,0.21630702
615.32064063,0.21530948
615.55117262,0.21934121
615.78171677,0.21975685
616.01227308,0.22183506
616.24284156,0.22707215
616.47342218,0.22166880
616.70401496,0.22863081
616.93461988,0.22622008
617.16523695,0.22948287
617.39586617,0.22453673
617.62650752,0.21842680
617.85716101,0.21082055
618.08782664,0.20146860
618.31850440,0.18899934
618.54919429,0.18010460
618.77989630,0.17534550
619.01061044,0.16395691
619.24133670,0.16331267
619.47207508,0.16354127
619.70282557,0.15556094
619.93358818,0.16354127
620.16436289,0.15175782
620.39514972,0.15805480
620.62594864,0.14716498
620.85675967,0.14647917
621.08758280,0.14049392
621.31841802,0.13538152
621.54926534,0.12875203
621.78012475,0.12451249
622.01099624,0.12268366
622.24187982,0.12303696
622.47277549,0.11958713
622.70368323,0.12154065
622.93460305,0.11216792
623.16553494,0.11295764
623.39647890,0.11135742
623.62743493,0.11420457
623.85840303,0.11424613
624.08938319,0.11572166
624.32037541,0.11765439
624.55137968,0.11777909
624.78239602,0.10944546
625.01342440,0.10859340
625.24446483,0.10429150
625.47551731,0.10030134
625.70658183,0.09726715
625.93765839,0.09697620
626.16874699,0.09732950
626.39984763,0.09022202
626.63096029,0.10181843
626.86208499,0.09901285
627.09322171,0.10134045
627.32437046,0.10686848
627.55553123,0.11110803
627.78670401,0.11630356
628.01788882,0.12133283
628.24908563,0.13103807
628.48029446,0.12578019
628.71151529,0.12823248
628.94274813,0.13415538
629.17399296,0.13966264
629.40524980,0.13664923
629.63651863,0.13797929
629.86779946,0.14036923
630.09909228,0.14571023
630.33039709,0.15551938
630.56171388,0.17069031
630.79304265,0.17347511
631.02438340,0.18212047
631.25573613,0.19076582
631.48710084,0.19303107
631.71847751,0.19176336
631.94986615,0.20180112
632.18126676,0.19920335
632.41267933,0.21073742
632.64410387,0.20587441
632.87554035,0.22004780
633.10698880,0.23270410
633.33844919,0.23974923
633.56992154,0.23970767
633.80140583,0.24635794
634.03290207,0.23447058
634.26441024,0.22281182
634.49593035,0.22651103
634.72746240,0.22653181
634.95900638,0.23129091
635.19056229,0.24353157
635.42213013,0.24833224
635.65370989,0.25265491
635.88530158,0.24926743
636.11690518,0.25049357
636.34852069,0.25334072
636.58014812,0.26651657
636.81178746,0.28842091
637.04343871,0.30735340
637.27510187,0.31051228
637.50677692,0.32674310
637.73846387,0.32125662
637.97016272,0.31774445
638.20187347,0.33013058
638.43359610,0.32366735
638.66533062,0.33553393
638.89707703,0.33135672
639.12883532,0.32601573
639.36060549,0.33351806
639.59238754,0.32403469
639.82418146,0.34145310
640.05598725,0.33558431
640.28780491,0.33853310
640.51963444,0.33346903
640.75147583,0.30878289
640.98332908,0.30694259
641.21519419,0.30359346
641.44707115,0.30584729
641.67895997,0.30406596
641.91086063,0.29977245
642.14277314,0.28816084
642.37469750,0.28558824
642.60663369,0.29455645
642.83858172,0.29888778
643.07054159,0.30144484
643.30251329,0.30863893
643.53449683,0.31345199
643.76649218,0.29882829
643.99849937,0.29303419
644.23051837,0.30023945
644.46254919,0.29936222
644.69459183,0.29189020
644.92664628,0.28331687
645.15871254,0.27808643
645.39079061,0.27455180
645.62288049,0.27607546
645.85498217,0.26619160
646.08709564,0.26577356
646.31922091,0.26182557
646.55135798,0.26956557
646.78350684,0.28334613
647.01566748,0.27395665
647.24783991,0.26369279
647.48002413,0.26075144
647.71222012,0.26224185
647.94442789,0.26717908
648.17664744,0.27197648
648.40887875,0.27419302
648.64112184,0.26174729
648.87337669,0.26773461
649.10564331,0.25020138
649.33792168,0.25577801
649.57021181,0.25199268
649.80251370,0.24730426
650.03482734,0.24438709
650.26715273,0.24966692
650.49948987,0.24503933
650.73183875,0.24250734
650.96419937,0.23925039
651.19657173,0.23215363
651.42895582,0.24194434
651.66135165,0.24798424
651.89375921,0.23589068
652.12617849,0.23456283
652.35860950,0.23300566
652.59105224,0.23329668
652.82350669,0.23726687
653.05597285,0.24277058
653.28845073,0.23510242
653.52094032,0.23246952
653.75344162,0.23994963
653.98595462,0.24421026
654.21847933,0.24627912
654.45101573,0.24651789
654.68356383,0.25654078
654.91612363,0.26420278
655.14869511,0.26763323
655.38127829,0.28394905
655.61387315,0.27455401
655.84647969,0.28143634
656.07909792,0.28707328
656.31172782,0.27022916
656.54436939,0.26875946
656.77702264,0.26878159
657.00968756,0.26520266
657.24236414,0.27893050
657.47505238,0.29369433
657.70775229,0.28984546
657.94046385,0.29054510
658.17318707,0.29688936
658.40592195,0.29613680
658.63866847,0.29544191
658.87142663,0.29609749
659.10419645,0.29041755
659.33697790,0.29515079
659.56977099,0.29745674
659.80257572,0.29099197
660.03539208,0.28438803
660.26822007,0.27674581
660.50105969,0.28519737
660.73391093,0.27942798
660.96677380,0.28743368
661.19964828,0.29871727
661.43253438,0.30122214
661.66543209,0.29909196
661.89834142,0.30583365
662.13126235,0.30491979
662.36419489,0.31391448
662.59713903,0.33116030
662.83009477,0.31915159
663.06306210,0.30969533
663.29604103,0.30288118
663.52903155,0.29988083
663.76203367,0.27579738
663.99504736,0.27339212
664.22807264,0.26598574
664.46110950,0.25736358
664.69415794,0.25520494
664.92721795,0.25545822
665.16028953,0.25655768
665.39337269,0.25907348
665.62646740,0.26326673
665.85957369,0.25348845
666.09269153,0.25144611
666.32582093,0.26003108
666.55896189,0.25327454
666.79211440,0.25184441
667.02527846,0.26190295
667.25845406,0.25454608
667.49164121,0.23904264
667.72483991,0.24082990
667.95805014,0.22865159
668.19127190,0.22287416
668.42450520,0.22775796
668.65775003,0.22366388
668.89100639,0.22324824
669.12427427,0.22740466
669.35755368,0.23272488
669.59084460,0.23486544
669.82414704,0.24120398
670.05746099,0.25425513
670.29078646,0.25302899
670.52412343,0.25922206
670.75747191,0.27150428
670.99083189,0.27399813
671.22420337,0.26930138
671.45758635,0.27171210
671.69098082,0.27827924
671.92438678,0.28359946
672.15780424,0.28372415
672.39123317,0.29004191
672.62467360,0.29729486
672.85812550,0.30845485
673.09158888,0.32674310
673.32506373,0.32133975
673.55855006,0.32526757
673.79204785,0.31813931
674.02555712,0.32381282
674.25907784,0.32314780
674.49261003,0.32805237
674.72615367,0.32235808
674.95970878,0.32048769
675.19327533,0.32969416
675.42685333,0.33008902
675.66044278,0.32830176
675.89404368,0.34010599
676.12765601,0.34860587
676.36127979,0.36165703
676.59491500,0.35664854
676.82856165,0.36126217
677.06221972,0.34787849
677.29588922,0.35006061
677.52957015,0.35864362
677.76326250,0.34170621
677.99696627,0.32736656
678.23068146,0.31884590
678.46440806,0.31502199
678.69814607,0.29974715
678.93189549,0.29149666
679.16565631,0.29839631
679.39942854,0.28661286
679.63321217,0.28052371
679.86700720,0.27715701
680.10081361,0.26021960
680.33463143,0.26813758
680.56846063,0.27362405
680.80230121,0.26662048
681.03615318,0.28041980
681.27001653,0.27046517
681.50389126,0.27393578
681.73777736,0.27254338
681.97167484,0.26867791
682.20558368,0.26774272
682.43950390,0.27341623
682.67343547,0.26132105
682.90737841,0.25774653
683.14133270,0.25479547
683.37529836,0.24351079
683.60927536,0.23590454
683.84326371,0.23478231
684.07726341,0.22528489
684.31127446,0.22333137
684.54529685,0.22081674
684.77933057,0.22023484
685.01337564,0.22597070
685.24743203,0.22732153
685.48149976,0.24700218
685.71557881,0.25144955
685.94966919,0.26015725
686.18377090,0.26580998
686.41788392,0.27645042
686.65200826,0.28499186
686.88614391,0.28991722
687.12029088,0.30091095
687.35444915,0.29212012
687.58861873,0.30261508
687.82279961,0.29378269
688.05699179,0.29249420
688.29119527,0.28862873
688.52541004,0.28869107
688.75963611,0.29214090
688.99387346,0.29548682
689.22812210,0.29706626
689.46238203,0.31130200
689.69665323,0.31281909
689.93093571,0.32111115
690.16522947,0.32431159
690.39953450,0.32661841
690.63385080,0.33312320
690.86817837,0.33540923
691.10251720,0.33511828
691.33686730,0.34883447
691.57122865,0.35014374
691.80560125,0.35552631
692.03998511,0.35635759
692.27438023,0.36830730
692.50878658,0.36057636
692.74320419,0.36627065
692.97763303,0.36182328
693.21207312,0.37662014
693.44652444,0.36622909
693.68098699,0.38588895
693.91546077,0.38800873
694.14994579,0.40207821
694.38444203,0.40710748
694.61894949,0.41837138
694.85346817,0.43163036
695.08799806,0.42533338
695.32253918,0.42105227
695.55709150,0.42703751
695.79165503,0.42791036
696.02622977,0.43971459
696.26081571,0.45058363
696.49541285,0.45750407
696.73002119,0.46105781
696.96464072,0.47246718
697.19927145,0.46396730
697.43391336,0.46922517
697.66856647,0.47666517
697.90323075,0.46623255
698.13790622,0.45097849
698.37259286,0.46373870
698.60729068,0.46284507
698.84199967,0.47329847
699.07671984,0.48541443
699.31145117,0.49023588
699.54619366,0.49017353
699.78094731,0.47570919
700.01571213,0.50827474
700.25048810,0.51376121
700.48527522,0.54385369
700.72007349,0.56376295
700.95488292,0.57003914
701.18970348,0.57641924
701.42453519,0.57614908
701.65937804,0.57446573
701.89423202,0.58691420
702.12909714,0.60408022
702.36397339,0.60410100
702.59886077,0.61997853
702.83375927,0.60649094
703.06866889,0.60181497
703.30358964,0.60347754
703.53852150,0.61260088
703.77346448,0.61480378
704.00841857,0.60800804
704.24338376,0.60568044
704.47836007,0.59786637
704.71334748,0.58053410
704.94834598,0.57114059
705.18335559,0.55842195
705.41837629,0.54503827
705.65340808,0.54241973
705.88845096,0.54399917
706.12350493,0.55035849
706.35856998,0.56199647
706.59364612,0.57118216
706.82873333,0.58984448
707.06383161,0.61295418
707.29894097,0.61542725
707.53406141,0.61428423
707.76919290,0.64678743
708.00433546,0.67663053
708.23948909,0.70443698
708.47465377,0.72561394
708.70982951,0.71137820
708.94501630,0.73590108
709.18021414,0.70647362
709.41542303,0.73762599
709.65064297,0.71272904
709.88587395,0.69363029
710.12111597,0.68660594
710.35636902,0.65221156
710.59163311,0.63365315
710.82690823,0.63074365
711.06219437,0.61158256
711.29749155,0.60530636
711.53279974,0.59846905
711.76811896,0.59896782
712.00344920,0.59302414
712.23879044,0.60842368
712.47414270,0.61258010
712.70950597,0.61235149
712.94488025,0.59988223
713.18026553,0.60314502
713.41566181,0.58074192
713.65106908,0.57259534
713.88648736,0.57937030
714.12191662,0.57130685
714.35735688,0.57538014
714.59280812,0.56016764
714.82827034,0.55493055
715.06374355,0.54204565
715.29922774,0.54212878
715.53472290,0.54761525
715.77022903,0.54258599
716.00574614,0.55087804
716.24127421,0.54325101
716.47681324,0.52028679
716.71236324,0.50395206
716.94792420,0.50702781
717.18349611,0.49753039
717.41907898,0.50027363
717.65467280,0.49254269
717.89027757,0.49813307
718.12589328,0.50048145
718.36151993,0.50052302
718.59715752,0.49644972
718.83280605,0.48743029
719.06846552,0.47103322
719.30413591,0.46625333
719.53981724,0.44761179
719.77550949,0.44996017
720.01121266,0.45746251
720.24692676,0.45976932
720.48265177,0.47552215
720.71838769,0.48909286
720.95413453,0.47816148
721.18989228,0.49146202
721.42566093,0.48169443
721.66144049,0.48391812
721.89723095,0.48738873
722.13303231,0.47818226
722.36884456,0.48281667
722.60466770,0.48508192
722.84050173,0.48032282
723.07634666,0.47818226
723.31220246,0.47895120
723.54806915,0.47710159
723.78394671,0.47402584
724.01983515,0.45540508
724.25573447,0.43647258
724.49164465,0.41828825
724.72756571,0.40182882
724.96349762,0.39314191
725.19944040,0.39561498
725.43539404,0.37254685
725.67135854,0.35941256
725.90733388,0.35698105
726.14332008,0.35858128
726.37931713,0.34796162
726.61532503,0.33792387
726.85134376,0.33543002
727.08737334,0.32485193
727.32341375,0.32005126
727.55946500,0.31194624
727.79552708,0.31227876
728.03159998,0.30512971
728.26768372,0.30702089
728.50377827,0.32094489
728.73988365,0.32275294
728.97599985,0.31641440
729.21212686,0.32680544
729.44826468,0.32437394
729.68441331,0.32040456
729.92057275,0.31032524
730.15674299,0.30463094
730.39292403,0.30402826
730.62911587,0.29446850
730.86531851,0.29182917
731.10153194,0.28840012
731.33775616,0.27013266
731.57399117,0.26880260
731.81023696,0.25851547
732.04649353,0.25450452
732.28276088,0.24394721
732.51903901,0.24055973
732.75532791,0.23623705
732.99162758,0.22856846
733.22793802,0.22320668
733.46425923,0.21233764
733.70059119,0.21308580
733.93693392,0.19932805
734.17328740,0.20479374
734.40965164,0.20265318
734.64602662,0.19727062
734.88241236,0.19531710
735.11880884,0.20069966
735.35521607,0.19371688
735.59163403,0.19068269
735.82806273,0.20038793
736.06450217,0.19602369
736.30095234,0.19232448
736.53741323,0.20209206
736.77388486,0.21456132
737.01036720,0.21651484
737.24686027,0.23137404
737.48336406,0.24731391
737.71987856,0.26019882
737.95640377,0.26489557
738.19293969,0.27443455
738.42948632,0.27694919
738.66604365,0.27898583
738.90261169,0.27196148
739.13919042,0.28116795
739.37577985,0.28430605
739.61237997,0.28559454
739.84899078,0.28085622
740.08561228,0.27647120
740.32224446,0.26925981
740.55888732,0.24893492
740.79554087,0.24509023
741.03220509,0.23837761
741.26887998,0.23012712
741.50556555,0.22553427
741.74226178,0.21936199
741.97896868,0.21634859
742.21568624,0.20832669
742.45241446,0.20063732
742.68915333,0.18796024
742.92590286,0.19303107
743.16266304,0.18478058
743.39943387,0.17199958
743.63621535,0.17349590
743.87300747,0.16894462
744.10981023,0.16352049
744.34662363,0.16917322
744.58344766,0.17283087
744.82028232,0.17291400
745.05712761,0.17100204
745.29398353,0.17175020
745.53085007,0.16717814
745.76772724,0.16632607
746.00461502,0.16952651
746.24151341,0.16622216
746.47842242,0.16117211
746.71534204,0.16464272
746.95227227,0.17031623
747.18921310,0.17497142
747.42616453,0.17540785
747.66312656,0.18220360
747.90009918,0.17270618
748.13708240,0.18507153
748.37407621,0.18631845
748.61108061,0.18299332
748.84809559,0.18361678
749.08512115,0.18270237
749.32215730,0.17601053
749.55920401,0.17867064
749.79626131,0.17617679
750.03332917,0.18031242
750.27040760,0.17896159
750.50749660,0.18548717
750.74459616,0.17808874
750.98170628,0.17405701
751.21882695,0.17499221
751.45595818,0.17436874
751.69309997,0.17914863
751.93025230,0.17601053
752.16741517,0.17813030
752.40458859,0.16921478
752.64177256,0.16225278
752.87896705,0.16736518
753.11617209,0.16406082
753.35338765,0.16925635
753.59061374,0.16744830
753.82785037,0.17588584
754.06509751,0.17900315
754.30235518,0.19099442
754.53962336,0.20202972
754.77690206,0.21516401
755.01419127,0.21788646
755.25149099,0.22611617
755.48880122,0.22474455
755.72612195,0.23137404
755.96345319,0.23193516
756.20079492,0.22923349
756.43814715,0.22898410
756.67550987,0.23112466
756.91288309,0.22590835
757.15026679,0.22619930
757.38766097,0.22366388
757.62506564,0.21817741
757.86248079,0.21117384
758.09990641,0.19610682
758.33734251,0.19658481
758.57478908,0.18737834
758.81224612,0.18480136
759.04971362,0.17873298
759.28719159,0.17975131
759.52468001,0.17071109
759.76217889,0.17308025
759.99968823,0.15994597
760.23720802,0.15497904
760.47473826,0.15146687
760.71227894,0.14926397
760.94983007,0.14774687
761.18739164,0.13951716
761.42496364,0.13396834
761.66254608,0.14088878
761.90013895,0.13903917
762.13774226,0.14749749
762.37535598,0.13824945
762.61298014,0.14302934
762.85061471,0.14544006
763.08825970,0.15711960
763.32591511,0.15628832
763.56358093,0.15697413
763.80125716,0.15990440
764.03894380,0.17520003
764.27664084,0.18357521
764.51434829,0.18748225
764.75206613,0.19768626
764.98979437,0.21063351
765.22753300,0.20685117
765.46528203,0.21875931
765.70304144,0.21923730
765.94081124,0.21443663
766.17859142,0.21865540
766.41638197,0.22607461
766.65418291,0.22432891
766.89199422,0.23112466
767.12981590,0.21734613
767.36764795,0.21341831
767.60549036,0.20346368
767.84334314,0.20795262
768.08120628,0.20830591
768.31907977,0.20653943
768.55696362,0.20211285
768.79485782,0.20491843
769.03276238,0.19797721
769.27067727,0.19926570
769.50860251,0.19816425
769.74653809,0.21123619
769.98448401,0.20317273
770.22244027,0.20560424
770.46040685,0.20832669
770.69838377,0.20635240
770.93637101,0.21277406
771.17436858,0.21106993
771.41237647,0.22131551
771.65039468,0.21865540
771.88842320,0.21848914
772.12646204,0.21954903
772.36451118,0.21880087
772.60257064,0.21950746
772.84064039,0.21470680
773.07872045,0.21244155
773.31681081,0.20826435
773.55491147,0.20695508
773.79302242,0.20824357
774.03114366,0.19587822
774.26927519,0.18924873
774.50741700,0.17684181
774.74556910,0.17659243
774.98373147,0.17821343
775.22190413,0.17846282
775.46008705,0.17295556
775.69828025,0.17428562
775.93648372,0.17777701
776.17469745,0.17048249
776.41292145,0.17208271
776.65115570,0.16778082
776.88940022,0.16919400
777.12765499,0.15541547
777.36592001,0.16435177
777.60419528,0.15849122
777.84248079,0.15599737
778.08077655,0.15572720
778.31908256,0.15763915
778.55739879,0.14568945
778.79572527,0.14870285
779.03406198,0.14691559
779.27240891,0.14022375
779.51076608,0.13484119
779.74913346,0.14176163
779.98751107,0.14159537
780.22589890,0.16281390
780.46429695,0.14460878
780.70270520,0.14169928
780.94112367,0.13779225
781.17955235,0.14396453
781.41799123,0.12850265
781.65644031,0.13415538
781.89489959,0.12654913
782.13336907,0.12966645
782.37184874,0.12293305
782.61033861,0.12457483
782.84883866,0.13213952
783.08734890,0.12669461
783.32586931,0.12698556
783.56439991,0.12351495
783.80294069,0.12079249
784.04149164,0.12484500
784.28005276,0.12339025
784.51862406,0.13477884
784.75720551,0.13531918
784.99579713,0.13469572
785.23439891,0.13760521
785.47301085,0.14313325
785.71163295,0.14558554
785.95026519,0.14687403
786.18890759,0.14363202
786.42756013,0.15094732
786.66622282,0.14494129
786.90489564,0.15765994
787.14357861,0.14803782
787.38227171,0.15263067
787.62097494,0.14616743
787.85968831,0.14706106
788.09841180,0.14111738
788.33714541,0.13575560
788.57588915,0.13014444
788.81464301,0.13172388
789.05340698,0.12989505
789.29218106,0.12787919
789.53096526,0.13112119
789.76975956,0.12640366
790.00856397,0.12521908
790.24737848,0.13083024
790.48620309,0.12411763
790.72503780,0.13363583
790.96388260,0.13446711
791.20273749,0.14475425
791.44160247,0.13704409
791.68047754,0.13953794
791.91936269,0.12979114
792.15825792,0.12835718
792.39716323,0.12889751
792.63607861,0.12318243
792.87500406,0.12158221
793.11393958,0.13157840
793.35288517,0.12390981
793.59184082,0.12108344
793.83080653,0.11601261
794.06978230,0.12033528
794.30876813,0.12542690
794.54776401,0.12008590
794.78676993,0.11865193
795.02578591,0.12775449
795.26481193,0.12041841
795.50384798,0.11937931
795.74289408,0.12661148
795.98195022,0.12544768
796.22101638,0.12463718
796.46009258,0.12920924
796.69917880,0.13511136
796.93827505,0.13388521
797.17738132,0.13899761
797.41649761,0.14167850
797.65562392,0.15668318
797.89476024,0.14837034
798.13390657,0.14913927
798.37306290,0.15795088
798.61222925,0.14724810
798.85140559,0.15171626
799.09059194,0.14329950
799.32978828,0.15749368
799.56899462,0.13791694
799.80821094,0.14361124
800.04743726,0.13654532
800.28667356,0.13494510
800.52591985,0.13378130
800.76517611,0.13710644
801.00444236,0.14167850
801.24371857,0.14332029
801.48300476,0.14926397
801.72230092,0.15840809
801.96160705,0.16185792
802.20092314,0.17039936
802.44024919,0.16584808
802.67958519,0.17299713
802.91893116,0.17777701
803.15828707,0.17700807
803.39765294,0.17848360
803.63702875,0.19145163
803.87641450,0.18617298
804.11581020,0.18625610
804.35521584,0.18355443
804.59463141,0.18367912
804.83405692,0.17551176
805.07349235,0.17848360
805.31293772,0.18594437
805.55239300,0.18110214
805.79185821,0.17374528
806.03133334,0.17087735
806.27081839,0.17044093
806.51031335,0.15969658
806.74981822,0.15206955
806.98933300,0.15132140
807.22885768,0.13851962
807.46839227,0.13390600
807.70793675,0.13191091
807.94749114,0.13432164
808.18705542,0.13295002
808.42662959,0.13037304
808.66621364,0.12812857
808.90580759,0.12871047
809.14541141,0.13103807
809.38502512,0.12472031
809.62464871,0.12623740
809.86428217,0.12465796
810.10392550,0.12216411
810.34357870,0.11301999
810.58324177,0.11890132
810.82291470,0.10911295
811.06259749,0.10107028
811.30229015,0.10821932
811.54199265,0.10104950
811.78170501,0.09466939
812.02142722,0.08533823
812.26115928,0.07725399
812.50090118,0.07444841
812.74065292,0.06702920
812.98041450,0.06399501
813.22018592,0.07045825
813.45996717,0.05788507
813.69975825,0.05794742
813.93955916,0.05960999
814.17936989,0.05555748
814.41919045,0.05217000
814.65902083,0.05634720
814.89886102,0.04982162
815.13871102,0.04886564
815.37857084,0.05023726
815.61844047,0.05424821
815.85831990,0.04998788
816.09820913,0.05034117
816.33810817,0.04458453
816.57801700,0.04466766
816.81793562,0.04533269
817.05786404,0.04545738
817.29780225,0.03510789
817.53775024,0.03797582
817.77770801,0.03810052
818.01767557,0.03184510
818.25765290,0.03275952
818.49764001,0.03126321
818.73763689,0.03373628
818.97764354,0.03028645
819.21765996,0.03163728
819.45768614,0.02843684
819.69772209,0.02507014
819.93776779,0.02571438
820.17782324,0.02218143
820.41788845,0.02440511
820.65796341,0.01814970
820.89804812,0.01536490
821.13814257,0.01904333
821.37824677,0.02145405
821.61836070,0.02004087
821.85848437,0.01985383
822.09861777,0.02608846
822.33876090,0.02891483
822.57891376,0.02893561
822.81907635,0.03132555
823.05924866,0.04034498
823.29943069,0.04672509
823.53962243,0.05595234
823.77982389,0.07060372
824.02003506,0.07978941
824.26025594,0.09331855
824.50048652,0.11287451
824.74072681,0.12255897
824.98097680,0.13802085
825.22123648,0.14749749
825.46150586,0.16846663
825.70178493,0.17135534
825.94207369,0.17561567
826.18237214,0.18588203
826.42268027,0.19548336
826.66299808,0.19789408
826.90332557,0.21050882
827.14366273,0.21131932
827.38400957,0.21834367
827.62436608,0.21740847
827.86473225,0.22270791
828.10510809,0.22690589
828.34549359,0.22740466
828.58588874,0.22975304
828.82629356,0.23023103
829.06670802,0.22437048
829.30713214,0.22867237
829.54756590,0.22476534
829.78800931,0.22727997
830.02846236,0.23122857
830.26892505,0.23515639
830.50939738,0.22985695
830.74987934,0.22707215
830.99037093,0.22863081
831.23087215,0.23837761
831.47138299,0.22690589
831.71190346,0.22316511
831.95243355,0.21975685
832.19297325,0.21867618
832.43352257,0.21048803
832.67408150,0.21258703
832.91465003,0.20932424
833.15522818,0.19438191
833.39581592,0.18843823
833.63641327,0.18783554
833.87702022,0.18347130
834.11763676,0.16971355
834.35826289,0.16776004
834.59889861,0.16570261
834.83954392,0.15009525
835.08019881,0.14620900
835.32086328,0.14207336
835.56153733,0.14772609
835.80222095,0.13544387
836.04291415,0.12974958
836.28361692,0.12403450
836.52432926,0.12066780
836.76505116,0.11252122
837.00578262,0.11268747
837.24652364,0.09903363
837.48727421,0.09558380
837.72803434,0.08941152
837.96880402,0.08614873
838.20958325,0.08072460
838.45037202,0.08022583
838.69117033,0.07698382
838.93197819,0.07976863
839.17279558,0.07883343
839.41362250,0.08959856
839.65445896,0.08276125
839.89530494,0.08959856
840.13616045,0.09219632
840.37702548,0.09296526
840.61790003,0.09038828
840.85878410,0.09928302
841.09967768,0.09643587
841.34058078,0.09986492
841.58149338,0.09348481
841.82241549,0.09074157
842.06334710,0.09281978
842.30428821,0.09254962
842.54523883,0.08762426
842.78619893,0.09261196
843.02716853,0.08864258
843.26814762,0.09161442
843.50913619,0.08795677
843.75013425,0.08930761
843.99114179,0.08932839
844.23215881,0.09491878
844.47318530,0.08725018
844.71422127,0.09770358
844.95526670,0.08993107
845.19632161,0.09308995
845.43738597,0.08344706
845.67845980,0.09074157
845.91954309,0.08373801
846.16063584,0.07937377
846.40173803,0.07785667
846.64284968,0.07987254
846.88397078,0.07351321
847.12510132,0.07609019
847.36624130,0.07220394
847.60739073,0.07210003
847.84854959,0.07536282
848.08971788,0.07602785
848.33089561,0.07636036
848.57208276,0.07752416
848.81327934,0.08274047
849.05448534,0.08192996
849.29570076,0.08288594
849.53692560,0.09705933
849.77815986,0.09311073
850.01940353,0.10240033
850.26065660,0.10335631
850.50191908,0.11017284
850.74319097,0.10925843
850.98447225,0.11597104
851.22576294,0.11933774
851.46706301,0.12848187
851.70837248,0.13024835
851.94969135,0.13829102
852.19101959,0.14697794
852.43235722,0.16790551
852.67370424,0.17274774
852.91506063,0.17827578
853.15642640,0.18438572
853.39780154,0.19519241
853.63918605,0.20269475
853.88057992,0.20417027
854.12198317,0.20383776
854.36339577,0.20897094
854.60481773,0.21250390
854.84624905,0.21643171
855.08768973,0.21244155
855.32913975,0.19872536
855.57059912,0.19604447
855.81206784,0.19799799
856.05354590,0.19336358
856.29503330,0.18912403
856.53653004,0.18513387
856.77803611,0.18118527
857.01955151,0.17563645
857.26107624,0.20649787
857.50261030,0.17617679
857.74415367,0.17278930
857.98570637,0.16059021
858.22726839,0.16559870
858.46883972,0.16243982
858.71042037,0.16539088
858.95201032,0.16179557
859.19360958,0.15639223
859.43521814,0.15425167
859.67683601,0.15067715
859.91846317,0.15747290
860.16009963,0.14286308
860.40174538,0.13608812
860.64340042,0.13378130
860.88506474,0.12860656
861.12673835,0.12513595
861.36842125,0.11875584
861.61011342,0.12270444
861.85181487,0.11842333
862.09352559,0.11661529
862.33524558,0.12235115
862.57697484,0.11871428
862.81871336,0.11883897
863.06046114,0.12266288
863.30221819,0.11956635
863.54398449,0.12366042
863.78576004,0.11917149
864.02754485,0.10944546
864.26933890,0.10543452
864.51114220,0.10751273
864.75295474,0.10549687
864.99477653,0.11011049
865.23660755,0.09539676
865.47844780,0.09300682
865.72029728,0.09373420
865.96215600,0.09423297
866.20402394,0.09186381
866.44590110,0.09026359
866.68778748,0.08059991
866.92968308,0.08434069
867.17158790,0.08540057
867.41350193,0.08789443
867.65542516,0.09028437
867.89735761,0.09319386
868.13929926,0.09217554
868.38125011,0.09454470
868.62321015,0.09614492
868.86517940,0.10165218
869.10715783,0.09768280
869.34914546,0.10034290
869.59114227,0.10129888
869.83314827,0.10028056
870.07516344,0.10175609
870.31718780,0.09772436
870.55922133,0.11198088
870.80126404,0.11262513
871.04331592,0.10840636
871.28537696,0.10553843
871.52744717,0.10337709
871.76952655,0.10034290
872.01161508,0.10298223
872.25371277,0.09986492
872.49581961,0.09097018
872.73793560,0.09155208
872.98006075,0.09327699
873.22219503,0.08831007
873.46433846,0.08525510
873.70649103,0.08163901
873.94865274,0.07729556
874.19082358,0.07983097
874.43300356,0.07904125
874.67519266,0.07409511
874.91739089,0.06328842
875.15959824,0.06455613
875.40181471,0.05992172
875.64404031,0.05998407
875.88627501,0.05653424
876.12851883,0.05356240
876.37077176,0.05106855
876.61303379,0.04890721
876.85530493,0.04938520
877.09758517,0.04614319
877.33987451,0.04618475
877.58217294,0.04601850
877.82448047,0.04549894
878.06679709,0.05264799
878.30912279,0.05194139
878.55145758,0.05979703
878.79380145,0.06044127
879.03615440,0.05755256
879.27851643,0.06792283
879.52088753,0.07164282
879.76326770,0.07766963
880.00565694,0.08224170
880.24805524,0.07935298
880.49046260,0.08014270
880.73287903,0.08001801
880.97530451,0.08621108
881.21773905,0.07677600
881.46018264,0.07823075
881.70263527,0.08542136
881.94509695,0.08249108
882.18756768,0.08313533
882.43004744,0.08224170
882.67253625,0.08296907
882.91503409,0.07910360
883.15754095,0.07902047
883.40005685,0.07683835
883.64258178,0.07931142
883.88511573,0.07469779
884.12765869,0.07465623
884.37021068,0.07222472
884.61277168,0.07230785
884.85534170,0.06707076
885.09792072,0.06362093
885.34050876,0.06324686
885.58310579,0.06777735
885.82571183,0.06742406
886.06832686,0.06337155
886.31095090,0.06775657
886.55358392,0.06686294
886.79622594,0.06272730
887.03887694,0.05722005
887.28153693,0.06407814
887.52420589,0.06661356
887.76688384,0.06010876
888.00957077,0.05969312
888.25226667,0.05067369
888.49497154,0.05287659
888.73768537,0.05512106
888.98040818,0.04662118
889.22313994,0.04549894
889.46588067,0.05096464
889.70863035,0.04423124
889.95138899,0.04192442
890.19415657,0.04425202
890.43693311,0.03926431
890.67971859,0.03795504
890.92251302,0.03174119
891.16531639,0.03192823
891.40812869,0.02924734
891.65094993,0.02702366
891.89378010,0.02833293
892.13661920,0.02465450
892.37946723,0.02764712
892.62232418,0.02448824
892.86519005,0.03007863
893.10806484,0.03003706
893.35094854,0.03496242
893.59384116,0.02893561
893.83674269,0.03294656
894.07965312,0.03269717
894.32257246,0.03508711
894.56550070,0.03494164
894.80843784,0.04782654
895.05138388,0.04271414
895.29433881,0.04601850
895.53730263,0.04229850
895.78027533,0.05042430
896.02325692,0.04749403
896.26624740,0.04990475
896.50924675,0.05399882
896.75225498,0.05649267
896.99527208,0.05233625
897.23829806,0.05325067
897.48133290,0.05940217
897.72437661,0.05794742
897.96742918,0.05474698
898.21049061,0.05630564
898.45356090,0.05657580
898.69664005,0.05798899
898.93972804,0.05314676
899.18282488,0.06037893
899.42593057,0.06025423
899.66904511,0.05628485
899.91216848,0.06004641
900.15530069,0.05364553
900.39844174,0.05975546
900.64159162,0.05616016
900.88475033,0.05616016
901.12791786,0.06270652
901.37109422,0.06297669
901.61427940,0.06037893
901.85747340,0.06339233
902.10067621,0.06821378
902.34388784,0.07324305
902.58710827,0.07160126
902.83033752,0.06790205
903.07357557,0.07176752
903.31682242,0.06910741
903.56007807,0.07020886
903.80334251,0.07160126
904.04661575,0.07052059
904.28989778,0.07336774
904.53318860,0.07565377
904.77648820,0.06788126
905.01979659,0.07399120
905.26311375,0.07124797
905.50643969,0.07796058
905.74977441,0.08224170
905.99311789,0.08577465
906.23647015,0.09491878
906.47983117,0.09456548
906.72320095,0.09194694
906.96657950,0.09949084
907.20996680,0.09708011
907.45336285,0.09693464
907.69676766,0.10028056
907.94018122,0.10651519
908.18360352,0.10123653
908.42703457,0.10009352
908.67047435,0.09383811
908.91392288,0.09814000
909.15738014,0.09705933
909.40084613,0.09213398
909.64432085,0.08961934
909.88780430,0.08897510
910.13129648,0.08720862
910.37479737,0.08656437
910.61830699,0.08220013
910.86182531,0.08367566
911.10535236,0.07808528
911.34888811,0.08309376
911.59243257,0.06759032
911.83598573,0.07428215
912.07954760,0.06746562
912.32311816,0.06979322
912.56669743,0.07715008
912.81028538,0.07022964
913.05388203,0.06873333
913.29748736,0.07166361
913.54110138,0.06522116
913.78472408,0.06312216
914.02835547,0.06229088
914.27199552,0.06526272
914.51564426,0.06096083
914.75930166,0.05830072
915.00296774,0.05607703
915.24664247,0.06339233
915.49032588,0.06185446
915.73401794,0.06565758
915.97771866,0.06923210
916.22142803,0.07891656
916.46514606,0.08255343
916.70887274,0.08332237
916.95260806,0.07627723
917.19635202,0.08793599
917.44010463,0.08953621
917.68386588,0.10069620
917.92763576,0.09851408
918.17141427,0.10871809
918.41520141,0.11713484
918.65899718,0.11364345
918.90280158,0.11287451
919.14661459,0.11987808
919.39043623,0.12301618
919.63426648,0.13049773
919.87810534,0.13982889
920.12195281,0.15285927
920.36580890,0.15171626
920.60967358,0.16144228
920.85354687,0.16819646
921.09742876,0.17191646
921.34131924,0.16537009
921.58521832,0.16532853
921.82912599,0.15662083
922.07304225,0.15076028
922.31696709,0.14174085
922.56090052,0.13550622
922.80484252,0.13450868
923.04879310,0.12324478
923.29275226,0.11058848
923.53671999,0.10277441
923.78069629,0.09015968
924.02468115,0.09805687
924.26867458,0.08350940
924.51267656,0.07577846
924.75668711,0.07185065
925.00070621,0.06894115
925.24473386,0.06557445
925.48877006,0.06179211
925.73281481,0.06405736
925.97686810,0.05896574
926.22092994,0.05730318
926.46500031,0.05198296
926.70907921,0.04714073
926.95316665,0.05046587
927.19726262,0.04672509
927.44136712,0.04849157
927.68548014,0.04624710
927.92960168,0.04716151
928.17373175,0.03932666
928.41787032,0.04015794
928.66201741,0.03618856
928.90617302,0.03369471
929.15033713,0.02908108
929.39450974,0.02858231
929.63869086,0.02862388
929.88288047,0.03022410
930.12707859,0.03103460
930.37128520,0.03901493
930.61550029,0.02856153
930.85972388,0.03332063
931.10395595,0.03159572
931.34819651,0.03205293
931.59244554,0.03587683
931.83670306,0.03473382
932.08096904,0.03882789
932.32524350,0.04537425
932.56952643,0.04630945
932.81381782,0.04882408
933.05811768,0.04649648
933.30242600,0.06021267
933.54674278,0.05462229
933.79106801,0.06314295
934.03540169,0.06172976
934.27974382,0.06303904
934.52409440,0.06889959
934.76845343,0.07324305
935.01282089,0.06813065
935.25719680,0.07361712
935.50158114,0.07216238
935.74597391,0.07052059
935.99037511,0.06962696
936.23478474,0.07274428
936.47920279,0.06777735
936.72362927,0.07920751
936.96806417,0.06497177
937.21250748,0.06867098
937.45695920,0.06729937
937.70141934,0.06050362
937.94588788,0.06100239
938.19036483,0.06081535
938.43485019,0.06771501
938.67934394,0.06378719
938.92384608,0.06220775
939.16835663,0.05919435
939.41287556,0.06195837
939.65740288,0.06549132
939.90193859,0.05350005
940.14648268,0.05699144
940.39103515,0.05424821
940.63559600,0.05977625
940.88016523,0.05412351
941.12474282,0.06006720
941.36932879,0.06131412
941.61392312,0.05865401
941.85852581,0.05979703
942.10313687,0.05813446
942.34775628,0.05524575
942.59238405,0.05539122
942.83702017,0.05347927
943.08166464,0.05591078
943.32631746,0.05769804
943.57097862,0.05304285
943.81564813,0.04901112
944.06032597,0.05233625
944.30501215,0.05181670
944.54970666,0.05483011
944.79440950,0.05046587
945.03912067,0.04732777
945.28384016,0.05516262
945.52856798,0.04682900
945.77330412,0.04751481
946.01804857,0.03938901
946.26280133,0.03652108
946.50756241,0.04136331
946.75233179,0.04294275
946.99710948,0.03982543
947.24189548,0.04256867
947.48668977,0.04084375
947.73149236,0.04593537
947.97630324,0.03837068
948.22112242,0.03945135
948.46594988,0.04462610
948.71078563,0.03710298
948.95562966,0.04890721
949.20048198,0.03976308
949.44534257,0.03866163
949.69021144,0.03992934
949.93508857,0.04209068
950.17997398,0.04211146
950.42486766,0.04136331
950.66976959,0.04603928
950.91467979,0.04250632
951.15959825,0.04512487
951.40452496,0.04022029
951.64945993,0.03899415
951.89440314,0.04362855
952.13935461,0.03953448
952.38431431,0.03907727
952.62928226,0.03595996
952.87425845,0.03889024
953.11924287,0.04051124
953.36423553,0.03926431
953.60923642,0.03625091
953.85424553,0.03874476
954.09926287,0.03400644
954.34428843,0.03109695
954.58932222,0.03230231
954.83436421,0.03354924
955.07941443,0.02843684
955.32447285,0.02457137
955.56953948,0.02810433
955.81461432,0.02870701
956.05969736,0.02523640
956.30478860,0.01864847
956.54988803,0.02097607
956.79499567,0.02016556
957.04011149,0.02205674
957.28523550,0.01615462
957.53036770,0.01723529
957.77550808,0.01561428
958.02065664,0.01449205
958.26581338,0.01472065
958.51097830,0.01621697
958.75615139,0.01534412
959.00133264,0.02060199
959.24652207,0.01237228
959.49171965,0.01977070
959.73692540,0.01467909
959.98213931,0.01627931
960.22736137,0.01619618
960.47259159,0.01958367
960.71782995,0.05395726
960.96307647,0.02322053
961.20833112,0.02423886
961.45359392,0.03072287
961.69886486,0.02756399
961.94414394,0.03012019
962.18943115,0.03165807
962.43472648,0.03032801
962.68002995,0.03381940
962.92534154,0.03604309
963.17066126,0.03236466
963.41598909,0.03593918
963.66132504,0.03780957
963.90666911,0.03735236
964.15202128,0.04061515
964.39738157,0.04680822
964.64274996,0.04186208
964.88812645,0.04892799
965.13351104,0.04373247
965.37890374,0.04913581
965.62430452,0.05144262
965.86971340,0.05090229
966.11513036,0.05383257
966.36055542,0.05472620
966.60598855,0.05572374
966.85142977,0.05283502
967.09687907,0.05175436
967.34233644,0.05283502
967.58780188,0.05277268
967.83327539,0.04909425
968.07875697,0.05271033
968.32424661,0.06006720
968.56974432,0.05453916
968.81525008,0.05374944
969.06076390,0.05366631
969.30628577,0.05622251
969.55181570,0.05557826
969.79735367,0.05811368
970.04289968,0.05314676
970.28845374,0.06050362
970.53401583,0.05859167
970.77958597,0.06278965
971.02516413,0.05863323
971.27075033,0.05842541
971.51634455,0.05904887
971.76194680,0.06594853
972.00755708,0.06123099
972.25317537,0.06376641
972.49880168,0.06048284
972.74443600,0.06285200
972.99007834,0.05838385
973.23572868,0.06025423
973.48138703,0.05996328
973.72705338,0.06037893
973.97272774,0.05902809
974.21841009,0.05863323
974.46410043,0.05786429
974.70979877,0.05678362
974.95550510,0.05580687
975.20121941,0.05697066
975.44694171,0.05925669
975.69267199,0.05655502
975.93841024,0.06156351
976.18415647,0.06919054
976.42991068,0.06322607
976.67567285,0.06399501
976.92144299,0.06000485
977.16722110,0.05898653
977.41300717,0.06704998
977.65880119,0.06428596
977.90460317,0.05709536
978.15041311,0.06713311
978.39623099,0.06360015
978.64205683,0.06285200
978.88789061,0.06160507
979.13373233,0.06079457
979.37958199,0.05584843
979.62543958,0.05090229
979.87130511,0.05491323
980.11717857,0.05287659
980.36305996,0.04674587
980.60894928,0.04537425
980.85484651,0.04192442
981.10075167,0.04161269
981.34666475,0.03785113
981.59258573,0.03984621
981.83851463,0.03803817
982.08445144,0.03826677
982.33039616,0.03554432
982.57634878,0.03431817
982.82230930,0.03359080
983.06827771,0.03920197
983.31425403,0.03701985
983.56023823,0.03591840
983.80623032,0.04109314
984.05223031,0.03286343
984.29823817,0.03502477
984.54425391,0.03647951
984.79027754,0.03228153
985.03630904,0.03672890
985.28234841,0.03683281
985.52839565,0.04285962
985.77445076,0.03701985
986.02051374,0.04352464
986.26658457,0.04107236
986.51266327,0.04583146
986.75874982,0.04539503
987.00484422,0.04728620
987.25094647,0.04888643
987.49705658,0.04506252
987.74317452,0.04564442
987.98930031,0.04574833
988.23543394,0.04763950
988.48157541,0.04367012
988.72772471,0.04722386
988.97388184,0.05358318
989.22004680,0.04512487
989.46621959,0.05133871
989.71240020,0.04543660
989.95858862,0.04946832
990.20478487,0.04250632
990.45098893,0.05156732
990.69720080,0.04211146
990.94342048,0.04452218
991.18964797,0.04179973
991.43588326,0.04470922
991.68212635,0.03845381
991.92837724,0.04049046
992.17463593,0.04046968
992.42090240,0.03664577
992.66717667,0.03587683
992.91345872,0.03454678
993.15974856,0.02920578
993.40604618,0.03338298
993.65235158,0.02895639
993.89866475,0.03145024
994.14498570,0.03095147
994.39131441,0.03126321
994.63765090,0.03215684
994.88399515,0.03101382
995.13034716,0.03122164
995.37670693,0.03115929
995.62307445,0.03022410
995.86944973,0.02563126
996.11583276,0.02448824
996.36222354,0.03159572
996.60862206,0.02642098
996.85502833,0.02833293
997.10144233,0.02417651
997.34786408,0.02116310
997.59429355,0.02284645
997.84073076,0.02363617
998.08717570,0.01613384
998.33362836,0.01918881
998.58008875,0.01561428
998.82655685,0.01775484
999.07303267,0.02664958
999.31951621,0.02047730
999.56600746,0.01407641
999.81250642,0.01347373
1000.05901309,0.01399328
1000.30552746,0.01405563
1000.55204953,0.01006546
1000.79857929,0.01474144
1001.04511676,0.01538568
1001.29166191,0.01906411
1001.53821476,0.00836133
1001.78477529,0.01511551
1002.03134351,0.01239306
1002.27791941,0.01557272
1002.52450299,0.01748467
1002.77109424,0.01673652
1003.01769317,0.01278792
1003.26429976,0.01627931
1003.51091403,0.01600914
1003.75753596,0.01717294
1004.00416555,0.01334904
1004.25080280,0.02006165
1004.49744771,0.01677808
1004.74410027,0.01461674
1004.99076048,0.01798344
1005.23742834,0.01553116
1005.48410384,0.02164109
1005.73078699,0.01605071
1005.97747778,0.01929272
1006.22417620,0.01559350
1006.47088226,0.01779640
1006.71759595,0.01781719
1006.96431727,0.02243081
1007.21104622,0.02101763
1007.45778279,0.02162031
1007.70452698,0.01700668
1007.95127879,0.02151640
1008.19803821,0.02070590
1008.44480524,0.02184891
1008.69157988,0.02355305
1008.93836213,0.02384400
1009.18515199,0.01673652
1009.43194944,0.02058121
1009.67875450,0.02043573
1009.92556715,0.01804579
1010.17238739,0.02110076
1010.41921522,0.02324131
1010.66605064,0.02118389
1010.91289364,0.01902255
1011.15974422,0.01844065
1011.40660239,0.01923037
1011.65346813,0.01875238
1011.90034144,0.02681584
1012.14722232,0.01974992
1012.39411078,0.01904333
1012.64100679,0.02016556
1012.88791037,0.02128780
1013.13482151,0.01763015
1013.38174020,0.02332444
1013.62866645,0.02677427
1013.87560025,0.02708600
1014.12254160,0.02226456
1014.36949049,0.02613003
1014.61644693,0.03169963
1014.86341091,0.02303349
1015.11038242,0.02265942
1015.35736147,0.02756399
1015.60434805,0.02492466
1015.85134216,0.02228534
1016.09834379,0.02147484
1016.34535295,0.02257629
1016.59236963,0.02328288
1016.83939383,0.02105919
1017.08642554,0.02087216
1017.33346476,0.01989540
1017.58051150,0.02041495
1017.82756574,0.01524021
1018.07462748,0.01532333
1018.32169673,0.01966679
1018.56877347,0.01480378
1018.81585771,0.01933428
1019.06294945,0.01432579
1019.31004867,0.01033563
1019.55715538,0.00900558
1019.80426957,0.01438814
1020.05139125,0.01947975
1020.29852041,0.01646635
1020.54565704,0.00962904
1020.79280114,0.01478300
1021.03995272,0.00873541
1021.28711177,0.01711060
1021.53427828,0.01176960
1021.78145225,0.01555194
1022.02863368,0.01037720
1022.27582257,0.00840290
1022.52301891,0.01717294
1022.77022270,0.01295418
1023.01743395,0.01191507
1023.26465263,0.01091753
1023.51187876,0.00237609
1023.75911234,0.00877697
1024.00635335,0.00742614
1024.25360179,0.00642860
1024.50085766,0.00655329
1024.74812097,0.00723910
1024.99539170,0.00568044
1025.24266985,0.00765474
1025.48995543,0.00478681
1025.73724842,0.00528558
1025.98454883,0.00784178
1026.23185665,0.00333206
1026.47917188,0.00262547
1026.72649452,0.00842368
1026.97382456,0.00721832
1027.22116200,0.00231374
1027.46850685,0.00534793
1027.71585908,0.00578435
1027.96321872,0.00651172
1028.21058574,0.00210592
1028.45796014,-0.01345987
1028.70534194,-0.01302345
1028.95273111,-0.01310658
1029.20012767,-0.01148557
1029.44753160,-0.01412490
1029.69494290,-0.01304423
