198.80933475,0.00764018
199.01143578,0.00739149
199.21355429,0.00366121
199.41569028,0.00136086
199.61784374,0.00200330
199.82001468,0.00136086
200.02220309,0.00403424
200.22440896,0.00049046
200.42663230,0.00113290
200.62887310,0.00100856
200.83113136,0.00465595
201.03340708,-0.00017270
201.23570025,0.00328818
201.43801087,0.00623096
201.64033894,0.00341252
201.84268445,0.00490464
202.04504741,0.00260429
202.24742780,0.00204475
202.44982564,0.00368193
202.65224090,-0.00158192
202.85467360,0.00598227
203.05712372,0.00409641
203.25959128,-0.00069079
203.46207625,0.00475957
203.66457864,0.00125724
203.86709846,0.00540201
204.06963568,0.00712208
204.27219032,0.00390989
204.47476237,0.00343325
204.67735182,0.00227271
204.87995868,0.01112178
205.08258293,0.00660399
205.28522459,0.00243850
205.48788364,0.00270791
205.69056008,0.00303949
205.89325391,0.00652109
206.09596513,0.00262502
206.29869374,0.00623096
206.50143972,0.00509115
206.70420308,0.00183751
206.90698382,0.00299805
207.10978194,0.00274936
207.31259742,0.00778525
207.51543027,0.00069770
207.71828048,0.00252140
207.92114806,0.00136086
208.12403299,0.00929808
208.32693528,0.00169244
208.52985493,0.00330890
208.73279193,-0.00145757
208.93574627,0.00933953
209.13871796,0.00509115
209.34170699,0.00366121
209.54471336,0.00131942
209.74773707,0.00287370
209.95077811,0.00194113
210.15383649,0.00015888
210.35691219,0.00386845
210.56000522,0.00650037
210.76311557,0.00046974
210.96624324,0.00558852
211.16938823,0.00111218
211.37255053,0.00237633
211.57573015,0.00096711
211.77892707,0.00409641
211.98214130,0.00218982
212.18537284,0.00287370
212.38862167,0.00208620
212.59188781,0.00057336
212.79517124,0.00250067
212.99847196,0.00003454
213.20178997,0.00353686
213.40512527,0.00641747
213.60847785,0.00274936
213.81184772,0.00100856
214.01523486,-0.00056645
214.21863928,0.00565069
214.42206097,0.00592010
214.62549993,0.00527766
214.82895616,0.00150593
215.03242966,0.00320528
215.23592042,0.00007599
215.43942843,0.00347469
215.64295370,0.00335035
215.84649623,0.00326745
216.05005601,0.00803393
216.25363303,0.00335035
216.45722731,0.00270791
216.66083882,-0.00069079
216.86446757,0.00281153
217.06811356,0.00086349
217.27177679,0.00768163
217.47545724,0.00299805
217.67915493,0.00148521
217.88286984,0.00260429
218.08660198,0.00467667
218.29035133,0.00853130
218.49411790,0.00770235
218.69790169,0.00171317
218.90170269,0.00117435
219.10552090,0.00668688
219.30935632,0.00504970
219.51320894,0.00247995
219.71707876,0.00167172
219.92096578,0.00656254
220.12486999,0.00111218
220.32879140,0.00583721
220.53272999,0.00007599
220.73668578,0.00492536
220.94065875,0.00475957
221.14464890,0.00142304
221.34865623,0.00341252
221.55268073,0.00131942
221.75672241,-0.00212074
221.96078126,0.00109145
222.16485728,-0.00060790
222.36895046,0.00187896
222.57306080,0.00455233
222.77718831,0.00134014
222.98133297,-0.00243159
223.18549478,0.00515332
223.38967375,0.00005526
223.59386986,0.00001382
223.79808312,0.00150593
224.00231352,0.00212764
224.20656106,0.00581648
224.41082574,0.00310166
224.61510756,0.01004414
224.81940650,-0.00037994
225.02372258,-0.00060790
225.22805578,0.00264574
225.43240610,-0.00189277
225.63677355,0.00357831
225.84115811,-0.00199639
226.04555979,0.00355759
226.24997858,-0.00054573
226.45441448,0.00401351
226.65886748,0.00509115
226.86333759,0.00200330
227.06782480,0.00266646
227.27232911,0.00343325
227.47685052,0.00138159
227.68138902,0.00587866
227.88594461,0.00020033
228.09051728,0.00341252
228.29510704,0.00376483
228.49971389,0.00515332
228.70433781,0.00486319
228.90897881,0.00343325
229.11363688,0.00036612
229.31831202,0.00480102
229.52300423,0.00285298
229.72771350,0.00194113
229.93243984,0.00028323
230.13718324,0.00235561
230.34194369,0.00221054
230.54672120,0.00770235
230.75151576,0.00038684
230.95632737,0.00751584
231.16115602,0.00337107
231.36600172,0.00119507
231.57086446,-0.00004836
231.77574423,0.00328818
231.98064104,-0.00069079
232.18555488,0.00241778
232.39048575,0.00471812
232.59543365,0.00119507
232.80039857,-0.00083586
233.00538051,0.00326745
233.21037947,0.00393062
233.41539544,0.01719386
233.62042843,0.00160955
233.82547842,0.00277008
234.03054543,0.00556780
234.23562943,0.00046974
234.44073044,0.00250067
234.64584845,0.00641747
234.85098345,0.00189968
235.05613545,0.00407568
235.26130444,0.00295660
235.46649041,0.00254212
235.67169337,0.00461450
235.87691331,0.00911157
236.08215023,0.00051119
236.28740413,0.00463523
236.49267500,0.00289443
236.69796284,-0.00056645
236.90326765,0.00542273
237.10858942,0.00328818
237.31392816,0.00390989
237.51928386,0.00761946
237.72465651,0.00266646
237.93004612,0.00202403
238.13545268,0.00075987
238.34087619,0.00459378
238.54631664,0.00337107
238.75177404,0.00142304
238.95724838,0.00086349
239.16273965,0.00397206
239.36824786,0.00608589
239.57377300,0.00241778
239.77931508,0.00589938
239.98487407,0.00390989
240.19045000,0.00610662
240.39604284,0.00335035
240.60165260,-0.00033849
240.80727928,0.00173389
241.01292287,0.00405496
241.21858337,0.00652109
241.42426077,0.00357831
241.62995508,0.00339180
241.83566630,0.00113290
242.04139441,0.00260429
242.24713941,0.00324673
242.45290131,0.00036612
242.65868010,0.00281153
242.86447578,0.00111218
243.07028835,0.00753656
243.27611779,0.00592010
243.48196412,0.00349542
243.68782732,0.00090494
243.89370739,0.00158883
244.09960434,-0.00077369
244.30551816,0.00397206
244.51144884,0.00312239
244.71739638,0.00194113
244.92336078,0.00314311
245.12934204,0.00285298
245.33534016,0.00009671
245.54135512,0.00142304
245.74738694,0.00138159
245.95343560,0.00260429
246.15950110,0.00509115
246.36558345,0.00322601
246.57168263,0.00434509
246.77779865,0.00158883
246.98393150,0.00552635
247.19008118,0.00264574
247.39624769,0.00562997
247.60243102,0.00345397
247.80863117,0.00658326
248.01484814,0.00310166
248.22108192,0.00279081
248.42733252,-0.00017270
248.63359993,0.00011743
248.83988415,-0.00069079
249.04618517,0.00716353
249.25250299,0.00181679
249.45883761,-0.00226580
249.66518903,0.00216909
249.87155724,0.00200330
250.07794224,0.00647965
250.28434403,0.00380627
250.49076260,0.00784742
250.69719796,-0.00228653
250.90365009,-0.00013125
251.11011901,0.00038684
251.31660469,0.00397206
251.52310715,0.00345397
251.72962638,0.00426220
251.93616237,0.00225199
252.14271513,0.00368193
252.34928464,0.00216909
252.55587091,0.00156810
252.76247394,0.00239705
252.96909372,0.00185824
253.17573025,0.00185824
253.38238352,0.00075987
253.58905354,0.00324673
253.79574030,0.00158883
254.00244380,0.00237633
254.20916403,0.00915302
254.41590099,0.00515332
254.62265469,0.00171317
254.82942511,0.00144376
255.03621225,0.00208620
255.24301612,0.00216909
255.44983670,0.00024178
255.65667400,0.00496681
255.86352802,0.00125724
256.07039874,-0.00021415
256.27728617,0.00109145
256.48419031,0.00341252
256.69111115,0.00463523
256.89804868,0.00109145
257.10500292,0.00061481
257.31197384,0.00270791
257.51896146,0.00784742
257.72596577,-0.00031777
257.93298676,0.00258357
258.14002443,0.00393062
258.34707878,0.00235561
258.55414981,0.00208620
258.76123752,0.00163027
258.96834190,0.00554707
259.17546294,-0.00091876
259.38260065,-0.00017270
259.58975502,-0.00056645
259.79692606,0.00330890
260.00411375,0.00343325
260.21131810,-0.00307403
260.41853909,0.00320528
260.62577674,0.00194113
260.83303103,0.00463523
261.04030197,-0.00305331
261.24758955,0.00059408
261.45489377,0.00266646
261.66221462,0.00221054
261.86955210,0.00401351
262.07690622,0.00283225
262.28427696,-0.00050428
262.49166433,-0.00180988
262.69906831,0.00420003
262.90648892,-0.00120889
263.11392614,0.00138159
263.32137998,0.00299805
263.52885042,0.00366121
263.73633747,0.00724643
263.94384113,-0.00098093
264.15136139,0.00434509
264.35889825,0.00855203
264.56645171,0.00699774
264.77402176,-0.00081514
264.98160840,0.00308094
265.18921163,0.00102928
265.39683144,-0.00004836
265.60446784,0.00784742
265.81212081,0.00142304
266.01979037,0.00330890
266.22747650,-0.00054573
266.43517920,0.00200330
266.64289847,-0.00025559
266.85063430,0.00005526
267.05838670,-0.00089803
267.26615566,0.00189968
267.47394117,-0.00154047
267.68174324,0.00063553
267.88956187,0.00357831
268.09739704,0.00254212
268.30524876,0.00384772
268.51311702,0.00637603
268.72100183,-0.00294969
268.92890317,-0.00008980
269.13682105,-0.00081514
269.34475546,0.00098784
269.55270640,0.00121580
269.76067387,0.00258357
269.96865786,-0.00110527
270.17665838,-0.00046283
270.38467541,0.00109145
270.59270896,0.00457305
270.80075902,0.00127797
271.00882560,0.00144376
271.21690868,0.00208620
271.42500826,0.00243850
271.63312435,0.00353686
271.84125694,0.00111218
272.04940602,0.00683195
272.25757160,0.00113290
272.46575367,0.00401351
272.67395223,0.00181679
272.88216727,-0.00027632
273.09039880,0.00714281
273.29864681,0.00094639
273.50691129,0.00293587
273.71519225,0.00322601
273.92348968,0.00040757
274.13180358,0.00152665
274.34013395,0.00100856
274.54848077,0.00235561
274.75684406,0.00326745
274.96522381,0.00252140
275.17362001,-0.00125034
275.38203267,0.00502898
275.59046177,0.00156810
275.79890732,0.00272864
276.00736932,0.00235561
276.21584776,0.00067698
276.42434263,0.00094639
276.63285394,-0.00299114
276.84138169,0.00189968
277.04992586,0.00440726
277.25848646,0.00204475
277.46706349,-0.00096020
277.67565694,-0.00344706
277.88426680,0.00088422
278.09289309,0.00028323
278.30153578,-0.00127106
278.51019489,0.00652109
278.71887041,0.00252140
278.92756233,0.00701846
279.13627065,0.00364048
279.34499537,0.00194113
279.55373649,0.00449016
279.76249401,0.00880071
279.97126791,0.00320528
280.18005820,0.00071843
280.38886488,0.00210692
280.59768795,-0.00226580
280.80652739,0.00223126
281.01538321,0.00187896
281.22425540,0.00175462
281.43314397,0.00088422
281.64204891,0.00090494
281.85097021,0.00216909
282.05990788,0.00262502
282.26886190,0.00125724
282.47783229,-0.00087731
282.68681903,0.00473885
282.89582212,0.00173389
283.10484156,0.00306022
283.31387735,-0.00040066
283.52292949,0.00181679
283.73199796,0.00163027
283.94108277,0.00332963
284.15018392,-0.00104310
284.35930141,0.00084277
284.56843522,0.00173389
284.77758536,0.00478029
284.98675183,0.00088422
285.19593461,0.00679050
285.40513372,0.00631386
285.61434914,0.00324673
285.82358088,-0.00328127
286.03282893,0.00086349
286.24209328,0.00281153
286.45137395,0.00113290
286.66067091,0.00310166
286.86998417,0.00332963
287.07931373,0.00401351
287.28865959,0.00533984
287.49802174,0.00231416
287.70740017,0.00100856
287.91679489,0.00218982
288.12620590,0.00374410
288.33563318,-0.00048356
288.54507675,0.00478029
288.75453658,0.00032467
288.96401269,-0.00083586
289.17350507,0.00175462
289.38301372,0.00581648
289.59253863,0.00134014
289.80207980,0.00536056
290.01163723,0.00368193
290.22121091,0.00299805
290.43080085,0.00312239
290.64040703,0.00192041
290.85002947,0.00500825
291.05966815,0.00552635
291.26932307,0.00430365
291.47899422,0.00100856
291.68868162,0.00544346
291.89838525,0.00314311
292.10810511,0.00562997
292.31784119,0.00148521
292.52759350,-0.00226580
292.73736204,0.00357831
292.94714679,0.00254212
293.15694776,0.00231416
293.36676494,0.00078060
293.57659834,0.00007599
293.78644794,0.00030395
293.99631375,-0.00000691
294.20619576,0.00538128
294.41609397,0.00517405
294.62600838,0.00260429
294.83593898,0.00289443
295.04588578,0.00020033
295.25584876,-0.00050428
295.46582793,-0.00021415
295.67582328,0.00256284
295.88583481,-0.00100165
296.09586253,0.00017961
296.30590641,0.00388917
296.51596647,0.00084277
296.72604270,-0.00058717
296.93613509,0.00579576
297.14624365,-0.00191350
297.35636837,0.00075987
297.56650925,0.00337107
297.77666629,0.00119507
297.98683947,-0.00120889
298.19702881,0.00264574
298.40723429,0.00034540
298.61745592,0.00424147
298.82769369,0.00488391
299.03794760,0.00676978
299.24821765,-0.00199639
299.45850383,0.00453161
299.66880614,0.00223126
299.87912458,-0.00270100
300.08945914,-0.00089803
300.29980983,0.00231416
300.51017663,0.00386845
300.72055955,0.00683195
300.93095859,0.00328818
301.14137374,0.00200330
301.35180499,-0.00151975
301.56225235,0.00127797
301.77271582,-0.00259738
301.98319538,0.01155698
302.19369105,-0.00284607
302.40420280,-0.00096020
302.61473065,0.00417930
302.82527459,0.00413785
303.03583461,-0.00149902
303.24641072,0.00105001
303.45700291,0.00256284
303.66761117,0.00241778
303.87823552,0.00631386
304.08887593,0.00059408
304.29953241,-0.00004836
304.51020496,-0.00139540
304.72089358,0.00556780
304.93159825,0.00616879
305.14231899,0.00038684
305.35305578,0.00459378
305.56380862,0.00351614
305.77457752,0.00328818
305.98536246,0.00223126
306.19616344,0.00138159
306.40698047,0.00256284
306.61781354,0.00148521
306.82866264,0.00463523
307.03952778,0.00451088
307.25040895,0.00129869
307.46130614,0.00264574
307.67221937,-0.00000691
307.88314861,0.00036612
308.09409387,0.00403424
308.30505515,0.00264574
308.51603245,0.00471812
308.72702576,0.00013816
308.93803507,-0.00048356
309.14906039,0.00252140
309.36010172,0.00140231
309.57115904,0.00432437
309.78223236,0.00262502
309.99332168,0.00225199
310.20442699,0.00397206
310.41554829,0.00281153
310.62668557,-0.00046283
310.83783884,0.00175462
311.04900809,-0.00471121
311.26019332,0.00127797
311.47139452,0.00125724
311.68261169,0.00413785
311.89384484,0.00376483
312.10509395,0.00198258
312.31635903,0.00455233
312.52764007,0.00121580
312.73893706,-0.00145757
312.95025002,0.00038684
313.16157892,-0.00087731
313.37292378,0.00390989
313.58428458,0.00119507
313.79566133,-0.00011053
314.00705402,0.00357831
314.21846266,0.00173389
314.42988722,-0.00118817
314.64132772,0.00401351
314.85278416,-0.00131251
315.06425652,0.01031355
315.27574480,-0.00191350
315.48724901,0.00272864
315.69876914,-0.00102237
315.91030518,0.00183751
316.12185715,-0.00216218
316.33342502,0.00127797
316.54500880,0.00231416
316.75660848,0.00498753
316.96822407,0.00192041
317.17985556,0.00107073
317.39150295,0.00194113
317.60316624,0.00258357
317.81484541,0.00125724
318.02654048,0.00169244
318.23825143,0.00399279
318.44997826,0.00146448
318.66172098,0.00233488
318.87347957,0.00714281
319.08525404,0.00274936
319.29704439,0.00283225
319.50885060,0.00210692
319.72067268,0.00378555
319.93251063,0.00299805
320.14436443,0.00310166
320.35623410,0.00699774
320.56811962,0.00502898
320.78002100,-0.00129178
320.99193822,-0.00139540
321.20387130,0.00111218
321.41582021,0.00154738
321.62778498,0.00558852
321.83976558,0.00179606
322.05176201,0.00482174
322.26377428,0.00090494
322.47580239,0.00565069
322.68784632,0.00328818
322.89990607,0.00239705
323.11198165,0.00042829
323.32407305,0.00225199
323.53618027,0.00256284
323.74830330,0.00216909
323.96044215,0.00361976
324.17259680,0.00598227
324.38476726,0.00546418
324.59695352,0.00165100
324.80915558,0.00260429
325.02137344,-0.00050428
325.23360710,0.00109145
325.44585655,0.00509115
325.65812178,0.00339180
325.87040281,0.00042829
326.08269962,0.00430365
326.29501221,-0.00089803
326.50734058,0.00405496
326.71968472,0.00096711
326.93204464,0.00759873
327.14442032,0.00390989
327.35681178,0.00289443
327.56921900,0.00109145
327.78164198,0.00277008
327.99408072,-0.00037994
328.20653522,0.00229344
328.41900547,-0.00013125
328.63149147,0.00183751
328.84399322,0.00175462
329.05651071,0.00471812
329.26904395,0.00001382
329.48159293,0.00341252
329.69415764,-0.00013125
329.90673809,0.00335035
330.11933427,0.00082204
330.33194617,0.00359904
330.54457381,0.00183751
330.75721716,-0.00133323
330.96987624,0.00154738
331.18255104,0.00235561
331.39524154,0.00699774
331.60794777,0.00102928
331.82066970,0.00015888
332.03340733,0.00181679
332.24616067,0.00753656
332.45892971,-0.00006908
332.67171445,0.00453161
332.88451489,0.00277008
333.09733102,0.00295660
333.31016283,0.00075987
333.52301034,-0.00033849
333.73587352,-0.00102237
333.94875239,-0.00174771
334.16164694,0.00063553
334.37455717,-0.00226580
334.58748306,0.00446944
334.80042463,0.00471812
335.01338187,0.00024178
335.22635477,0.00256284
335.43934333,-0.00025559
335.65234755,0.00399279
335.86536743,0.00428292
336.07840296,0.00148521
336.29145415,-0.00046283
336.50452098,0.00351614
336.71760345,0.00303949
336.93070157,0.00218982
337.14381533,0.00127797
337.35694473,-0.00019342
337.57008976,0.00544346
337.78325042,-0.00015197
337.99642671,0.00088422
338.20961863,0.00376483
338.42282617,0.00370265
338.63604933,-0.00096020
338.84928810,0.00013816
339.06254250,0.00167172
339.27581250,0.00194113
339.48909812,0.00154738
339.70239934,0.00538128
339.91571616,-0.00002763
340.12904859,0.00436582
340.34239661,-0.00162337
340.55576023,0.00417930
340.76913945,0.00529839
340.98253425,0.00343325
341.19594464,0.00094639
341.40937061,0.00003454
341.62281217,0.00223126
341.83626930,0.00826189
342.04974201,0.00129869
342.26323030,-0.00166481
342.47673415,0.00274936
342.69025357,0.00674906
342.90378856,-0.00118817
343.11733911,0.00262502
343.33090522,0.00378555
343.54448688,0.00306022
343.75808410,0.00011743
343.97169687,0.00167172
344.18532519,-0.00131251
344.39896906,0.00355759
344.61262847,-0.00222436
344.82630341,0.00546418
345.03999390,0.00366121
345.25369992,0.00455233
345.46742147,0.00824117
345.68115855,0.00399279
345.89491115,0.00268719
346.10867928,-0.00087731
346.32246293,0.00264574
346.53626210,-0.00145757
346.75007679,-0.00042138
346.96390698,0.00289443
347.17775269,0.00194113
347.39161390,0.00121580
347.60549061,0.00175462
347.81938283,0.00277008
348.03329055,0.00210692
348.24721376,0.00169244
348.46115246,0.00562997
348.67510665,-0.00137468
348.88907634,0.00136086
349.10306150,-0.00089803
349.31706215,0.00042829
349.53107828,0.00256284
349.74510988,0.00306022
349.95915696,0.00507043
350.17321950,0.00324673
350.38729752,0.00515332
350.60139100,0.00214837
350.81549994,0.00059408
351.02962435,-0.00156119
351.24376421,0.00241778
351.45791952,0.00026250
351.67209028,0.00063553
351.88627650,-0.00033849
352.10047816,-0.00087731
352.31469526,0.00289443
352.52892780,0.00279081
352.74317578,0.00480102
352.95743919,0.00123652
353.17171804,0.00241778
353.38601232,0.00401351
353.60032202,-0.00050428
353.81464714,0.00768163
354.02898769,-0.00257666
354.24334365,-0.00164409
354.45771503,-0.00006908
354.67210182,0.00366121
354.88650403,0.00349542
355.10092164,0.00656254
355.31535465,0.00150593
355.52980306,0.00886288
355.74426687,0.00216909
355.95874608,0.00366121
356.17324069,0.00299805
356.38775068,0.00020033
356.60227606,0.00150593
356.81681682,-0.00338489
357.03137297,-0.00023487
357.24594449,0.00401351
357.46053139,0.00525694
357.67513367,0.00621024
357.88975132,0.00185824
358.10438433,-0.00075297
358.31903271,0.00515332
358.53369645,0.00129869
358.74837556,-0.00226580
358.96307002,0.00212764
359.17777983,-0.00176843
359.39250499,0.00177534
359.60724551,0.00055264
359.82200137,0.00382700
360.03677257,0.00055264
360.25155911,-0.00098093
360.46636100,0.00330890
360.68117821,-0.00257666
360.89601076,-0.00195495
361.11085864,0.00245923
361.32572184,-0.00336417
361.54060037,0.00531911
361.75549422,0.00239705
361.97040338,0.00527766
362.18532786,0.00299805
362.40026766,0.00024178
362.61522276,0.00291515
362.83019318,0.00654182
363.04517889,0.00136086
363.26017991,0.00144376
363.47519623,0.00119507
363.69022784,0.00270791
363.90527474,0.00131942
364.12033694,0.00699774
364.33541442,-0.00067007
364.55050719,-0.00073224
364.76561524,-0.00214146
364.98073857,0.00268719
365.19587718,0.00034540
365.41103106,0.00129869
365.62620021,0.00044902
365.84138463,0.00210692
366.05658432,0.00086349
366.27179927,0.00376483
366.48702948,0.00055264
366.70227494,0.00067698
366.91753566,0.00231416
367.13281163,0.00123652
367.34810285,-0.00118817
367.56340932,0.00075987
367.77873103,0.00111218
367.99406798,0.00330890
368.20942017,-0.00180988
368.42478759,0.00061481
368.64017025,0.00020033
368.85556813,0.00529839
369.07098125,0.00046974
369.28640958,0.00218982
369.50185314,-0.00021415
369.71731191,0.00200330
369.93278590,-0.00404805
370.14827511,0.00279081
370.36377952,-0.00255594
370.57929914,-0.00021415
370.79483397,0.00654182
371.01038400,0.00233488
371.22594922,0.00146448
371.44152965,0.00119507
371.65712526,0.00283225
371.87273607,-0.00127106
372.08836206,0.00266646
372.30400324,0.00517405
372.51965960,0.00044902
372.73533114,0.00465595
372.95101786,-0.00191350
373.16671976,0.00376483
373.38243682,0.00281153
373.59816905,0.00053191
373.81391645,-0.00120889
374.02967901,0.00401351
374.24545673,0.00202403
374.46124961,-0.00083586
374.67705764,0.00281153
374.89288082,-0.00035921
375.10871916,0.00075987
375.32457264,0.00241778
375.54044126,0.00113290
375.75632503,0.00641747
375.97222393,0.00202403
376.18813797,-0.00158192
376.40406713,-0.00029704
376.62001143,0.00229344
376.83597086,-0.00261811
377.05194541,0.00051119
377.26793508,0.00183751
377.48393987,0.00330890
377.69995978,0.00368193
377.91599480,-0.00017270
378.13204493,0.00067698
378.34811016,0.00492536
378.56419050,0.00558852
378.78028595,0.00415858
378.99639649,0.00073915
379.21252213,0.00115363
379.42866286,0.00200330
379.64481868,-0.00062862
379.86098960,0.00691485
380.07717559,0.00169244
380.29337667,-0.00013125
380.50959283,-0.00071152
380.72582407,0.00256284
380.94207038,0.00136086
381.15833176,0.00227271
381.37460821,0.00053191
381.59089972,0.00231416
381.80720630,0.00177534
382.02352794,0.00173389
382.23986464,0.00154738
382.45621639,0.00225199
382.67258319,0.00274936
382.88896505,0.00192041
383.10536195,0.00548490
383.32177389,0.00206547
383.53820087,0.00086349
383.75464289,0.00069770
383.97109995,0.00202403
384.18757204,-0.00067007
384.40405916,0.00156810
384.62056131,-0.00239015
384.83707848,0.00131942
385.05361067,0.00480102
385.27015788,0.00332963
385.48672011,0.00643820
385.70329735,0.00403424
385.91988960,0.00349542
386.13649686,-0.00114672
386.35311912,0.00272864
386.56975639,0.00187896
386.78640865,-0.00008980
387.00307592,0.00073915
387.21975817,0.00011743
387.43645542,0.00160955
387.65316765,0.00067698
387.86989487,0.00254212
388.08663707,0.00206547
388.30339426,0.00119507
388.52016641,0.00204475
388.73695355,0.00417930
388.95375565,0.00332963
389.17057273,0.00078060
389.38740477,0.00598227
389.60425177,0.00463523
389.82111374,-0.00122961
390.03799066,0.00502898
390.25488253,0.00198258
390.47178936,0.00082204
390.68871114,0.00167172
390.90564787,0.00090494
391.12259954,-0.00021415
391.33956614,0.00185824
391.55654769,-0.00015197
391.77354418,0.00279081
391.99055559,0.00167172
392.20758194,0.00252140
392.42462321,0.00264574
392.64167941,0.00316384
392.85875053,0.00457305
393.07583657,-0.00046283
393.29293752,0.00424147
393.51005339,0.00482174
393.72718417,0.00374410
393.94432986,0.00556780
394.16149045,0.00098784
394.37866594,0.00245923
394.59585634,0.00527766
394.81306163,0.00247995
395.03028181,0.00357831
395.24751689,0.00743294
395.46476685,0.00291515
395.68203170,0.00424147
395.89931143,0.00641747
396.11660604,0.00341252
396.33391553,0.00531911
396.55123990,0.00107073
396.76857913,0.00279081
396.98593324,0.00270791
397.20330221,-0.00255594
397.42068604,0.00422075
397.63808474,-0.00085658
397.85549829,0.00513260
398.07292670,0.00428292
398.29036996,0.00459378
398.50782807,0.00573359
398.72530103,0.00475957
398.94278883,0.00471812
399.16029147,0.00824117
399.37780895,0.00127797
399.59534127,0.00757801
399.81288841,0.00679050
400.03045039,0.00635530
400.24802720,0.00925664
400.46561883,0.00285298
400.68322529,0.00214837
400.90084656,0.00131942
401.11848265,0.00627241
401.33613355,0.00187896
401.55379926,0.00405496
401.77147978,0.00602372
401.98917511,0.00873854
402.20688524,0.00318456
402.42461017,0.00279081
402.64234989,0.00567142
402.86010441,0.00260429
403.07787372,0.00540201
403.29565782,0.00533984
403.51345670,0.00256284
403.73127037,0.00523622
403.94909882,0.00262502
404.16694205,0.00768163
404.38480005,0.00194113
404.60267282,0.00376483
404.82056036,0.00121580
405.03846267,0.00681123
405.25637974,0.00683195
405.47431157,0.00685267
405.69225816,0.00380627
405.91021951,0.00556780
406.12819561,-0.00015197
406.34618645,0.00351614
406.56419205,0.00382700
406.78221239,0.00349542
407.00024747,0.00639675
407.21829729,0.00053191
407.43636184,0.00909085
407.65444113,0.00492536
407.87253515,0.00631386
408.09064390,0.00554707
408.30876737,0.00600300
408.52690556,0.00751584
408.74505847,0.00422075
408.96322610,0.00627241
409.18140844,0.00480102
409.39960550,0.00291515
409.61781726,0.00705991
409.83604372,0.00571286
410.05428489,0.00977473
410.27254076,0.00353686
410.49081133,0.00907012
410.70909659,0.00674906
410.92739654,0.00453161
411.14571118,0.00822045
411.36404051,0.00558852
411.58238452,0.00842768
411.80074321,0.00538128
412.01911658,0.00911157
412.23750462,0.01228231
412.45590734,0.00658326
412.67432472,0.00569214
412.89275677,0.00735005
413.11120349,0.00467667
413.32966486,0.00370265
413.54814090,0.00558852
413.76663159,0.00772307
413.98513693,0.00306022
414.20365692,0.00235561
414.42219156,0.00656254
414.64074084,0.00177534
414.85930477,0.00581648
415.07788333,0.00243850
415.29647653,0.00548490
415.51508437,0.00094639
415.73370683,0.00436582
415.95234392,0.00498753
416.17099564,0.00691485
416.38966198,0.00782669
416.60834294,0.00515332
416.82703851,0.00556780
417.04574870,-0.00133323
417.26447350,0.00401351
417.48321291,0.00453161
417.70196692,0.00316384
417.92073554,0.00509115
418.13951875,0.00730860
418.35831657,0.00084277
418.57712898,0.00393062
418.79595598,0.00913229
419.01479757,0.00925664
419.23365374,0.00552635
419.45252450,0.00341252
419.67140984,0.00703919
419.89030975,0.00904940
420.10922425,0.01037572
420.32815331,0.00388917
420.54709694,0.00705991
420.76605514,0.00430365
420.98502791,0.00623096
421.20401523,0.00256284
421.42301712,0.00556780
421.64203356,0.00869709
421.86106455,0.00430365
422.08011009,0.00384772
422.29917018,0.00788887
422.51824482,0.00629313
422.73733399,0.00434509
422.95643771,0.00658326
423.17555596,0.00484246
423.39468875,0.00660399
423.61383606,0.00600300
423.83299790,0.00359904
424.05217427,0.00558852
424.27136516,0.00654182
424.49057057,0.00515332
424.70979050,0.00722570
424.92902494,0.00691485
425.14827390,0.00523622
425.36753736,0.00577504
425.58681532,0.00880071
425.80610779,0.00909085
426.02541476,0.01023066
426.24473623,0.00645892
426.46407219,0.00844841
426.68342265,0.00355759
426.90278759,0.00813755
427.12216702,0.00716353
427.34156093,0.00625168
427.56096933,0.00933953
427.78039220,0.01141191
427.99982955,0.00708064
428.21928137,0.00523622
428.43874766,0.00424147
428.65822841,0.00701846
428.87772363,0.00732932
429.09723331,0.00606517
429.31675745,0.00324673
429.53629605,0.00436582
429.75584910,0.00749511
429.97541660,0.00954677
430.19499854,0.00322601
430.41459494,0.00745367
430.63420577,0.00890433
430.85383104,0.00846913
431.07347075,0.00656254
431.29312489,0.01304909
431.51279347,0.00753656
431.73247647,0.00498753
431.95217390,0.00614806
432.17188574,0.00832407
432.39161201,0.00465595
432.61135270,0.00670761
432.83110780,0.00913229
433.05087731,0.01163988
433.27066123,0.00799248
433.49045956,0.00853130
433.71027229,0.00674906
433.93009942,0.00915302
434.14994095,0.00670761
434.36979687,0.00784742
434.58966718,0.00877999
434.80955189,0.00892506
435.02945098,0.00865565
435.24936445,0.01510075
435.46929230,0.00973328
435.68923454,0.01041717
435.90919115,0.01110106
436.12916213,0.01128757
436.34914748,0.01195073
436.56914720,0.00971256
436.78916128,0.00859347
437.00918972,0.00929808
437.22923252,0.00931881
437.44928968,0.01081092
437.66936119,0.01137047
437.88944706,0.01052079
438.10954727,0.00981618
438.32966182,0.01170205
438.54979072,0.00948460
438.76993395,0.01617839
438.99009153,0.01286258
439.21026343,0.01315271
439.43044967,0.01367081
439.65065024,0.01837511
439.87086513,0.01124612
440.09109434,0.01087309
440.31133788,0.01116323
440.53159573,0.01520437
440.75186789,0.00888361
440.97215437,0.01060368
441.19245516,0.01423035
441.41277025,0.01228231
441.63309964,0.01089382
441.85344334,0.01684155
442.07380133,0.01137047
442.29417362,0.01323561
442.51456020,0.01166060
442.73496107,0.01414746
442.95537623,0.01313199
443.17580567,0.01458266
443.39624939,0.01621984
443.61670739,0.01161915
443.83717967,0.01534944
444.05766622,0.01425108
444.27816704,0.01922479
444.49868212,0.01056224
444.71921147,0.01213725
444.93975509,0.01371226
445.16031296,0.01537016
445.38088508,0.01528727
445.60147147,0.01526654
445.82207210,0.01176422
446.04268698,0.01584681
446.26331610,0.01646852
446.48395947,0.01083165
446.70461707,0.01213725
446.92528892,0.01064513
447.14597499,0.01503858
447.36667530,0.00877999
447.58738984,0.01783630
447.80811860,0.01344285
448.02886158,0.00946387
448.24961879,0.01335995
448.47039021,0.01414746
448.69117585,0.02088270
448.91197570,0.01497641
449.13278975,0.00996125
449.35361802,0.01176422
449.57446049,0.01404384
449.79531715,0.00965039
450.01618802,0.01201290
450.23707308,0.00917374
450.45797234,0.01686228
450.67888578,0.01371226
450.89981341,0.01180567
451.12075522,0.01537016
451.34171122,0.01690372
451.56268139,0.01777412
451.78366574,0.01644780
452.00466426,0.01595043
452.22567696,0.01091454
452.44670382,0.01425108
452.66774484,0.00907012
452.88880003,0.01860308
453.10986938,0.01170205
453.33095288,0.01495569
453.55205053,0.01296620
453.77316234,0.01039645
453.99428830,0.01644780
454.21542840,0.01377443
454.43658264,0.01501786
454.65775102,0.01298692
454.87893354,0.01335995
455.10013019,0.01518365
455.32134098,0.01995012
455.54256589,0.01932841
455.76380493,0.01172277
455.98505809,0.01454121
456.20632537,0.01640635
456.42760677,0.01516292
456.64890229,0.01319416
456.87021191,0.01731820
457.09153565,0.01555668
457.31287349,0.01744254
457.53422544,0.02278929
457.75559149,0.02096559
457.97697163,0.01443759
458.19836587,0.01816788
458.41977420,0.01748399
458.64119663,0.02115211
458.86263313,0.01495569
459.08408373,0.02050967
459.30554840,0.01845801
459.52702716,0.02419851
459.74851999,0.01686228
459.97002689,0.02471660
460.19154786,0.02133862
460.41308290,0.02401199
460.63463201,0.01905900
460.85619518,0.01615767
461.07777241,0.02088270
461.29936369,0.02019881
461.52096903,0.02283073
461.74258841,0.02111066
461.96422185,0.02046822
462.18586933,0.02148369
462.40753086,0.02635378
462.62920642,0.02140079
462.85089602,0.01980506
463.07259966,0.02042677
463.29431733,0.01713169
463.51604902,0.01920407
463.73779475,0.01885176
463.95955449,0.02135934
464.18132826,0.02374258
464.40311604,0.01939058
464.62491784,0.02233336
464.84673365,0.02017809
465.06856347,0.02459226
465.29040730,0.02113138
465.51226513,0.02307942
465.73413696,0.01878959
465.95602279,0.02249915
466.17792261,0.02235409
466.39983643,0.02639523
466.62176424,0.02467515
466.84370603,0.02859196
467.06566181,0.02596003
467.28763157,0.02591858
467.50961531,0.02312087
467.73161303,0.02687188
467.95362472,0.02266494
468.17565038,0.02944163
468.39769001,0.02390837
468.61974360,0.02475805
468.84181116,0.02380475
469.06389267,0.03122388
469.28598814,0.02734853
469.50809757,0.02973176
469.73022094,0.02975249
469.95235827,0.02772155
470.17450954,0.02699622
470.39667475,0.02511035
470.61885390,0.02712056
470.84104699,0.02747287
471.06325402,0.02979394
471.28547498,0.02266494
471.50770986,0.02705839
471.72995867,0.02131790
471.95222141,0.02233336
472.17449806,0.02347317
472.39678864,0.02262350
472.61909313,0.02370113
472.84141153,0.02138007
473.06374384,0.03020841
473.28609005,0.02639523
473.50845017,0.02467515
473.73082420,0.02318304
473.95321212,0.02409489
474.17561393,0.02606365
474.39802964,0.02620872
474.62045924,0.02517253
474.84290273,0.02133862
475.06536010,0.02803241
475.28783136,0.02801169
475.51031649,0.02645740
475.73281550,0.02100704
475.95532838,0.02042677
476.17785513,0.02291363
476.40039575,0.02469588
476.62295024,0.02492384
476.84551859,0.02535904
477.06810080,0.02409489
477.29069686,0.02625016
477.51330678,0.02285146
477.73593055,0.02790807
477.95856817,0.02399127
478.18121963,0.02647813
478.40388494,0.02372186
478.62656409,0.02919295
478.84925707,0.02479950
479.07196389,0.02614654
479.29468455,0.02436430
479.51741903,0.03002190
479.74016733,0.02374258
479.96292946,0.02695477
480.18570542,0.02838472
480.40849519,0.02473733
480.63129877,0.02701695
480.85411617,0.02641595
481.07694738,0.02446792
481.29979239,0.02658175
481.52265121,0.02469588
481.74552383,0.02419851
481.96841025,0.02515180
482.19131046,0.02689260
482.41422447,0.02384620
482.63715227,0.02571134
482.86009385,0.02245771
483.08304922,0.02272712
483.30601837,0.02216757
483.52900130,0.02562845
483.75199801,0.02218830
483.97500849,0.02475805
484.19803274,0.02494456
484.42107076,0.02276856
484.64412255,0.02757649
484.86718810,0.02465443
485.09026741,0.02001230
485.31336047,0.01986723
485.53646729,0.02382548
485.75958786,0.02247843
485.98272218,0.02133862
486.20587024,0.01965999
486.42903205,0.01976361
486.65220760,0.02088270
486.87539689,0.02676826
487.09859991,0.02583569
487.32181666,0.02239553
487.54504715,0.02730708
487.76829136,0.02546266
487.99154929,0.02697550
488.21482094,0.02848834
488.43810631,0.02720346
488.66140540,0.03207356
488.88471820,0.02911005
489.10804471,0.03045710
489.33138493,0.03418738
489.55473885,0.03064361
489.77810647,0.03255020
490.00148780,0.03532719
490.22488281,0.03748247
490.44829153,0.03969992
490.67171393,0.03543081
490.89515002,0.04077756
491.11859979,0.03955485
491.34206325,0.04193809
491.56554038,0.03802129
491.78903120,0.04040453
492.01253568,0.03472620
492.23605384,0.04075683
492.45958567,0.03820780
492.68313116,0.03996933
492.90669031,0.03487127
493.13026312,0.03072651
493.35384960,0.02937946
493.57744972,0.02678898
493.80106350,0.02579424
494.02469092,0.03194921
494.24833200,0.03002190
494.47198671,0.03223935
494.69565507,0.02678898
494.91933706,0.03570022
495.14303269,0.02985611
495.36674195,0.02598075
495.59046484,0.03205283
495.81420136,0.03014624
496.03795150,0.02865413
496.26171526,0.02571134
496.48549264,0.03045710
496.70928364,0.02956597
496.93308825,0.03255020
497.15690647,0.03686076
497.38073830,0.03416666
497.60458373,0.03773116
497.82844276,0.04709832
498.05231539,0.03930617
498.27620162,0.03899531
498.50010144,0.03949268
498.72401485,0.03984499
498.94794185,0.04597923
499.17188244,0.03818708
499.39583661,0.04129565
499.61980435,0.03864300
499.84378568,0.04237329
500.06778058,0.04042525
500.29178904,0.04517101
500.51581108,0.03758609
500.73984668,0.04301573
500.96389585,0.04131638
501.18795858,0.03893314
501.41203486,0.04403120
501.63612470,0.03882952
501.86022809,0.04508811
502.08434503,0.04461146
502.30847551,0.04713977
502.53261954,0.04137855
502.75677711,0.03804201
502.98094822,0.03959630
503.20513286,0.03922327
503.42933104,0.04061177
503.65354274,0.03750319
503.87776797,0.03308902
504.10200673,0.03114098
504.32625901,0.03584529
504.55052480,0.03286106
504.77480411,0.03141039
504.99909694,0.02979394
505.22340327,0.03373146
505.44772312,0.02826037
505.67205646,0.02593931
505.89640331,0.03132750
506.12076366,0.02591858
506.34513750,0.02654030
506.56952484,0.02604293
506.79392567,0.02370113
507.01833999,0.02747287
507.24276779,0.03112026
507.46720907,0.02875775
507.69166384,0.02886136
507.91613208,0.02832255
508.14061380,0.03039493
508.36510898,0.02830182
508.58961764,0.03453969
508.81413976,0.03381436
509.03867534,0.03642556
509.26322439,0.03567950
509.48778689,0.03567950
509.71236285,0.04086045
509.93695226,0.03640483
510.16155512,0.03553443
510.38617142,0.03549298
510.61080117,0.03553443
510.83544436,0.03642556
511.06010099,0.03232224
511.28477105,0.04005222
511.50945454,0.03866373
511.73415147,0.03638411
511.95886182,0.03543081
512.18358560,0.03493344
512.40832280,0.02966959
512.63307341,0.03541009
512.85783745,0.03536864
513.08261489,0.03080940
513.30740575,0.03329626
513.53221001,0.03406304
513.75702768,0.03387653
513.98185875,0.02730708
514.20670322,0.02799096
514.43156109,0.02697550
514.65643235,0.02801169
514.88131700,0.02645740
515.10621504,0.03458114
515.33112647,0.03027058
515.55605128,0.02929656
515.78098946,0.03047782
516.00594103,0.02962815
516.23090597,0.02544194
516.45588428,0.03325481
516.68087596,0.02662319
516.90588100,0.02828110
517.13089941,0.02423995
517.35593118,0.02658175
517.58097631,0.02521397
517.80603479,0.02805314
518.03110663,0.02243698
518.25619181,0.02697550
518.48129034,0.02523470
518.70640222,0.02817748
518.93152743,0.02765938
519.15666598,0.02747287
519.38181787,0.02440574
519.60698310,0.02707912
519.83216165,0.02417778
520.05735353,0.02057184
520.28255873,0.02229192
520.50777726,0.02133862
520.73300910,0.02330738
520.95825426,0.02598075
521.18351273,0.02589786
521.40878452,0.02525542
521.63406961,0.02285146
521.85936801,0.02540049
522.08467971,0.02295508
522.31000471,0.02237481
522.53534300,0.02521397
522.76069459,0.02917222
522.98605947,0.02838472
523.21143764,0.03186632
523.43682910,0.03074723
523.66223383,0.02927584
523.88765185,0.03369001
524.11308315,0.03186632
524.33852772,0.03211500
524.56398556,0.02850906
524.78945667,0.03499561
525.01494104,0.03321337
525.24043868,0.03418738
525.46594959,0.03864300
525.69147374,0.04446640
525.91701116,0.03818708
526.14256182,0.03547226
526.36812574,0.03350350
526.59370290,0.03750319
526.81929331,0.03408377
527.04489696,0.03453969
527.27051384,0.03116171
527.49614396,0.02892354
527.72178732,0.02919295
527.94744390,0.02919295
528.17311372,0.03091302
528.39879675,0.03549298
528.62449301,0.03223935
528.85020249,0.03766899
529.07592518,0.03605253
529.30166109,0.03578312
529.52741021,0.03644628
529.75317254,0.04214533
529.97894807,0.03466403
530.20473680,0.04183447
530.43053874,0.04148217
530.65635387,0.05414442
530.88218219,0.04345093
531.10802371,0.04730556
531.33387841,0.04817596
531.55974630,0.04790655
531.78562738,0.04989604
532.01152163,0.05099440
532.23742906,0.04929504
532.46334967,0.04989604
532.68928344,0.04825885
532.91523039,0.04892202
533.14119051,0.05441383
533.36716378,0.04973025
533.59315022,0.05082861
533.81914982,0.04772004
534.04516257,0.05795760
534.27118847,0.04919143
534.49722752,0.04742990
534.72327973,0.05047630
534.94934507,0.05190625
535.17542356,0.05874510
535.40151518,0.05727371
535.62761994,0.04850754
535.85373784,0.05217566
536.07986886,0.05812339
536.30601301,0.05590594
536.53217029,0.05779181
536.75834069,0.05087005
536.98452420,0.05333619
537.21072084,0.05383356
537.43693059,0.05812339
537.66315345,0.05002038
537.88938941,0.05211348
538.11563848,0.05147105
538.34190066,0.05457962
538.56817593,0.05051775
538.79446431,0.05028979
539.02076577,0.05200986
539.24708033,0.05557436
539.47340798,0.05455889
539.69974871,0.05051775
539.92610252,0.05109802
540.15246942,0.05039341
540.37884939,0.05186480
540.60524244,0.06052735
540.83164856,0.05356415
541.05806775,0.06036156
541.28450001,0.05961550
541.51094533,0.06519021
541.73740371,0.06560469
541.96387515,0.06492080
542.19035965,0.06181223
542.41685719,0.06894122
542.64336779,0.06800865
542.86989144,0.07414290
543.09642813,0.06218526
543.32297786,0.06419547
543.54954063,0.05741878
543.77611643,0.06402968
544.00270527,0.06021649
544.22930714,0.06695173
544.45592204,0.06338724
544.68254996,0.06434053
544.90919091,0.06224743
545.13584487,0.06811227
545.36251185,0.05818556
545.58919184,0.05959478
545.81588485,0.05913886
546.04259086,0.06293131
546.26930988,0.06197802
546.49604191,0.06247539
546.72278693,0.06143920
546.94954495,0.06467211
547.17631596,0.06204019
547.40309997,0.06434053
547.62989696,0.06262046
547.85670694,0.07014320
548.08352991,0.07843273
548.31036585,0.06711752
548.53721477,0.07231920
548.76407667,0.07764522
548.99095154,0.07420507
549.21783938,0.07362480
549.44474018,0.07609094
549.67165395,0.07743798
549.89858069,0.07779029
550.12552038,0.07455737
550.35247302,0.07372842
550.57943862,0.07397711
550.80641717,0.07347974
551.03340866,0.07314815
551.26041310,0.07980050
551.48743048,0.08313703
551.71446081,0.08234953
551.94150406,0.09099136
552.16856025,0.09159235
552.39562937,0.09291867
552.62271142,0.09018313
552.84980640,0.08817292
553.07691429,0.09150945
553.30403511,0.08898115
553.53116884,0.09020385
553.75831549,0.09138511
553.98547505,0.09200683
554.21264752,0.09635883
554.43983289,0.09588218
554.66703116,0.10118747
554.89424234,0.10462763
555.12146641,0.10916614
555.34870338,0.10506283
555.57595324,0.11248195
555.80321599,0.11306222
556.03049162,0.11043030
556.25778014,0.10783982
556.48508154,0.11300005
556.71239582,0.11463723
556.93972297,0.11078260
557.16706300,0.10286610
557.39441589,0.10777765
557.62178165,0.11644020
557.84916028,0.11045102
558.07655177,0.11409841
558.30395611,0.11722771
558.53137331,0.11345597
558.75880337,0.11849186
558.98624627,0.11391190
559.21370202,0.11324873
559.44117062,0.10736317
559.66865206,0.11221254
559.89614634,0.11378755
560.12365345,0.10775692
560.35117340,0.11136287
560.57870618,0.10933193
560.80625179,0.10442039
561.03381022,0.10688652
561.26138148,0.11109346
561.48896555,0.11324873
561.71656244,0.11094839
561.94417215,0.11171517
562.17179467,0.11364249
562.39942999,0.11300005
562.62707812,0.11534184
562.85473906,0.11956950
563.08241279,0.11807738
563.31009933,0.11364249
563.53779866,0.12220142
563.76551078,0.11521750
563.99323568,0.11811883
564.22097338,0.11650237
564.44872386,0.10958062
564.67648712,0.11612934
564.90426316,0.11395334
565.13205197,0.11511388
565.35985356,0.11689613
565.58766792,0.12077148
565.81549504,0.12313399
566.04333493,0.12655342
566.27118758,0.11329018
566.49905298,0.11484447
566.72693115,0.11438854
566.95482207,0.11559053
567.18272573,0.11384972
567.41064215,0.11326946
567.63857131,0.10912470
567.86651321,0.11223327
568.09446785,0.10790199
568.32243523,0.11347670
568.55041534,0.10446184
568.77840819,0.11119708
569.00641376,0.10564309
569.23443206,0.10854443
569.46246308,0.11161155
569.69050682,0.10933193
569.91856327,0.11331091
570.14663244,0.10728028
570.37471433,0.10748751
570.60280892,0.11088622
570.83091622,0.10980858
571.05903622,0.10777765
571.28716892,0.10835791
571.51531432,0.11532112
571.74347241,0.11326946
571.97164320,0.10823357
572.19982667,0.10887601
572.42802284,0.10348782
572.65623168,0.10272104
572.88445321,0.10728028
573.11268742,0.09847265
573.34093430,0.09424500
573.56919385,0.10276248
573.79746608,0.09741574
574.02575097,0.10116675
574.25404853,0.10166412
574.48235874,0.10512500
574.71068162,0.10844081
574.93901715,0.10253452
575.16736534,0.11237833
575.39572618,0.11034740
575.62409966,0.11250268
575.85248579,0.11476157
576.08088456,0.11575632
576.30929597,0.12294748
576.53772002,0.12506131
576.76615671,0.12833567
576.99460602,0.12918535
577.22306796,0.12696790
577.45154253,0.13146497
577.68002972,0.12723731
577.90852953,0.12429453
578.13704196,0.12412874
578.36556700,0.12128957
578.59410465,0.11747639
578.82265492,0.12460538
579.05121779,0.12019121
579.27979326,0.11940371
579.50838133,0.11515532
579.73698201,0.11449216
579.96559527,0.11517605
580.19422113,0.11161155
580.42285958,0.10875167
580.65151062,0.10802633
580.88017424,0.10574671
581.10885044,0.10578816
581.33753922,0.11014016
581.56624057,0.10522862
581.79495450,0.10415098
582.02368100,0.09992332
582.25242007,0.09990260
582.48117170,0.10027563
582.70993589,0.10141544
582.93871264,0.10812995
583.16750195,0.10290755
583.39630381,0.09849338
583.62511822,0.10375723
583.85394518,0.10052431
584.08278469,0.10303189
584.31163674,0.10255525
584.54050133,0.09996477
584.76937845,0.10926976
584.99826811,0.10854443
585.22717030,0.11602573
585.45608502,0.11047174
585.68501226,0.11898923
585.91395203,0.11863693
586.14290432,0.12267807
586.37186912,0.12234649
586.60084644,0.13219030
586.82983628,0.13380676
587.05883862,0.14524630
587.28785347,0.14719434
587.51688082,0.14816836
587.74592067,0.14926672
587.97497302,0.13873903
588.20403787,0.13822093
588.43311520,0.14068706
588.66220503,0.14201339
588.89130735,0.13745415
589.12042215,0.14070779
589.34954943,0.14495617
589.57868919,0.14273872
589.80784142,0.14626177
590.03700613,0.14014824
590.26618331,0.14249004
590.49537296,0.14437590
590.72457507,0.13942291
590.95378964,0.13938146
591.18301667,0.14719434
591.41225616,0.14787823
591.64150811,0.14607526
591.87077250,0.15146345
592.10004934,0.15616775
592.32933863,0.15666512
592.55864036,0.14762954
592.78795453,0.14852067
593.01728114,0.15544242
593.24662018,0.15272760
593.47597165,0.14657263
593.70533555,0.15289339
593.93471188,0.15585690
594.16410063,0.15339076
594.39350180,0.15121476
594.62291539,0.15357728
594.85234140,0.15409537
595.08177981,0.15529735
595.31123064,0.14941179
595.54069387,0.14725651
595.77016951,0.15305918
595.99965755,0.14937034
596.22915798,0.15053088
596.45867081,0.14926672
596.68819604,0.15075884
596.91773365,0.14155746
597.14728365,0.14271800
597.37684603,0.14966047
597.60642080,0.15013712
597.83600795,0.15757697
598.06560747,0.16300661
598.29521936,0.16010528
598.52484363,0.16122436
598.75448026,0.16381484
598.98412926,0.16350398
599.21379062,0.17067442
599.44346434,0.17525438
599.67315042,0.18683900
599.90284885,0.19255877
600.13255963,0.20604997
600.36228276,0.20652662
600.59201824,0.20271344
600.82176606,0.20169797
601.05152622,0.20103481
601.28129871,0.19848578
601.51108354,0.20938651
601.74088070,0.21539641
601.97069019,0.21695070
602.20051201,0.22393462
602.43034615,0.23236922
602.66019261,0.23100144
602.89005139,0.23220342
603.11992249,0.22455634
603.34980589,0.23848274
603.57970161,0.24552884
603.80960963,0.25205684
604.03952996,0.26370362
604.26946259,0.28017905
604.49940751,0.28324618
604.72936474,0.28801266
604.95933425,0.28293532
605.18931606,0.28295604
605.41931015,0.28179551
605.64931653,0.28623041
605.87933519,0.28279025
606.10936612,0.29885121
606.33940934,0.29112123
606.56946483,0.29607422
606.79953259,0.28962911
607.02961261,0.29197090
607.25970490,0.29277913
607.48980946,0.29891338
607.71992627,0.29414690
607.95005534,0.29624001
608.18019667,0.31275689
608.41035024,0.31337860
608.64051607,0.31990660
608.87069414,0.32931522
609.10088445,0.32096352
609.33108700,0.33310767
609.56130179,0.33741823
609.79152882,0.34842257
610.02176808,0.34568703
610.25201956,0.34268208
610.48228328,0.34719987
610.71255921,0.34116924
610.94284737,0.34264063
611.17314775,0.34719987
611.40346034,0.34429853
611.63378514,0.33969785
611.86412215,0.33207148
612.09447137,0.32328459
612.32483280,0.32264215
612.55520642,0.30036405
612.78559225,0.28094583
613.01599027,0.25296869
613.24640048,0.24546667
613.47682288,0.22656655
613.70725747,0.22824518
613.93770425,0.21438095
614.16816321,0.21365561
614.39863434,0.21579016
614.62911766,0.20982171
614.85961314,0.20851611
615.09012080,0.21746879
615.32064063,0.21098224
615.55117262,0.21004967
615.78171677,0.20841249
616.01227308,0.21156251
616.24284156,0.21730300
616.47342218,0.21340693
616.70401496,0.21954117
616.93461988,0.21622536
617.16523695,0.22505371
617.39586617,0.20975953
617.62650752,0.20563550
617.85716101,0.19993645
618.08782664,0.19821637
618.31850440,0.18489096
618.54919429,0.18352319
618.77989630,0.17979290
619.01061044,0.17452905
619.24133670,0.16918231
619.47207508,0.16928593
619.70282557,0.16737934
619.93358818,0.17386589
620.16436289,0.16381484
620.39514972,0.16534840
620.62594864,0.15519373
620.85675967,0.15645789
621.08758280,0.15200227
621.31841802,0.14284234
621.54926534,0.13623144
621.78012475,0.12895738
622.01099624,0.12388005
622.24187982,0.12313399
622.47277549,0.11874054
622.70368323,0.11855403
622.93460305,0.10858588
623.16553494,0.10875167
623.39647890,0.11011944
623.62743493,0.11134214
623.85840303,0.10993292
624.08938319,0.11270991
624.32037541,0.11007799
624.55137968,0.10920759
624.78239602,0.10180919
625.01342440,0.10139471
625.24446483,0.10232728
625.47551731,0.10039997
625.70658183,0.10039997
625.93765839,0.09687692
626.16874699,0.09801673
626.39984763,0.08995517
626.63096029,0.09799601
626.86208499,0.09872134
627.09322171,0.09600652
627.32437046,0.10850298
627.55553123,0.11169445
627.78670401,0.11639875
628.01788882,0.11878199
628.24908563,0.13026299
628.48029446,0.11932081
628.71151529,0.12630474
628.94274813,0.12690573
629.17399296,0.13100904
629.40524980,0.13190017
629.63651863,0.13405544
629.86779946,0.13393110
630.09909228,0.13662520
630.33039709,0.14433445
630.56171388,0.15502794
630.79304265,0.15479998
631.02438340,0.17195930
631.25573613,0.17672578
631.48710084,0.18279785
631.71847751,0.18781302
631.94986615,0.19432029
632.18126676,0.19840288
632.41267933,0.20855755
632.64410387,0.20157363
632.87554035,0.21576944
633.10698880,0.23363337
633.33844919,0.24121828
633.56992154,0.25319665
633.80140583,0.25292724
634.03290207,0.23862781
634.26441024,0.22679451
634.49593035,0.22242178
634.72746240,0.22256685
634.95900638,0.23209981
635.19056229,0.24316632
635.42213013,0.25593219
635.65370989,0.24925912
635.88530158,0.25667825
636.11690518,0.25999406
636.34852069,0.25680259
636.58014812,0.26936122
636.81178746,0.28200275
637.04343871,0.29744199
637.27510187,0.30803186
637.50677692,0.32564710
637.73846387,0.32577144
637.97016272,0.32009312
638.20187347,0.31872535
638.43359610,0.30712001
638.66533062,0.31601053
638.89707703,0.31901548
639.12883532,0.31938851
639.36060549,0.31887041
639.59238754,0.32300872
639.82418146,0.33374908
640.05598725,0.33916173
640.28780491,0.35452192
640.51963444,0.35967981
640.75147583,0.34417521
640.98332908,0.34691960
641.21519419,0.33956811
641.44707115,0.33824599
641.67895997,0.31882096
641.91086063,0.30700139
642.14277314,0.30038572
642.37469750,0.29754901
642.60663369,0.30074609
642.83858172,0.29391966
643.07054159,0.30417940
643.30251329,0.30192882
643.53449683,0.31344599
643.76649218,0.30125060
643.99849937,0.29723156
644.23051837,0.29327862
644.46254919,0.29249851
644.69459183,0.29751256
644.92664628,0.29323230
645.15871254,0.28949626
645.39079061,0.27522717
645.62288049,0.27816687
645.85498217,0.27438136
646.08709564,0.27412060
646.31922091,0.26888708
646.55135798,0.25952523
646.78350684,0.26112910
647.01566748,0.25662936
647.24783991,0.24437408
647.48002413,0.24362904
647.71222012,0.23952615
647.94442789,0.24160166
648.17664744,0.24277691
648.40887875,0.23848623
648.64112184,0.23284394
648.87337669,0.23398744
649.10564331,0.23417448
649.33792168,0.23561451
649.57021181,0.22916387
649.80251370,0.23711133
650.03482734,0.24065930
650.26715273,0.24065079
650.49948987,0.23552650
650.73183875,0.23246503
650.96419937,0.23109403
651.19657173,0.23380186
651.42895582,0.23648749
651.66135165,0.23781956
651.89375921,0.22523653
652.12617849,0.23100410
652.35860950,0.23443316
652.59105224,0.22534215
652.82350669,0.22735828
653.05597285,0.23417836
653.28845073,0.23377856
653.52094032,0.22492775
653.75344162,0.23629575
653.98595462,0.23447628
654.21847933,0.23594372
654.45101573,0.22981487
654.68356383,0.23816434
654.91612363,0.23818181
655.14869511,0.23104964
655.38127829,0.24929665
655.61387315,0.23997569
655.84647969,0.24128235
656.07909792,0.25451017
656.31172782,0.25393558
656.54436939,0.24917373
656.77702264,0.24924285
657.00968756,0.25193325
657.24236414,0.26059065
657.47505238,0.26943839
657.70775229,0.27192593
657.94046385,0.27378085
658.17318707,0.27670152
658.40592195,0.28168491
658.63866847,0.28179009
658.87142663,0.28602453
659.10419645,0.27808717
659.33697790,0.28185764
659.56977099,0.28943452
659.80257572,0.28867455
660.03539208,0.28038922
660.26822007,0.27895036
660.50105969,0.26666792
660.73391093,0.27801730
660.96677380,0.27373249
661.19964828,0.28225152
661.43253438,0.28648636
661.66543209,0.28895597
661.89834142,0.29323260
662.13126235,0.28995869
662.36419489,0.29710438
662.59713903,0.31544246
662.83009477,0.30914239
663.06306210,0.30125833
663.29604103,0.29320272
663.52903155,0.29165062
663.76203367,0.27727005
663.99504736,0.26424877
664.22807264,0.25773883
664.46110950,0.24905339
664.69415794,0.24691617
664.92721795,0.24776734
665.16028953,0.24970818
665.39337269,0.25159466
665.62646740,0.25460579
665.85957369,0.25346758
666.09269153,0.24764337
666.32582093,0.25471757
666.55896189,0.24661375
666.79211440,0.23941531
667.02527846,0.23827550
667.25845406,0.22841097
667.49164121,0.22368594
667.72483991,0.21912670
667.95805014,0.21411154
668.19127190,0.20669241
668.42450520,0.21645333
668.65775003,0.20488944
668.89100639,0.20915854
669.12427427,0.20546971
669.35755368,0.20797729
669.59084460,0.20341805
669.82414704,0.21299245
670.05746099,0.22436982
670.29078646,0.22107474
670.52412343,0.21862933
670.75747191,0.23440015
670.99083189,0.24233737
671.22420337,0.24196434
671.45758635,0.25783878
671.69098082,0.25514469
671.92438678,0.26115459
672.15780424,0.26772404
672.39123317,0.27170301
672.62467360,0.28759818
672.85812550,0.28896595
673.09158888,0.29713113
673.32506373,0.30177327
673.55855006,0.30295453
673.79204785,0.29800153
674.02555712,0.30129662
674.25907784,0.30303742
674.49261003,0.31031148
674.72615367,0.30305814
674.95970878,0.31068451
675.19327533,0.31617632
675.42685333,0.32512901
675.66044278,0.32218622
675.89404368,0.34444360
676.12765601,0.33920048
676.36127979,0.34935514
676.59491500,0.36073252
676.82856165,0.35936475
677.06221972,0.35739598
677.29588922,0.35642196
677.52957015,0.35490913
677.76326250,0.35051568
677.99696627,0.33870310
678.23068146,0.33690013
678.46440806,0.33462051
678.69814607,0.32566782
678.93189549,0.31418683
679.16565631,0.31696382
679.39942854,0.30301670
679.63321217,0.29377388
679.86700720,0.28977418
680.10081361,0.28366065
680.33463143,0.27881128
680.56846063,0.27773364
680.80230121,0.26596252
681.03615318,0.27574416
681.27001653,0.26154835
681.50389126,0.26635627
681.73777736,0.26826286
681.97167484,0.25968320
682.20558368,0.25719634
682.43950390,0.25748648
682.67343547,0.25004663
682.90737841,0.24107322
683.14133270,0.23823405
683.37529836,0.22584121
683.60927536,0.22186224
683.84326371,0.21744807
684.07726341,0.21431877
684.31127446,0.21738590
684.54529685,0.21576944
684.77933057,0.21423588
685.01337564,0.22061881
685.24743203,0.21856716
685.48149976,0.23576792
685.71557881,0.24511436
685.94966919,0.24772556
686.18377090,0.26028419
686.41788392,0.26977570
686.65200826,0.28154683
686.88614391,0.28241723
687.12029088,0.29729692
687.35444915,0.29023010
687.58861873,0.28882088
687.82279961,0.28393006
688.05699179,0.28465540
688.29119527,0.28330835
688.52541004,0.28003399
688.75963611,0.28208564
688.99387346,0.28902812
689.22812210,0.29261334
689.46238203,0.30084070
689.69665323,0.29777357
689.93093571,0.30730653
690.16522947,0.31130622
690.39953450,0.31793784
690.63385080,0.31808291
690.86817837,0.32475598
691.10251720,0.32450729
691.33686730,0.33086950
691.57122865,0.32170958
691.80560125,0.32709777
692.03998511,0.32382341
692.27438023,0.33296261
692.50878658,0.32407209
692.74320419,0.33638204
692.97763303,0.32952245
693.21207312,0.33756329
693.44652444,0.33602973
693.68098699,0.35124101
693.91546077,0.35648414
694.14994579,0.36746776
694.38444203,0.37130166
694.61894949,0.37747736
694.85346817,0.38649222
695.08799806,0.39384917
695.32253918,0.38740407
695.55709150,0.39507188
695.79165503,0.40512293
696.02622977,0.40456338
696.26081571,0.41359897
696.49541285,0.42192994
696.73002119,0.43179448
696.96464072,0.43312080
697.19927145,0.43303790
697.43391336,0.43720339
697.66856647,0.42997078
697.90323075,0.43341093
698.13790622,0.42617832
698.37259286,0.43515173
698.60729068,0.43801162
698.84199967,0.44053992
699.07671984,0.45508804
699.31145117,0.45444560
699.54619366,0.46453810
699.78094731,0.45529528
700.01571213,0.47119044
700.25048810,0.47187433
700.48527522,0.49230801
700.72007349,0.49978931
700.95488292,0.51323906
701.18970348,0.51705224
701.42453519,0.52111411
701.65937804,0.53054345
701.89423202,0.53790040
702.12909714,0.54913271
702.36397339,0.54173431
702.59886077,0.56144265
702.83375927,0.55170246
703.06866889,0.55253141
703.30358964,0.54415899
703.53852150,0.54030436
703.77346448,0.54171358
704.00841857,0.54148562
704.24338376,0.54679092
704.47836007,0.53537210
704.71334748,0.52679244
704.94834598,0.52739343
705.18335559,0.53545499
705.41837629,0.50909430
705.65340808,0.50163373
705.88845096,0.50762291
706.12350493,0.51218215
706.35856998,0.51962200
706.59364612,0.53653263
706.82873333,0.55346399
707.06383161,0.57613584
707.29894097,0.57708913
707.53406141,0.60568800
707.76919290,0.62365554
708.00433546,0.64991261
708.23948909,0.67223216
708.47465377,0.70081030
708.70982951,0.69792969
708.94501630,0.71997983
709.18021414,0.70613632
709.41542303,0.71929594
709.65064297,0.68675956
709.88587395,0.67111308
710.12111597,0.64263856
710.35636902,0.61401897
710.59163311,0.59600998
710.82690823,0.58343062
711.06219437,0.56194003
711.29749155,0.56162917
711.53279974,0.55006528
711.76811896,0.54078101
712.00344920,0.53475038
712.23879044,0.54308135
712.47414270,0.54465636
712.70950597,0.54177575
712.94488025,0.53980699
713.18026553,0.55120509
713.41566181,0.52285491
713.65106908,0.54801362
713.88648736,0.54047015
714.12191662,0.53236714
714.35735688,0.53756882
714.59280812,0.51282459
714.82827034,0.51400584
715.06374355,0.49647350
715.29922774,0.48526191
715.53472290,0.49674291
715.77022903,0.48049544
716.00574614,0.49769620
716.24127421,0.48704416
716.47681324,0.47336645
716.71236324,0.46992629
716.94792420,0.47496218
717.18349611,0.46486968
717.41907898,0.47908622
717.65467280,0.47087959
717.89027757,0.46862069
718.12589328,0.46319105
718.36151993,0.45776141
718.59715752,0.43705832
718.83280605,0.43726556
719.06846552,0.41592003
719.30413591,0.40763051
719.53981724,0.39556925
719.77550949,0.38458563
720.01121266,0.38860605
720.24692676,0.38972513
720.48265177,0.40215942
720.71838769,0.41314304
720.95413453,0.41629306
721.18989228,0.42764971
721.42566093,0.42447897
721.66144049,0.42402304
721.89723095,0.43357672
722.13303231,0.43716194
722.36884456,0.43819813
722.60466770,0.44041558
722.84050173,0.42858228
723.07634666,0.43573200
723.31220246,0.43017802
723.54806915,0.42843722
723.78394671,0.42586746
724.01983515,0.41977466
724.25573447,0.40010776
724.49164465,0.39969329
724.72756571,0.37870006
724.96349762,0.37845138
725.19944040,0.36817237
725.43539404,0.36328155
725.67135854,0.34993541
725.90733388,0.34429853
726.14332008,0.34831895
726.37931713,0.34303438
726.61532503,0.32977114
726.85134376,0.31692238
727.08737334,0.31615559
727.32341375,0.31312992
727.55946500,0.30251932
727.79552708,0.30434302
728.03159998,0.30129662
728.26768372,0.29597060
728.50377827,0.30479894
728.73988365,0.31031148
728.97599985,0.30720291
729.21212686,0.31056016
729.44826468,0.30691277
729.68441331,0.30770028
729.92057275,0.29789791
730.15674299,0.28473829
730.39292403,0.28933898
730.62911587,0.27379612
730.86531851,0.26817997
731.10153194,0.26177631
731.33775616,0.26018057
731.57399117,0.25361112
731.81023696,0.24277257
732.04649353,0.24070019
732.28276088,0.22814156
732.51903901,0.22855603
732.75532791,0.22281554
732.99162758,0.21380068
733.22793802,0.20849538
733.46425923,0.21288883
733.70059119,0.20565622
733.93693392,0.19742887
734.17328740,0.19736669
734.40965164,0.20207100
734.64602662,0.19318048
734.88241236,0.19479694
735.11880884,0.19840288
735.35521607,0.18694262
735.59163403,0.18207252
735.82806273,0.18464227
736.06450217,0.18681827
736.30095234,0.18930513
736.53741323,0.19347062
736.77388486,0.20600852
737.01036720,0.21373851
737.24686027,0.22716754
737.48336406,0.23323962
737.71987856,0.24443048
737.95640377,0.25419139
738.19293969,0.26156907
738.42948632,0.27518461
738.66604365,0.27812740
738.90261169,0.28212709
739.13919042,0.28813700
739.37577985,0.28237578
739.61237997,0.28187841
739.84899078,0.27777509
740.08561228,0.27470797
740.32224446,0.26648061
740.55888732,0.25000518
740.79554087,0.24743543
741.03220509,0.23062842
741.26887998,0.21763458
741.50556555,0.21054704
741.74226178,0.20702399
741.97896868,0.20582201
742.21568624,0.19823709
742.45241446,0.18851763
742.68915333,0.17782414
742.92590286,0.18128501
743.16266304,0.17457050
743.39943387,0.17158627
743.63621535,0.17063297
743.87300747,0.16945172
744.10981023,0.16153522
744.34662363,0.16143160
744.58344766,0.16323457
744.82028232,0.17189713
745.05712761,0.16980402
745.29398353,0.16584577
745.53085007,0.16031252
745.76772724,0.16400135
746.00461502,0.16134871
746.24151341,0.15761842
746.47842242,0.15695526
746.71534204,0.15805362
746.95227227,0.16377339
747.18921310,0.16949316
747.42616453,0.16609446
747.66312656,0.17434254
747.90009918,0.17195930
748.13708240,0.18418635
748.37407621,0.18300509
748.61108061,0.17815572
748.84809559,0.17649781
749.08512115,0.17515077
749.32215730,0.16928593
749.55920401,0.16872638
749.79626131,0.16333819
750.03332917,0.16760730
750.27040760,0.16837408
750.50749660,0.16895435
750.74459616,0.16578360
750.98170628,0.16027107
751.21882695,0.15782566
751.45595818,0.16116219
751.69309997,0.17009416
751.93025230,0.17568958
752.16741517,0.17328562
752.40458859,0.16853987
752.64177256,0.16671617
752.87896705,0.17044646
753.11617209,0.16524478
753.35338765,0.17602117
753.59061374,0.16787671
753.82785037,0.17552379
754.06509751,0.17477774
754.30235518,0.18192745
754.53962336,0.19231008
754.77690206,0.20435062
755.01419127,0.21780037
755.25149099,0.22656655
755.48880122,0.22689813
755.72612195,0.23139520
755.96345319,0.23309455
756.20079492,0.22824518
756.43814715,0.22754057
756.67550987,0.23104289
756.91288309,0.22936426
757.15026679,0.22878400
757.38766097,0.22890834
757.62506564,0.21384213
757.86248079,0.20818452
758.09990641,0.20362529
758.33734251,0.19844433
758.57478908,0.19330483
758.81224612,0.19417523
759.04971362,0.17767907
759.28719159,0.17345141
759.52468001,0.16002238
759.76217889,0.16456090
759.99968823,0.15552531
760.23720802,0.15297629
760.47473826,0.14663480
760.71227894,0.14698710
760.94983007,0.14126733
761.18739164,0.13324721
761.42496364,0.12843929
761.66254608,0.13606565
761.90013895,0.13853179
762.13774226,0.14106009
762.37535598,0.13691533
762.61298014,0.14068706
762.85061471,0.13925712
763.08825970,0.14433445
763.32591511,0.15135983
763.56358093,0.15921415
763.80125716,0.17154482
764.03894380,0.18474589
764.27664084,0.19749104
764.51434829,0.19713873
764.75206613,0.20163580
764.98979437,0.21164540
765.22753300,0.21829775
765.46528203,0.22217310
765.70304144,0.22526095
765.94081124,0.21722011
766.17859142,0.21894018
766.41638197,0.22109546
766.65418291,0.21477470
766.89199422,0.21249508
767.12981590,0.20279633
767.36764795,0.20109698
767.60549036,0.20122132
767.84334314,0.19919039
768.08120628,0.19490056
768.31907977,0.19434102
768.55696362,0.18623801
768.79485782,0.18489096
769.03276238,0.18588570
769.27067727,0.18598932
769.50860251,0.18567846
769.74653809,0.19467260
769.98448401,0.19699367
770.22244027,0.19029987
770.46040685,0.19703511
770.69838377,0.19500418
770.93637101,0.20358384
771.17436858,0.19956342
771.41237647,0.20234041
771.65039468,0.20047527
771.88842320,0.19929401
772.12646204,0.19815420
772.36451118,0.19550155
772.60257064,0.19699367
772.84064039,0.19025843
773.07872045,0.19158475
773.31681081,0.19143968
773.55491147,0.18428997
773.79302242,0.18594787
774.03114366,0.17732677
774.26927519,0.17794848
774.50741700,0.17471557
774.74556910,0.17256029
774.98373147,0.18049751
775.22190413,0.17933698
775.46008705,0.17761690
775.69828025,0.17556524
775.93648372,0.17670505
776.17469745,0.17701591
776.41292145,0.17382444
776.65115570,0.17104745
776.88940022,0.17597972
777.12765499,0.16549347
777.36592001,0.17655999
777.60419528,0.16978330
777.84248079,0.15985659
778.08077655,0.16056120
778.31908256,0.15830231
778.55739879,0.14883152
778.79572527,0.15610558
779.03406198,0.14530847
779.27240891,0.14186832
779.51076608,0.13335083
779.74913346,0.13411761
779.98751107,0.13743342
780.22589890,0.15937994
780.46429695,0.13753704
780.70270520,0.13747487
780.94112367,0.13871830
781.17955235,0.13956798
781.41799123,0.12897811
781.65644031,0.13254260
781.89489959,0.12835639
782.13336907,0.13059457
782.37184874,0.12785902
782.61033861,0.12910245
782.84883866,0.13681171
783.08734890,0.13306070
783.32586931,0.13032516
783.56439991,0.12995213
783.80294069,0.12443959
784.04149164,0.12870870
784.28005276,0.12870870
784.51862406,0.13650085
784.75720551,0.13225247
784.99579713,0.13335083
785.23439891,0.13548539
785.47301085,0.13355807
785.71163295,0.13378603
785.95026519,0.13950581
786.18890759,0.13142352
786.42756013,0.13393110
786.66622282,0.12947548
786.90489564,0.13954725
787.14357861,0.13005575
787.38227171,0.13322649
787.62097494,0.12655342
787.85968831,0.13009719
788.09841180,0.13049095
788.33714541,0.12667777
788.57588915,0.12153826
788.81464301,0.11967312
789.05340698,0.11766291
789.29218106,0.11938298
789.53096526,0.12201491
789.76975956,0.11403624
790.00856397,0.11836752
790.24737848,0.12412874
790.48620309,0.11971456
790.72503780,0.13268767
790.96388260,0.13548539
791.20273749,0.14230352
791.44160247,0.13884264
791.68047754,0.13100904
791.91936269,0.12605605
792.15825792,0.12251228
792.39716323,0.12396295
792.63607861,0.11146649
792.87500406,0.10947700
793.11393958,0.11965239
793.35288517,0.10929049
793.59184082,0.11030595
793.83080653,0.10616119
794.06978230,0.11074115
794.30876813,0.11440927
794.54776401,0.10688652
794.78676993,0.10748751
795.02578591,0.11389117
795.26481193,0.11376683
795.50384798,0.10721810
795.74289408,0.11103129
795.98195022,0.11285498
796.22101638,0.11749712
796.46009258,0.11772508
796.69917880,0.12064714
796.93827505,0.11784942
797.17738132,0.12151754
797.41649761,0.12644980
797.65562392,0.13585841
797.89476024,0.13364097
798.13390657,0.13807586
798.37306290,0.14466604
798.61222925,0.13534032
798.85140559,0.14161964
799.09059194,0.13492584
799.32978828,0.14093575
799.56899462,0.12783830
799.80821094,0.13490512
800.04743726,0.12792119
800.28667356,0.12516493
800.52591985,0.12448104
800.76517611,0.12653270
801.00444236,0.12564157
801.24371857,0.13127845
801.48300476,0.13828310
801.72230092,0.14445880
801.96160705,0.15158779
802.20092314,0.15925560
802.44024919,0.16085133
802.67958519,0.16567998
802.91893116,0.16613591
803.15828707,0.16970040
803.39765294,0.17564814
803.63702875,0.19085942
803.87641450,0.18182383
804.11581020,0.18138863
804.35521584,0.18534688
804.59463141,0.18555412
804.83405692,0.18315016
805.07349235,0.18578208
805.31293772,0.18901500
805.55239300,0.18540905
805.79185821,0.17498498
806.03133334,0.17200075
806.27081839,0.16476814
806.51031335,0.15900691
806.74981822,0.15877895
806.98933300,0.14916310
807.22885768,0.14452097
807.46839227,0.13687388
807.70793675,0.13312287
807.94749114,0.13552683
808.18705542,0.13059457
808.42662959,0.13047022
808.66621364,0.12528927
808.90580759,0.12379716
809.14541141,0.12580737
809.38502512,0.11722771
809.62464871,0.11706192
809.86428217,0.11911357
810.10392550,0.11428492
810.34357870,0.10711449
810.58324177,0.10740462
810.82291470,0.09849338
811.06259749,0.09716705
811.30229015,0.10216149
811.54199265,0.09569566
811.78170501,0.09403776
812.02142722,0.08400743
812.26115928,0.07660903
812.50090118,0.07685772
812.74065292,0.07190473
812.98041450,0.06790503
813.22018592,0.07300309
813.45996717,0.06201947
813.69975825,0.05772964
813.93955916,0.05468324
814.17936989,0.05151249
814.41919045,0.05232072
814.65902083,0.05594739
814.89886102,0.04877695
815.13871102,0.04890129
815.37857084,0.04591706
815.61844047,0.04730556
815.85831990,0.04618647
816.09820913,0.04272560
816.33810817,0.04092262
816.57801700,0.04108841
816.81793562,0.04235257
817.05786404,0.03934761
817.29780225,0.03209428
817.53775024,0.03219790
817.77770801,0.03248803
818.01767557,0.02937946
818.25765290,0.02587714
818.49764001,0.02871630
818.73763689,0.02906860
818.97764354,0.03047782
819.21765996,0.03027058
819.45768614,0.02757649
819.69772209,0.02417778
819.93776779,0.02295508
820.17782324,0.02115211
820.41788845,0.02208468
820.65796341,0.01974289
820.89804812,0.01597115
821.13814257,0.02019881
821.37824677,0.02034388
821.61836070,0.01988795
821.85848437,0.02075835
822.09861777,0.02508963
822.33876090,0.02761794
822.57891376,0.02836399
822.81907635,0.03186632
823.05924866,0.04050815
823.29943069,0.04798944
823.53962243,0.06038229
823.77982389,0.07163532
824.02003506,0.08222518
824.26025594,0.09443151
824.50048652,0.11063753
824.74072681,0.11706192
824.98097680,0.13086398
825.22123648,0.13701895
825.46150586,0.16304806
825.70178493,0.16070627
825.94207369,0.16549347
826.18237214,0.17544090
826.42268027,0.18557484
826.66299808,0.18756433
826.90332557,0.20126277
827.14366273,0.20292068
827.38400957,0.20770788
827.62436608,0.20708616
827.86473225,0.21993493
828.10510809,0.21933394
828.34549359,0.22565470
828.58588874,0.22604845
828.82629356,0.22691885
829.06670802,0.21991420
829.30713214,0.22043230
829.54756590,0.21804906
829.78800931,0.22184152
830.02846236,0.23297021
830.26892505,0.23568503
830.50939738,0.22857676
830.74987934,0.23075276
830.99037093,0.22948861
831.23087215,0.23321889
831.47138299,0.22542674
831.71190346,0.22934354
831.95243355,0.22111618
832.19297325,0.21467108
832.43352257,0.20868190
832.67408150,0.20905493
832.91465003,0.21067138
833.15522818,0.19941835
833.39581592,0.19670353
833.63641327,0.19235153
833.87702022,0.17834223
834.11763676,0.16735861
834.35826289,0.16615663
834.59889861,0.16557636
834.83954392,0.14999206
835.08019881,0.14358840
835.32086328,0.13587914
835.56153733,0.14514268
835.80222095,0.13225247
836.04291415,0.12342413
836.28361692,0.11592211
836.52432926,0.11405696
836.76505116,0.11024378
837.00578262,0.10891746
837.24652364,0.09499105
837.48727421,0.09082557
837.72803434,0.08274328
837.96880402,0.08149985
838.20958325,0.08108538
838.45037202,0.07721002
838.69117033,0.07665048
838.93197819,0.07457810
839.17279558,0.07395638
839.41362250,0.08106465
839.65445896,0.08052583
839.89530494,0.08317848
840.13616045,0.08653574
840.37702548,0.08835943
840.61790003,0.09016241
840.85878410,0.09536408
841.09967768,0.09329170
841.34058078,0.09273216
841.58149338,0.08989300
841.82241549,0.08947852
842.06334710,0.09041109
842.30428821,0.08663936
842.54523883,0.08732324
842.78619893,0.08769627
843.02716853,0.08661863
843.26814762,0.08989300
843.50913619,0.08245315
843.75013425,0.08566534
843.99114179,0.08226663
844.23215881,0.08597620
844.47318530,0.07789391
844.71422127,0.08835943
844.95526670,0.08098176
845.19632161,0.08075379
845.43738597,0.07493040
845.67845980,0.07808042
845.91954309,0.07596659
846.16063584,0.07061985
846.40173803,0.06869253
846.64284968,0.07138663
846.88397078,0.06834023
847.12510132,0.07022610
847.36624130,0.06732476
847.60739073,0.06699318
847.84854959,0.06593627
848.08971788,0.06668232
848.33089561,0.06887905
848.57208276,0.06925208
848.81327934,0.07619456
849.05448534,0.07596659
849.29570076,0.08409033
849.53692560,0.09403776
849.77815986,0.09119860
850.01940353,0.10042069
850.26065660,0.10696942
850.50191908,0.11583921
850.74319097,0.11449216
850.98447225,0.12605605
851.22576294,0.13088470
851.46706301,0.13830382
851.70837248,0.14008607
851.94969135,0.15123548
852.19101959,0.15625065
852.43235722,0.17446688
852.67370424,0.18060113
852.91506063,0.18553340
853.15642640,0.19201995
853.39780154,0.19398871
853.63918605,0.20068250
853.88057992,0.20692037
854.12198317,0.20283778
854.36339577,0.20721051
854.60481773,0.20692037
854.84624905,0.21506483
855.08768973,0.20275489
855.32913975,0.19871374
855.57059912,0.19096304
855.81206784,0.19927328
856.05354590,0.19894170
856.29503330,0.19894170
856.53653004,0.19268311
856.77803611,0.19811275
857.01955151,0.18810315
857.26107624,0.21941683
857.50261030,0.19330483
857.74415367,0.18857980
857.98570637,0.17587610
858.22726839,0.18453865
858.46883972,0.17477774
858.71042037,0.17378299
858.95201032,0.16582505
859.19360958,0.15552531
859.43521814,0.14843777
859.67683601,0.14043838
859.91846317,0.15022002
860.16009963,0.12825278
860.40174538,0.12259517
860.64340042,0.11538329
860.88506474,0.11316584
861.12673835,0.11227471
861.36842125,0.10893818
861.61011342,0.11300005
861.85181487,0.11146649
862.09352559,0.11235761
862.33524558,0.11561125
862.57697484,0.11836752
862.81871336,0.11849186
863.06046114,0.11948660
863.30221819,0.11600500
863.54398449,0.12740310
863.78576004,0.12106161
864.02754485,0.11758001
864.26933890,0.11009871
864.51114220,0.11003654
864.75295474,0.11556980
864.99477653,0.12021194
865.23660755,0.10601612
865.47844780,0.10296972
865.72029728,0.09874206
865.96215600,0.10129109
866.20402394,0.09370618
866.44590110,0.09150945
866.68778748,0.07940675
866.92968308,0.08390381
867.17158790,0.08189360
867.41350193,0.08583113
867.65542516,0.08564461
867.89735761,0.08649429
868.13929926,0.08589330
868.38125011,0.08777917
868.62321015,0.08898115
868.86517940,0.09407921
869.10715783,0.09030747
869.34914546,0.09293940
869.59114227,0.09992332
869.83314827,0.09484599
870.07516344,0.09992332
870.31718780,0.09615159
870.55922133,0.10985003
870.80126404,0.11163228
871.04331592,0.10556020
871.28537696,0.10037925
871.52744717,0.09642100
871.76952655,0.09416210
872.01161508,0.10039997
872.25371277,0.08885681
872.49581961,0.08208012
872.73793560,0.08539593
872.98006075,0.08199722
873.22219503,0.07822549
873.46433846,0.07573863
873.70649103,0.07607021
873.94865274,0.06933497
874.19082358,0.06952149
874.43300356,0.07028827
874.67519266,0.06728332
874.91739089,0.06220598
875.15959824,0.06264118
875.40181471,0.05897307
875.64404031,0.05775036
875.88627501,0.05613390
876.12851883,0.05532567
876.37077176,0.04975097
876.61303379,0.04432133
876.85530493,0.04981314
877.09758517,0.04224895
877.33987451,0.04305718
877.58217294,0.04506739
877.82448047,0.04504666
878.06679709,0.05142960
878.30912279,0.04968880
878.55145758,0.05194769
878.79380145,0.05387501
879.03615440,0.05281809
879.27851643,0.06158427
879.52088753,0.06347013
879.76326770,0.06566686
880.00565694,0.07095143
880.24805524,0.06796720
880.49046260,0.07107577
880.73287903,0.06987379
880.97530451,0.07853635
881.21773905,0.07227775
881.46018264,0.07238137
881.70263527,0.07727219
881.94509695,0.07136591
882.18756768,0.07381132
882.43004744,0.07281657
882.67253625,0.07654686
882.91503409,0.07503402
883.15754095,0.07298236
883.40005685,0.06964583
883.64258178,0.07070274
883.88511573,0.06626785
884.12765869,0.06653726
884.37021068,0.06682739
884.61277168,0.06858892
884.85534170,0.06172933
885.09792072,0.06257901
885.34050876,0.05982274
885.58310579,0.06519021
885.82571183,0.06392606
886.06832686,0.06361520
886.31095090,0.06564613
886.55358392,0.06239250
886.79622594,0.06185368
887.03887694,0.05640331
887.28153693,0.06114907
887.52420589,0.05862076
887.76688384,0.05499409
888.00957077,0.05576087
888.25226667,0.04825885
888.49497154,0.04906708
888.73768537,0.05037268
888.98040818,0.04452857
889.22313994,0.04363744
889.46588067,0.04682891
889.70863035,0.04040453
889.95138899,0.03932689
890.19415657,0.04359600
890.43693311,0.03667424
890.67971859,0.03576239
890.92251302,0.03348278
891.16531639,0.03333771
891.40812869,0.02902716
891.65094993,0.02604293
891.89378010,0.02689260
892.13661920,0.02266494
892.37946723,0.02579424
892.62232418,0.02185672
892.86519005,0.02780445
893.10806484,0.02707912
893.35094854,0.03244658
893.59384116,0.02680971
893.83674269,0.03192849
894.07965312,0.03186632
894.32257246,0.03511996
894.56550070,0.03505778
894.80843784,0.04463219
895.05138388,0.04311935
895.29433881,0.04535752
895.53730263,0.04326442
895.78027533,0.04728484
896.02325692,0.04740918
896.26624740,0.04817596
896.50924675,0.05178190
896.75225498,0.05772964
896.99527208,0.05586449
897.23829806,0.05822701
897.48133290,0.05694213
897.72437661,0.05868293
897.96742918,0.05714937
898.21049061,0.05522206
898.45356090,0.05292171
898.69664005,0.05505627
898.93972804,0.05213421
899.18282488,0.05886945
899.42593057,0.06023722
899.66904511,0.05348126
899.91216848,0.05911813
900.15530069,0.05634114
900.39844174,0.05951189
900.64159162,0.05165756
900.88475033,0.05468324
901.12791786,0.06409185
901.37109422,0.06100400
901.61427940,0.06125269
901.85747340,0.06129413
902.10067621,0.06243394
902.34388784,0.06788431
902.58710827,0.06637147
902.83033752,0.06583265
903.07357557,0.07064057
903.31682242,0.06467211
903.56007807,0.06848530
903.80334251,0.06697246
904.04661575,0.06363592
904.28989778,0.07055768
904.53318860,0.07107577
904.77648820,0.07269223
905.01979659,0.07716857
905.26311375,0.07294092
905.50643969,0.07770739
905.74977441,0.08564461
905.99311789,0.08736469
906.23647015,0.09266999
906.47983117,0.09660751
906.72320095,0.09343677
906.96657950,0.10147761
907.20996680,0.09669041
907.45336285,0.09969536
907.69676766,0.09633810
907.94018122,0.10106313
908.18360352,0.09681475
908.42703457,0.09936378
908.67047435,0.08947852
908.91392288,0.09094991
909.15738014,0.09049399
909.40084613,0.08560317
909.64432085,0.08603837
909.88780430,0.08726107
910.13129648,0.08230808
910.37479737,0.08110610
910.61830699,0.07646396
910.86182531,0.07779029
911.10535236,0.07202907
911.34888811,0.07745871
911.59243257,0.06535600
911.83598573,0.06749055
912.07954760,0.06552179
912.32311816,0.06566686
912.56669743,0.07186328
912.81028538,0.06483791
913.05388203,0.06398823
913.29748736,0.06860964
913.54110138,0.06380171
913.78472408,0.06127341
914.02835547,0.05696286
914.27199552,0.06114907
914.51564426,0.05511844
914.75930166,0.05470396
915.00296774,0.05033124
915.24664247,0.05632042
915.49032588,0.05586449
915.73401794,0.05891089
915.97771866,0.06009215
916.22142803,0.07097215
916.46514606,0.07812187
916.70887274,0.08052583
916.95260806,0.07310671
917.19635202,0.08518869
917.44010463,0.08094031
917.68386588,0.08937490
917.92763576,0.08885681
918.17141427,0.09880424
918.41520141,0.10462763
918.65899718,0.10630626
918.90280158,0.10564309
919.14661459,0.10958062
919.39043623,0.11337308
919.63426648,0.11602573
919.87810534,0.12495769
920.12195281,0.14058344
920.36580890,0.13809659
920.60967358,0.14789895
920.85354687,0.16230200
921.09742876,0.16514116
921.34131924,0.17088166
921.58521832,0.17552379
921.82912599,0.17175206
922.07304225,0.17171061
922.31696709,0.15734901
922.56090052,0.15395030
922.80484252,0.14122588
923.04879310,0.13556828
923.29275226,0.12603533
923.53671999,0.11981818
923.78069629,0.10603685
924.02468115,0.10481414
924.26867458,0.09592363
924.51267656,0.08875319
924.75668711,0.07930313
925.00070621,0.07341756
925.24473386,0.06867181
925.48877006,0.06769779
925.73281481,0.06494152
925.97686810,0.05940827
926.22092994,0.05961550
926.46500031,0.05889017
926.70907921,0.04921215
926.95316665,0.05045558
927.19726262,0.05041413
927.44136712,0.04838320
927.68548014,0.04355455
927.92960168,0.04670457
928.17373175,0.03797984
928.41787032,0.03899531
928.66201741,0.03667424
928.90617302,0.03619759
929.15033713,0.03029131
929.39450974,0.02933801
929.63869086,0.02840544
929.88288047,0.02950380
930.12707859,0.03004262
930.37128520,0.03816636
930.61550029,0.02797024
930.85972388,0.03414594
931.10395595,0.02993900
931.34819651,0.03091302
931.59244554,0.03109954
931.83670306,0.03437390
932.08096904,0.03943051
932.32524350,0.04376179
932.56952643,0.04751280
932.81381782,0.05171973
933.05811768,0.04933649
933.30242600,0.06291059
933.54674278,0.05698358
933.79106801,0.06446488
934.03540169,0.06494152
934.27974382,0.06537672
934.52409440,0.07086854
934.76845343,0.07530343
935.01282089,0.07099288
935.25719680,0.07418435
935.50158114,0.07793536
935.74597391,0.07043333
935.99037511,0.07236065
936.23478474,0.07066130
936.47920279,0.06746983
936.72362927,0.07820477
936.96806417,0.06829878
937.21250748,0.07001886
937.45695920,0.07093071
937.70141934,0.06645436
937.94588788,0.06608133
938.19036483,0.06425764
938.43485019,0.06966655
938.67934394,0.06193657
938.92384608,0.05986419
939.16835663,0.05955333
939.41287556,0.05949116
939.65740288,0.06125269
939.90193859,0.05159539
940.14648268,0.05648621
940.39103515,0.05165756
940.63559600,0.05698358
940.88016523,0.05275592
941.12474282,0.05574015
941.36932879,0.05267303
941.61392312,0.05644476
941.85852581,0.05250724
942.10313687,0.05464179
942.34775628,0.05520133
942.59238405,0.05240362
942.83702017,0.05499409
943.08166464,0.05596811
943.32631746,0.05489047
943.57097862,0.05227927
943.81564813,0.05111874
944.06032597,0.05246579
944.30501215,0.05080788
944.54970666,0.04993748
944.79440950,0.04803089
945.03912067,0.04573055
945.28384016,0.04970952
945.52856798,0.04488087
945.77330412,0.04498449
946.01804857,0.03866373
946.26280133,0.03986571
946.50756241,0.03899531
946.75233179,0.04171013
946.99710948,0.04092262
947.24189548,0.04293283
947.48668977,0.03992788
947.73149236,0.04314007
947.97630324,0.03696438
948.22112242,0.03878807
948.46594988,0.04081901
948.71078563,0.03808346
948.95562966,0.04687036
949.20048198,0.03735813
949.44534257,0.04038381
949.69021144,0.03994860
949.93508857,0.04233184
950.17997398,0.04336803
950.42486766,0.03974137
950.66976959,0.04687036
950.91467979,0.04382396
951.15959825,0.04340948
951.40452496,0.04017657
951.64945993,0.03891241
951.89440314,0.04573055
952.13935461,0.03880880
952.38431431,0.03632194
952.62928226,0.03348278
952.87425845,0.03665352
953.11924287,0.03899531
953.36423553,0.03456041
953.60923642,0.03095447
953.85424553,0.03482982
954.09926287,0.03184559
954.34428843,0.03147257
954.58932222,0.02867485
954.83436421,0.02923439
955.07941443,0.02770083
955.32447285,0.02191889
955.56953948,0.02397054
955.81461432,0.02680971
956.05969736,0.02235409
956.30478860,0.01592970
956.54988803,0.01648925
956.79499567,0.01752544
957.04011149,0.01992940
957.28523550,0.01503858
957.53036770,0.01624056
957.77550808,0.01617839
958.02065664,0.01493496
958.26581338,0.01348429
958.51097830,0.01449976
958.75615139,0.01617839
959.00133264,0.01729748
959.24652207,0.01108033
959.49171965,0.01833367
959.73692540,0.01259317
959.98213931,0.01555668
960.22736137,0.01646852
960.47259159,0.01910045
960.71782995,0.04952301
960.96307647,0.01968072
961.20833112,0.02231264
961.45359392,0.02668536
961.69886486,0.02482022
961.94414394,0.02778373
962.18943115,0.02937946
962.43472648,0.03138967
962.68002995,0.03599036
962.92534154,0.03576239
963.17066126,0.03284034
963.41598909,0.03797984
963.66132504,0.03943051
963.90666911,0.04247691
964.15202128,0.04139927
964.39738157,0.05060065
964.64274996,0.04848682
964.88812645,0.05317040
965.13351104,0.04757497
965.37890374,0.05089078
965.62430452,0.05205131
965.86971340,0.05294244
966.11513036,0.05393718
966.36055542,0.05447600
966.60598855,0.05574015
966.85142977,0.05319112
967.09687907,0.05169901
967.34233644,0.05447600
967.58780188,0.05358487
967.83327539,0.05097367
968.07875697,0.05259013
968.32424661,0.05839280
968.56974432,0.05149177
968.81525008,0.05225855
969.06076390,0.05111874
969.30628577,0.05397863
969.55181570,0.05470396
969.79735367,0.05866221
970.04289968,0.05205131
970.28845374,0.05743950
970.53401583,0.05806122
970.77958597,0.05971912
971.02516413,0.05352270
971.27075033,0.05714937
971.51634455,0.05277665
971.76194680,0.06034084
972.00755708,0.05524278
972.25317537,0.05675562
972.49880168,0.05520133
972.74443600,0.05482830
972.99007834,0.05105657
973.23572868,0.05051775
973.48138703,0.05213421
973.72705338,0.05008255
973.97272774,0.05213421
974.21841009,0.05248651
974.46410043,0.05457962
974.70979877,0.05383356
974.95550510,0.05089078
975.20121941,0.05717009
975.44694171,0.05791615
975.69267199,0.05174045
975.93841024,0.05395790
976.18415647,0.05698358
976.42991068,0.05596811
976.67567285,0.05501482
976.92144299,0.05267303
977.16722110,0.05381284
977.41300717,0.05849642
977.65880119,0.05748095
977.90460317,0.05259013
978.15041311,0.05845497
978.39623099,0.05399935
978.64205683,0.05772964
978.88789061,0.05936682
979.13373233,0.05739806
979.37958199,0.05234145
979.62543958,0.04769931
979.87130511,0.05062137
980.11717857,0.05024834
980.36305996,0.04214533
980.60894928,0.04152361
980.85484651,0.03986571
981.10075167,0.03891241
981.34666475,0.03621832
981.59258573,0.03654990
981.83851463,0.03024986
982.08445144,0.03499561
982.33039616,0.03327554
982.57634878,0.03149329
982.82230930,0.03337916
983.06827771,0.03816636
983.31425403,0.03650845
983.56023823,0.03476765
983.80623032,0.04067394
984.05223031,0.03234297
984.29823817,0.03414594
984.54425391,0.03485055
984.79027754,0.02927584
985.03630904,0.03402159
985.28234841,0.03277817
985.52839565,0.03773116
985.77445076,0.03640483
986.02051374,0.04017657
986.26658457,0.03487127
986.51266327,0.04465291
986.75874982,0.04303645
987.00484422,0.04359600
987.25094647,0.04809306
987.49705658,0.04403120
987.74317452,0.04324369
987.98930031,0.04353382
988.23543394,0.04809306
988.48157541,0.04096407
988.72772471,0.04407264
988.97388184,0.05277665
989.22004680,0.04430061
989.46621959,0.04931577
989.71240020,0.04471508
989.95858862,0.04726411
990.20478487,0.04245619
990.45098893,0.05126381
990.69720080,0.04255981
990.94342048,0.04208316
991.18964797,0.04100552
991.43588326,0.04237329
991.68212635,0.03866373
991.92837724,0.03916110
992.17463593,0.03773116
992.42090240,0.03547226
992.66717667,0.03049855
992.91345872,0.03211500
993.15974856,0.02645740
993.40604618,0.03012552
993.65235158,0.02722418
993.89866475,0.02908933
994.14498570,0.02705839
994.39131441,0.02954525
994.63765090,0.02855051
994.88399515,0.02633306
995.13034716,0.02902716
995.37670693,0.02919295
995.62307445,0.02581496
995.86944973,0.02266494
996.11583276,0.02218830
996.36222354,0.02683043
996.60862206,0.02473733
996.85502833,0.02482022
997.10144233,0.02357679
997.34786408,0.02079980
997.59429355,0.02357679
997.84073076,0.02090342
998.08717570,0.01682083
998.33362836,0.02019881
998.58008875,0.01534944
998.82655685,0.01932841
999.07303267,0.02417778
999.31951621,0.01771195
999.56600746,0.01358791
999.81250642,0.01286258
1000.05901309,0.01340140
1000.30552746,0.01391949
1000.55204953,0.01275896
1000.79857929,0.01599188
1001.04511676,0.01416818
1001.29166191,0.01862380
1001.53821476,0.00865565
1001.78477529,0.01566030
1002.03134351,0.01230304
1002.27791941,0.01775340
1002.52450299,0.01588826
1002.77109424,0.01534944
1003.01769317,0.01255172
1003.26429976,0.01437542
1003.51091403,0.01539089
1003.75753596,0.01433397
1004.00416555,0.01404384
1004.25080280,0.02030243
1004.49744771,0.01580536
1004.74410027,0.01524582
1004.99076048,0.01420963
1005.23742834,0.01661359
1005.48410384,0.01922479
1005.73078699,0.01474845
1005.97747778,0.01690372
1006.22417620,0.01518365
1006.47088226,0.01634418
1006.71759595,0.01756689
1006.96431727,0.02005374
1007.21104622,0.01661359
1007.45778279,0.02055112
1007.70452698,0.01190928
1007.95127879,0.01777412
1008.19803821,0.01756689
1008.44480524,0.02212613
1008.69157988,0.02293435
1008.93836213,0.02347317
1009.18515199,0.01605405
1009.43194944,0.01959782
1009.67875450,0.01891393
1009.92556715,0.01856163
1010.17238739,0.01957710
1010.41921522,0.02071691
1010.66605064,0.01926624
1010.91289364,0.01843729
1011.15974422,0.01920407
1011.40660239,0.01796064
1011.65346813,0.01665504
1011.90034144,0.02631234
1012.14722232,0.02100704
1012.39411078,0.02013664
1012.64100679,0.02241626
1012.88791037,0.02347317
1013.13482151,0.02119355
1013.38174020,0.02222974
1013.62866645,0.02581496
1013.87560025,0.03078868
1014.12254160,0.02556628
1014.36949049,0.02741070
1014.61644693,0.03016696
1014.86341091,0.02502746
1015.11038242,0.02235409
1015.35736147,0.02405344
1015.60434805,0.02108993
1015.85134216,0.02007447
1016.09834379,0.01793991
1016.34535295,0.01928696
1016.59236963,0.01854091
1016.83939383,0.01841656
1017.08642554,0.01980506
1017.33346476,0.01738037
1017.58051150,0.01866525
1017.82756574,0.01387805
1018.07462748,0.01559812
1018.32169673,0.01541161
1018.56877347,0.01516292
1018.81585771,0.01779485
1019.06294945,0.01416818
1019.31004867,0.00971256
1019.55715538,0.00786814
1019.80426957,0.01673793
1020.05139125,0.01621984
1020.29852041,0.01435469
1020.54565704,0.01074875
1020.79280114,0.01186784
1021.03995272,0.00900795
1021.28711177,0.01464483
1021.53427828,0.01112178
1021.78145225,0.01300765
1022.02863368,0.00998197
1022.27582257,0.00888361
1022.52301891,0.01526654
1022.77022270,0.01292475
1023.01743395,0.01089382
1023.26465263,0.01062441
1023.51187876,0.00438654
1023.75911234,0.00755728
1024.00635335,0.00687340
1024.25360179,0.00594083
1024.50085766,0.00637603
1024.74812097,0.00946387
1024.99539170,0.00413785
1025.24266985,0.00776452
1025.48995543,0.00388917
1025.73724842,0.00602372
1025.98454883,0.00822045
1026.23185665,0.00585793
1026.47917188,0.00500825
1026.72649452,0.00652109
1026.97382456,0.00722570
1027.22116200,0.00473885
1027.46850685,0.00459378
1027.71585908,0.00604445
1027.96321872,0.00621024
1028.21058574,0.00376483
1028.45796014,-0.01128066
1028.70534194,-0.01181948
1028.95273111,-0.01254482
1029.20012767,-0.01140501
1029.44753160,-0.01273133
1029.69494290,-0.01233758
