199.82001468,0.00235082
200.02220309,0.00282580
200.22440896,0.00125629
200.42663230,0.00216496
200.62887310,0.00437466
200.83113136,0.00396163
201.03340708,0.00127695
201.23570025,0.00321818
201.43801087,0.00503550
201.64033894,0.00352795
201.84268445,0.00373446
202.04504741,0.00253668
202.24742780,0.00226821
202.44982564,0.00344534
202.65224090,-0.00080885
202.85467360,0.00373446
203.05712372,0.00259864
203.25959128,-0.00002409
203.46207625,0.00299101
203.66457864,0.00185519
203.86709846,0.00495290
204.06963568,0.00559309
204.27219032,0.00447792
204.47476237,0.00138020
204.67735182,0.00107043
204.87995868,0.01034292
205.08258293,0.00592351
205.28522459,0.00204105
205.48788364,0.00288776
205.69056008,0.00288776
205.89325391,0.00623329
206.09596513,0.00210300
206.29869374,0.00546918
206.50143972,0.00491159
206.70420308,0.00261929
206.90698382,0.00230952
207.10978194,0.00189649
207.31259742,0.00540723
207.51543027,0.00253668
207.71828048,0.00423010
207.92114806,0.00249538
208.12403299,0.00842234
208.32693528,0.00259864
208.52985493,0.00276385
208.73279193,-0.00109797
208.93574627,0.00788540
209.13871796,0.00573765
209.34170699,0.00263994
209.54471336,0.00034763
209.74773707,0.00373446
209.95077811,0.00210300
210.15383649,0.00272254
210.35691219,0.00243343
210.56000522,0.00288776
210.76311557,0.00038893
210.96624324,0.00565505
211.16938823,0.00160737
211.37255053,0.00197909
211.57573015,0.00210300
211.77892707,0.00484964
211.98214130,-0.00027191
212.18537284,0.00168997
212.38862167,0.00160737
212.59188781,0.00166932
212.79517124,0.00076066
212.99847196,0.00109108
213.20178997,0.00276385
213.40512527,0.00553114
213.60847785,0.00154541
213.81184772,0.00197909
214.01523486,0.00009982
214.21863928,0.00365186
214.42206097,0.00377577
214.62549993,0.00305297
214.82895616,0.00009982
215.03242966,0.00127695
215.23592042,0.00047154
215.43942843,0.00478769
215.64295370,0.00342469
215.84649623,0.00453987
216.05005601,0.00623329
216.25363303,0.00226821
216.45722731,0.00146281
216.66083882,0.00020307
216.86446757,0.00237147
217.06811356,-0.00054038
217.27177679,0.00482899
217.47545724,0.00266059
217.67915493,0.00191714
217.88286984,0.00220626
218.08660198,0.00350730
218.29035133,0.00772019
218.49411790,0.00687348
218.69790169,0.00237147
218.90170269,0.00177258
219.10552090,0.00627459
219.30935632,0.00474638
219.51320894,0.00177258
219.71707876,0.00135955
219.92096578,0.00383772
220.12486999,0.00138020
220.32879140,0.00489094
220.53272999,0.00065740
220.73668578,0.00321818
220.94065875,0.00530397
221.14464890,0.00074001
221.34865623,0.00307362
221.55268073,0.00104978
221.75672241,-0.00012735
221.96078126,0.00129760
222.16485728,-0.00020996
222.36895046,-0.00118057
222.57306080,0.00336274
222.77718831,0.00150411
222.98133297,-0.00229575
223.18549478,0.00389968
223.38967375,-0.00027191
223.59386986,0.00197909
223.79808312,0.00113239
224.00231352,0.00381707
224.20656106,0.00431270
224.41082574,0.00373446
224.61510756,0.00592351
224.81940650,0.00092587
225.02372258,0.00140085
225.22805578,0.00045089
225.43240610,-0.00047842
225.63677355,0.00249538
225.84115811,-0.00064364
226.04555979,0.00307362
226.24997858,0.00061610
226.45441448,0.00113239
226.65886748,0.00534527
226.86333759,0.00181388
227.06782480,0.00239212
227.27232911,0.00076066
227.47685052,0.00111173
227.68138902,0.00321818
227.88594461,0.00063675
228.09051728,0.00323883
228.29510704,0.00286710
228.49971389,0.00602677
228.70433781,0.00400293
228.90897881,0.00379642
229.11363688,-0.00062298
229.31831202,0.00439531
229.52300423,0.00375512
229.72771350,0.00233017
229.93243984,0.00088457
230.13718324,0.00189649
230.34194369,0.00057480
230.54672120,0.00714195
230.75151576,0.00185519
230.95632737,0.00484964
231.16115602,0.00177258
231.36600172,-0.00049908
231.57086446,0.00022372
231.77574423,0.00336274
231.98064104,-0.00058168
232.18555488,-0.00002409
232.39048575,0.00474638
232.59543365,0.00107043
232.80039857,-0.00041647
233.00538051,0.00414749
233.21037947,0.00361056
233.41539544,0.01657964
233.62042843,0.00140085
233.82547842,0.00078131
234.03054543,0.00615068
234.23562943,0.00086392
234.44073044,0.00189649
234.64584845,0.00270189
234.85098345,-0.00043712
235.05613545,0.00280515
235.26130444,0.00111173
235.46649041,0.00100848
235.67169337,0.00687348
235.87691331,0.00534527
236.08215023,0.00014112
236.28740413,0.00340404
236.49267500,0.00104978
236.69796284,0.00022372
236.90326765,0.00425075
237.10858942,0.00385837
237.31392816,0.00499420
237.51928386,0.00437466
237.72465651,0.00069871
237.93004612,0.00024438
238.13545268,0.00142151
238.34087619,0.00524202
238.54631664,0.00330078
238.75177404,0.00003786
238.95724838,-0.00029256
239.16273965,0.00381707
239.36824786,0.00503550
239.57377300,0.00235082
239.77931508,0.00495290
239.98487407,0.00377577
240.19045000,0.00474638
240.39604284,0.00233017
240.60165260,-0.00027191
240.80727928,0.00185519
241.01292287,0.00418880
241.21858337,0.00460182
241.42426077,0.00235082
241.62995508,0.00398228
241.83566630,-0.00037517
242.04139441,0.00363121
242.24713941,0.00076066
242.45290131,-0.00043712
242.65868010,0.00315622
242.86447578,-0.00037517
243.07028835,0.00443661
243.27611779,0.00763758
243.48196412,0.00518006
243.68782732,0.00266059
243.89370739,0.00288776
244.09960434,0.00055415
244.30551816,0.00474638
244.51144884,0.00239212
244.71739638,0.00191714
244.92336078,0.00154541
245.12934204,0.00146281
245.33534016,0.00113239
245.54135512,0.00065740
245.74738694,0.00210300
245.95343560,0.00168997
246.15950110,0.00507681
246.36558345,0.00082261
246.57168263,0.00464313
246.77779865,0.00330078
246.98393150,0.00429205
247.19008118,-0.00027191
247.39624769,0.00534527
247.60243102,0.00282580
247.80863117,0.00625394
248.01484814,0.00292906
248.22108192,0.00181388
248.42733252,-0.00049908
248.63359993,-0.00118057
248.83988415,-0.00070559
249.04618517,0.00443661
249.25250299,0.00007916
249.45883761,0.00030633
249.66518903,0.00361056
249.87155724,0.00127695
250.07794224,0.00278450
250.28434403,0.00243343
250.49076260,0.00782344
250.69719796,-0.00089145
250.90365009,0.00014112
251.11011901,0.00055415
251.31660469,0.00299101
251.52310715,0.00135955
251.72962638,0.00425075
251.93616237,0.00146281
252.14271513,0.00220626
252.34928464,0.00003786
252.55587091,0.00123564
252.76247394,0.00158672
252.96909372,0.00204105
253.17573025,0.00051284
253.38238352,0.00204105
253.58905354,0.00375512
253.79574030,0.00216496
254.00244380,0.00383772
254.20916403,0.00780279
254.41590099,0.00468443
254.62265469,0.00259864
254.82942511,0.00175193
255.03621225,0.00162802
255.24301612,0.00113239
255.44983670,0.00007916
255.65667400,0.00245408
255.86352802,0.00082261
256.07039874,0.00125629
256.27728617,0.00187584
256.48419031,0.00348665
256.69111115,0.00338339
256.89804868,0.00210300
257.10500292,-0.00142839
257.31197384,0.00247473
257.51896146,0.00520071
257.72596577,-0.00035452
257.93298676,0.00204105
258.14002443,0.00546918
258.34707878,0.00253668
258.55414981,0.00282580
258.76123752,0.00144216
258.96834190,0.00658436
259.17546294,0.00001721
259.38260065,-0.00138709
259.58975502,0.00140085
259.79692606,0.00199975
260.00411375,0.00183453
260.21131810,-0.00270878
260.41853909,0.00222691
260.62577674,-0.00029256
260.83303103,0.00230952
261.04030197,-0.00140774
261.24758955,-0.00012735
261.45489377,0.00119434
261.66221462,0.00346600
261.86955210,0.00317688
262.07690622,0.00146281
262.28427696,0.00150411
262.49166433,-0.00167621
262.69906831,0.00278450
262.90648892,-0.00124253
263.11392614,0.00086392
263.32137998,0.00423010
263.52885042,0.00394098
263.73633747,0.00513876
263.94384113,-0.00074689
264.15136139,0.00187584
264.35889825,0.00873211
264.56645171,0.00449857
264.77402176,0.00032698
264.98160840,0.00241277
265.18921163,-0.00037517
265.39683144,0.00069871
265.60446784,0.00596482
265.81212081,0.00032698
266.01979037,0.00251603
266.22747650,0.00090522
266.43517920,0.00247473
266.64289847,-0.00035452
266.85063430,0.00055415
267.05838670,0.00045089
267.26615566,0.00336274
267.47394117,-0.00287399
267.68174324,-0.00126318
267.88956187,0.00348665
268.09739704,0.00247473
268.30524876,0.00317688
268.51311702,0.00546918
268.72100183,-0.00244031
268.92890317,0.00057480
269.13682105,-0.00066429
269.34475546,-0.00217184
269.55270640,0.00261929
269.76067387,0.00043024
269.96865786,-0.00023061
270.17665838,-0.00014800
270.38467541,0.00131825
270.59270896,0.00294971
270.80075902,-0.00062298
271.00882560,0.00154541
271.21690868,0.00204105
271.42500826,0.00127695
271.63312435,0.00245408
271.84125694,0.00235082
272.04940602,0.00710064
272.25757160,0.00228887
272.46575367,0.00340404
272.67395223,0.00348665
272.88216727,0.00109108
273.09039880,0.00707999
273.29864681,0.00001721
273.50691129,0.00361056
273.71519225,0.00278450
273.92348968,-0.00014800
274.13180358,0.00253668
274.34013395,0.00113239
274.54848077,0.00210300
274.75684406,0.00257798
274.96522381,0.00274320
275.17362001,-0.00256422
275.38203267,0.00495290
275.59046177,0.00187584
275.79890732,0.00206170
276.00736932,0.00212365
276.21584776,-0.00012735
276.42434263,-0.00041647
276.63285394,-0.00165556
276.84138169,0.00024438
277.04992586,0.00400293
277.25848646,0.00218561
277.46706349,0.00038893
277.67565694,-0.00099471
277.88426680,0.00001721
278.09289309,0.00078131
278.30153578,-0.00142839
278.51019489,0.00394098
278.71887041,0.00154541
278.92756233,0.00255733
279.13627065,0.00286710
279.34499537,0.00135955
279.55373649,0.00348665
279.76249401,0.00833973
279.97126791,0.00249538
280.18005820,-0.00016865
280.38886488,0.00218561
280.59768795,-0.00215119
280.80652739,0.00175193
281.01538321,0.00179323
281.22425540,0.00150411
281.43314397,0.00204105
281.64204891,0.00047154
281.85097021,0.00235082
282.05990788,0.00321818
282.26886190,0.00034763
282.47783229,-0.00190337
282.68681903,0.00377577
282.89582212,0.00156607
283.10484156,0.00045089
283.31387735,0.00032698
283.52292949,-0.00041647
283.73199796,0.00259864
283.94108277,0.00309427
284.15018392,0.00098783
284.35930141,0.00290841
284.56843522,0.00173128
284.77758536,0.00276385
284.98675183,0.00210300
285.19593461,0.00617133
285.40513372,0.00441596
285.61434914,0.00280515
285.82358088,-0.00275008
286.03282893,0.00022372
286.24209328,0.00301166
286.45137395,0.00053349
286.66067091,0.00249538
286.86998417,0.00319753
287.07931373,0.00346600
287.28865959,0.00460182
287.49802174,0.00059545
287.70740017,-0.00031321
287.91679489,0.00226821
288.12620590,0.00140085
288.33563318,-0.00138709
288.54507675,0.00317688
288.75453658,-0.00035452
288.96401269,-0.00093276
289.17350507,0.00288776
289.38301372,0.00332144
289.59253863,0.00096717
289.80207980,0.00588221
290.01163723,0.00212365
290.22121091,0.00383772
290.43080085,0.00338339
290.64040703,0.00168997
290.85002947,0.00303232
291.05966815,0.00435401
291.26932307,0.00363121
291.47899422,0.00078131
291.68868162,0.00278450
291.89838525,0.00171063
292.10810511,0.00278450
292.31784119,0.00177258
292.52759350,-0.00062298
292.73736204,0.00222691
292.94714679,0.00156607
293.15694776,0.00020307
293.36676494,0.00049219
293.57659834,0.00061610
293.78644794,-0.00004474
293.99631375,-0.00047842
294.20619576,0.00472573
294.41609397,0.00627459
294.62600838,0.00173128
294.83593898,0.00177258
295.04588578,-0.00115992
295.25584876,-0.00132513
295.46582793,0.00026503
295.67582328,0.00150411
295.88583481,-0.00126318
296.09586253,0.00142151
296.30590641,0.00270189
296.51596647,0.00193779
296.72604270,-0.00105666
296.93613509,0.00509746
297.14624365,-0.00186207
297.35636837,0.00115304
297.56650925,0.00063675
297.77666629,0.00028568
297.98683947,-0.00151100
298.19702881,0.00187584
298.40723429,0.00088457
298.61745592,0.00220626
298.82769369,0.00385837
299.03794760,0.00623329
299.24821765,-0.00196533
299.45850383,0.00381707
299.66880614,0.00206170
299.87912458,-0.00093276
300.08945914,0.00094652
300.29980983,0.00344534
300.51017663,0.00210300
300.72055955,0.00782344
300.93095859,0.00142151
301.14137374,0.00076066
301.35180499,-0.00076754
301.56225235,0.00202040
301.77271582,-0.00246096
301.98319538,0.00734846
302.19369105,-0.00326637
302.40420280,0.00104978
302.61473065,0.00385837
302.82527459,0.00224756
303.03583461,-0.00097406
303.24641072,0.00129760
303.45700291,0.00278450
303.66761117,0.00268124
303.87823552,0.00548983
304.08887593,0.00162802
304.29953241,0.00069871
304.51020496,-0.00219249
304.72089358,0.00410619
304.93159825,0.00276385
305.14231899,0.00104978
305.35305578,0.00406489
305.56380862,0.00276385
305.77457752,0.00111173
305.98536246,0.00243343
306.19616344,0.00173128
306.40698047,0.00257798
306.61781354,0.00059545
306.82866264,0.00315622
307.03952778,0.00191714
307.25040895,0.00315622
307.46130614,0.00373446
307.67221937,0.00059545
307.88314861,-0.00072624
308.09409387,0.00340404
308.30505515,0.00187584
308.51603245,0.00385837
308.72702576,0.00063675
308.93803507,-0.00134578
309.14906039,0.00315622
309.36010172,0.00129760
309.57115904,0.00402358
309.78223236,0.00020307
309.99332168,0.00237147
310.20442699,0.00135955
310.41554829,0.00290841
310.62668557,-0.00101536
310.83783884,0.00363121
311.04900809,-0.00192402
311.26019332,0.00104978
311.47139452,0.00177258
311.68261169,0.00129760
311.89384484,0.00297036
312.10509395,0.00247473
312.31635903,0.00319753
312.52764007,-0.00045777
312.73893706,-0.00033386
312.95025002,-0.00006540
313.16157892,-0.00099471
313.37292378,0.00478769
313.58428458,0.00152476
313.79566133,0.00090522
314.00705402,0.00104978
314.21846266,0.00292906
314.42988722,0.00049219
314.64132772,0.00199975
314.85278416,0.00005851
315.06425652,0.00920709
315.27574480,-0.00157295
315.48724901,0.00237147
315.69876914,0.00088457
315.91030518,0.00270189
316.12185715,0.00016177
316.33342502,0.00272254
316.54500880,0.00171063
316.75660848,0.00392033
316.96822407,0.00206170
317.17985556,0.00028568
317.39150295,0.00045089
317.60316624,0.00220626
317.81484541,0.00024438
318.02654048,0.00276385
318.23825143,0.00515941
318.44997826,0.00175193
318.66172098,0.00195844
318.87347957,0.00606807
319.08525404,0.00400293
319.29704439,0.00358990
319.50885060,0.00022372
319.72067268,0.00191714
319.93251063,0.00251603
320.14436443,0.00158672
320.35623410,0.00922774
320.56811962,0.00317688
320.78002100,-0.00128383
320.99193822,-0.00120122
321.20387130,-0.00058168
321.41582021,0.00162802
321.62778498,0.00515941
321.83976558,0.00332144
322.05176201,0.00123564
322.26377428,0.00086392
322.47580239,0.00495290
322.68784632,0.00381707
322.89990607,0.00249538
323.11198165,0.00127695
323.32407305,0.00206170
323.53618027,0.00158672
323.74830330,0.00074001
323.96044215,0.00261929
324.17259680,0.00582026
324.38476726,0.00429205
324.59695352,-0.00225445
324.80915558,0.00235082
325.02137344,0.00121499
325.23360710,0.00067805
325.44585655,0.00183453
325.65812178,0.00497355
325.87040281,-0.00033386
326.08269962,0.00325948
326.29501221,0.00018242
326.50734058,0.00443661
326.71968472,0.00131825
326.93204464,0.00639850
327.14442032,0.00451922
327.35681178,0.00218561
327.56921900,-0.00023061
327.78164198,0.00144216
327.99408072,0.00051284
328.20653522,0.00183453
328.41900547,0.00214431
328.63149147,0.00156607
328.84399322,0.00115304
329.05651071,0.00152476
329.26904395,-0.00113927
329.48159293,0.00338339
329.69415764,0.00092587
329.90673809,0.00257798
330.11933427,0.00063675
330.33194617,0.00204105
330.54457381,-0.00008605
330.75721716,-0.00074689
330.96987624,0.00078131
331.18255104,0.00212365
331.39524154,0.00606807
331.60794777,-0.00004474
331.82066970,-0.00184142
332.03340733,0.00076066
332.24616067,0.00375512
332.45892971,0.00140085
332.67171445,0.00336274
332.88451489,0.00123564
333.09733102,0.00342469
333.31016283,0.00154541
333.52301034,-0.00039582
333.73587352,-0.00035452
333.94875239,-0.00171751
334.16164694,-0.00023061
334.37455717,-0.00180011
334.58748306,0.00334209
334.80042463,0.00548983
335.01338187,-0.00165556
335.22635477,0.00365186
335.43934333,0.00292906
335.65234755,0.00435401
335.86536743,0.00237147
336.07840296,0.00043024
336.29145415,-0.00190337
336.50452098,0.00164867
336.71760345,0.00266059
336.93070157,0.00226821
337.14381533,-0.00023061
337.35694473,0.00014112
337.57008976,0.00534527
337.78325042,0.00208235
337.99642671,0.00127695
338.20961863,0.00082261
338.42282617,0.00284645
338.63604933,-0.00138709
338.84928810,-0.00008605
339.06254250,0.00299101
339.27581250,0.00179323
339.48909812,0.00193779
339.70239934,0.00356925
339.91571616,0.00020307
340.12904859,0.00146281
340.34239661,-0.00153165
340.55576023,0.00396163
340.76913945,0.00412684
340.98253425,0.00061610
341.19594464,0.00018242
341.40937061,-0.00000344
341.62281217,0.00425075
341.83626930,0.00641915
342.04974201,0.00204105
342.26323030,0.00001721
342.47673415,0.00195844
342.69025357,0.00716260
342.90378856,-0.00027191
343.11733911,0.00323883
343.33090522,0.00255733
343.54448688,0.00319753
343.75808410,0.00261929
343.97169687,0.00354860
344.18532519,-0.00068494
344.39896906,0.00251603
344.61262847,-0.00002409
344.82630341,0.00392033
345.03999390,0.00356925
345.25369992,0.00464313
345.46742147,0.00493225
345.68115855,0.00193779
345.89491115,0.00173128
346.10867928,0.00049219
346.32246293,0.00230952
346.53626210,0.00055415
346.75007679,0.00059545
346.96390698,0.00284645
347.17775269,0.00210300
347.39161390,-0.00035452
347.60549061,0.00270189
347.81938283,0.00074001
348.03329055,0.00290841
348.24721376,0.00261929
348.46115246,0.00216496
348.67510665,0.00003786
348.88907634,0.00185519
349.10306150,-0.00062298
349.31706215,0.00034763
349.53107828,0.00226821
349.74510988,0.00263994
349.95915696,0.00294971
350.17321950,0.00340404
350.38729752,0.00699739
350.60139100,-0.00010670
350.81549994,0.00034763
351.02962435,0.00003786
351.24376421,0.00255733
351.45791952,0.00109108
351.67209028,0.00086392
351.88627650,0.00024438
352.10047816,0.00177258
352.31469526,0.00462247
352.52892780,0.00199975
352.74317578,0.00451922
352.95743919,0.00239212
353.17171804,0.00212365
353.38601232,0.00464313
353.60032202,0.00059545
353.81464714,0.00738976
354.02898769,-0.00062298
354.24334365,-0.00054038
354.45771503,-0.00229575
354.67210182,0.00511811
354.88650403,0.00567570
355.10092164,0.00412684
355.31535465,-0.00004474
355.52980306,0.00881471
355.74426687,0.00193779
355.95874608,0.00164867
356.17324069,0.00352795
356.38775068,-0.00105666
356.60227606,0.00212365
356.81681682,-0.00198598
357.03137297,-0.00066429
357.24594449,0.00317688
357.46053139,0.00445726
357.67513367,0.00425075
357.88975132,0.00150411
358.10438433,-0.00008605
358.31903271,0.00162802
358.53369645,0.00272254
358.74837556,-0.00233705
358.96307002,0.00408554
359.17777983,-0.00163490
359.39250499,0.00185519
359.60724551,0.00224756
359.82200137,0.00315622
360.03677257,-0.00064364
360.25155911,-0.00101536
360.46636100,0.00247473
360.68117821,-0.00217184
360.89601076,-0.00103601
361.11085864,0.00230952
361.32572184,-0.00208923
361.54060037,0.00272254
361.75549422,0.00297036
361.97040338,0.00596482
362.18532786,0.00212365
362.40026766,0.00154541
362.61522276,0.00181388
362.83019318,0.00520071
363.04517889,0.00104978
363.26017991,0.00047154
363.47519623,0.00076066
363.69022784,0.00206170
363.90527474,0.00154541
364.12033694,0.00493225
364.33541442,-0.00064364
364.55050719,0.00150411
364.76561524,-0.00037517
364.98073857,0.00005851
365.19587718,-0.00058168
365.41103106,0.00218561
365.62620021,-0.00142839
365.84138463,0.00220626
366.05658432,0.00102913
366.27179927,0.00460182
366.48702948,0.00086392
366.70227494,0.00049219
366.91753566,0.00111173
367.13281163,-0.00027191
367.34810285,-0.00054038
367.56340932,0.00104978
367.77873103,0.00028568
367.99406798,0.00183453
368.20942017,-0.00171751
368.42478759,0.00049219
368.64017025,0.00067805
368.85556813,0.00441596
369.07098125,0.00162802
369.28640958,0.00334209
369.50185314,0.00092587
369.71731191,0.00396163
369.93278590,-0.00258487
370.14827511,0.00288776
370.36377952,-0.00144904
370.57929914,0.00127695
370.79483397,0.00687348
371.01038400,0.00191714
371.22594922,0.00129760
371.44152965,-0.00018930
371.65712526,0.00241277
371.87273607,-0.00223379
372.08836206,0.00350730
372.30400324,0.00129760
372.51965960,-0.00068494
372.73533114,0.00350730
372.95101786,0.00003786
373.16671976,0.00478769
373.38243682,0.00363121
373.59816905,0.00439531
373.81391645,-0.00184142
374.02967901,0.00253668
374.24545673,0.00115304
374.46124961,-0.00151100
374.67705764,0.00175193
374.89288082,-0.00091210
375.10871916,0.00036828
375.32457264,0.00199975
375.54044126,0.00094652
375.75632503,0.00538658
375.97222393,0.00121499
376.18813797,-0.00016865
376.40406713,0.00102913
376.62001143,0.00131825
376.83597086,-0.00153165
377.05194541,0.00121499
377.26793508,0.00253668
377.48393987,0.00280515
377.69995978,0.00358990
377.91599480,0.00158672
378.13204493,0.00022372
378.34811016,0.00513876
378.56419050,0.00470508
378.78028595,0.00358990
378.99639649,-0.00031321
379.21252213,0.00113239
379.42866286,0.00447792
379.64481868,0.00030633
379.86098960,0.00468443
380.07717559,0.00311492
380.29337667,0.00065740
380.50959283,-0.00018930
380.72582407,0.00383772
380.94207038,0.00218561
381.15833176,0.00032698
381.37460821,-0.00014800
381.59089972,0.00127695
381.80720630,0.00270189
382.02352794,0.00082261
382.23986464,0.00212365
382.45621639,0.00212365
382.67258319,0.00253668
382.88896505,0.00028568
383.10536195,0.00325948
383.32177389,0.00171063
383.53820087,0.00164867
383.75464289,0.00212365
383.97109995,0.00160737
384.18757204,0.00045089
384.40405916,-0.00049908
384.62056131,-0.00029256
384.83707848,0.00096717
385.05361067,0.00249538
385.27015788,0.00123564
385.48672011,0.00462247
385.70329735,0.00389968
385.91988960,0.00294971
386.13649686,-0.00085015
386.35311912,0.00299101
386.56975639,0.00230952
386.78640865,0.00003786
387.00307592,0.00078131
387.21975817,-0.00103601
387.43645542,0.00226821
387.65316765,0.00189649
387.86989487,0.00297036
388.08663707,0.00129760
388.30339426,-0.00062298
388.52016641,0.00195844
388.73695355,0.00404424
388.95375565,0.00222691
389.17057273,-0.00049908
389.38740477,0.00532462
389.60425177,0.00363121
389.82111374,-0.00118057
390.03799066,0.00507681
390.25488253,0.00007916
390.47178936,0.00218561
390.68871114,0.00125629
390.90564787,0.00187584
391.12259954,-0.00060233
391.33956614,0.00340404
391.55654769,0.00100848
391.77354418,0.00195844
391.99055559,0.00156607
392.20758194,0.00094652
392.42462321,0.00297036
392.64167941,0.00456052
392.85875053,0.00282580
393.07583657,-0.00109797
393.29293752,0.00261929
393.51005339,0.00526267
393.72718417,0.00336274
393.94432986,0.00534527
394.16149045,0.00104978
394.37866594,0.00107043
394.59585634,0.00315622
394.81306163,0.00321818
395.03028181,0.00404424
395.24751689,0.00658436
395.46476685,0.00257798
395.68203170,0.00307362
395.89931143,0.00540723
396.11660604,0.00365186
396.33391553,0.00402358
396.55123990,0.00144216
396.76857913,0.00437466
396.98593324,0.00274320
397.20330221,-0.00283269
397.42068604,0.00381707
397.63808474,-0.00138709
397.85549829,0.00553114
398.07292670,0.00387902
398.29036996,0.00233017
398.50782807,0.00495290
398.72530103,0.00573765
398.94278883,0.00290841
399.16029147,0.00520071
399.37780895,0.00164867
399.59534127,0.00507681
399.81288841,0.00613003
400.03045039,0.00458117
400.24802720,0.00613003
400.46561883,0.00303232
400.68322529,0.00185519
400.90084656,0.00179323
401.11848265,0.00617133
401.33613355,0.00299101
401.55379926,0.00080196
401.77147978,0.00530397
401.98917511,0.00736911
402.20688524,0.00181388
402.42461017,0.00323883
402.64234989,0.00441596
402.86010441,0.00020307
403.07787372,0.00425075
403.29565782,0.00369316
403.51345670,0.00274320
403.73127037,0.00497355
403.94909882,0.00268124
404.16694205,0.00674957
404.38480005,0.00280515
404.60267282,0.00204105
404.82056036,-0.00023061
405.03846267,0.00532462
405.25637974,0.00889732
405.47431157,0.00610938
405.69225816,0.00385837
405.91021951,0.00493225
406.12819561,0.00228887
406.34618645,0.00171063
406.56419205,0.00299101
406.78221239,0.00303232
407.00024747,0.00643980
407.21829729,0.00074001
407.43636184,0.00776149
407.65444113,0.00582026
407.87253515,0.00677022
408.09064390,0.00497355
408.30876737,0.00478769
408.52690556,0.00600612
408.74505847,0.00162802
408.96322610,0.00522137
409.18140844,0.00526267
409.39960550,0.00460182
409.61781726,0.00325948
409.83604372,0.00493225
410.05428489,0.00629524
410.27254076,0.00142151
410.49081133,0.00860820
410.70909659,0.00441596
410.92739654,0.00414749
411.14571118,0.00893862
411.36404051,0.00317688
411.58238452,0.00697674
411.80074321,0.00375512
412.01911658,0.00460182
412.23750462,0.00646045
412.45590734,0.00569635
412.67432472,0.00515941
412.89275677,0.00253668
413.11120349,0.00094652
413.32966486,0.00185519
413.54814090,0.00309427
413.76663159,0.00588221
413.98513693,0.00156607
414.20365692,0.00346600
414.42219156,0.00526267
414.64074084,0.00069871
414.85930477,0.00330078
415.07788333,0.00051284
415.29647653,0.00464313
415.51508437,0.00090522
415.73370683,0.00160737
415.95234392,0.00435401
416.17099564,0.00379642
416.38966198,0.00548983
416.60834294,0.00396163
416.82703851,0.00668762
417.04574870,-0.00018930
417.26447350,0.00445726
417.48321291,0.00561374
417.70196692,0.00245408
417.92073554,0.00507681
418.13951875,0.00532462
418.35831657,0.00301166
418.57712898,0.00138020
418.79595598,0.00794735
419.01479757,0.00617133
419.23365374,0.00542788
419.45252450,0.00336274
419.67140984,0.00672892
419.89030975,0.00563439
420.10922425,0.01042552
420.32815331,0.00480834
420.54709694,0.00755498
420.76605514,0.00520071
420.98502791,0.00332144
421.20401523,0.00191714
421.42301712,0.00400293
421.64203356,0.00687348
421.86106455,0.00439531
422.08011009,0.00435401
422.29917018,0.00656371
422.51824482,0.00408554
422.73733399,0.00245408
422.95643771,0.00538658
423.17555596,0.00573765
423.39468875,0.00369316
423.61383606,0.00410619
423.83299790,0.00404424
424.05217427,0.00623329
424.27136516,0.00575830
424.49057057,0.00491159
424.70979050,0.00425075
424.92902494,0.00670827
425.14827390,0.00544853
425.36753736,0.00453987
425.58681532,0.00970272
425.80610779,0.00848429
426.02541476,0.00871145
426.24473623,0.00404424
426.46407219,0.00757563
426.68342265,0.00104978
426.90278759,0.00732781
427.12216702,0.00654306
427.34156093,0.00522137
427.56096933,0.00978533
427.78039220,0.01042552
427.99982955,0.00854624
428.21928137,0.00697674
428.43874766,0.00400293
428.65822841,0.00792670
428.87772363,0.00883536
429.09723331,0.00648110
429.31675745,0.00338339
429.53629605,0.00402358
429.75584910,0.00815387
429.97541660,0.00858755
430.19499854,0.00406489
430.41459494,0.00881471
430.63420577,0.00980598
430.85383104,0.00701804
431.07347075,0.00836038
431.29312489,0.01011575
431.51279347,0.00726586
431.73247647,0.00544853
431.95217390,0.00639850
432.17188574,0.00951686
432.39161201,0.00507681
432.61135270,0.00501485
432.83110780,0.00728651
433.05087731,0.01087985
433.27066123,0.00588221
433.49045956,0.00734846
433.71027229,0.00761693
433.93009942,0.00887667
434.14994095,0.00881471
434.36979687,0.00728651
434.58966718,0.00856690
434.80955189,0.00910383
435.02945098,0.00943425
435.24936445,0.01418408
435.46929230,0.00767888
435.68923454,0.01063204
435.90919115,0.01050813
436.12916213,0.00745172
436.34914748,0.01141679
436.56914720,0.01061139
436.78916128,0.00856690
437.00918972,0.01073529
437.22923252,0.00743107
437.44928968,0.00871145
437.66936119,0.00988859
437.88944706,0.01182982
438.10954727,0.01129288
438.32966182,0.01019836
438.54979072,0.00877341
438.76993395,0.01321346
438.99009153,0.01282109
439.21026343,0.01525795
439.43044967,0.01232545
439.65065024,0.01436994
439.87086513,0.00995054
440.09109434,0.01028096
440.31133788,0.00813322
440.53159573,0.01480362
440.75186789,0.00778214
440.97215437,0.01180917
441.19245516,0.01172656
441.41277025,0.00881471
441.63309964,0.01145809
441.85344334,0.01032227
442.07380133,0.00920709
442.29417362,0.01193308
442.51456020,0.00984728
442.73496107,0.01108637
442.95537623,0.01203633
443.17580567,0.01054943
443.39624939,0.01457646
443.61670739,0.00889732
443.83717967,0.00984728
444.05766622,0.01168526
444.27816704,0.01428734
444.49868212,0.00761693
444.71921147,0.01042552
444.93975509,0.01019836
445.16031296,0.01118962
445.38088508,0.01207764
445.60147147,0.01242871
445.82207210,0.00885601
446.04268698,0.01098311
446.26331610,0.01653834
446.48395947,0.00757563
446.70461707,0.01007445
446.92528892,0.00900057
447.14597499,0.01251132
447.36667530,0.00792670
447.58738984,0.01542316
447.80811860,0.01240806
448.02886158,0.00710064
448.24961879,0.01118962
448.47039021,0.01154070
448.69117585,0.01732309
448.91197570,0.01399822
449.13278975,0.01013640
449.35361802,0.01125158
449.57446049,0.01331672
449.79531715,0.00827778
450.01618802,0.01067334
450.23707308,0.00957881
450.45797234,0.01492753
450.67888578,0.01230480
450.89981341,0.00968207
451.12075522,0.01317216
451.34171122,0.01498948
451.56268139,0.01494818
451.78366574,0.01211894
452.00466426,0.01331672
452.22567696,0.00749302
452.44670382,0.01170591
452.66774484,0.00722455
452.88880003,0.01474167
453.10986938,0.00974403
453.33095288,0.01067334
453.55205053,0.01141679
453.77316234,0.00571700
453.99428830,0.00978533
454.21542840,0.00879406
454.43658264,0.01069399
454.65775102,0.01063204
454.87893354,0.01071464
455.10013019,0.01071464
455.32134098,0.01472102
455.54256589,0.01426669
455.76380493,0.00875276
455.98505809,0.01116897
456.20632537,0.01341998
456.42760677,0.01242871
456.64890229,0.00900057
456.87021191,0.01296565
457.09153565,0.01236676
457.31287349,0.01372975
457.53422544,0.01843827
457.75559149,0.01589815
457.97697163,0.01021901
458.19836587,0.01465906
458.41977420,0.01344063
458.64119663,0.01604271
458.86263313,0.01255262
459.08408373,0.01711658
459.30554840,0.01341998
459.52702716,0.02015234
459.74851999,0.01178852
459.97002689,0.01945019
460.19154786,0.01515470
460.41308290,0.01802524
460.63463201,0.01426669
460.85619518,0.01436994
461.07777241,0.01606336
461.29936369,0.01631118
461.52096903,0.01790133
461.74258841,0.01868609
461.96422185,0.01540251
462.18586933,0.01711658
462.40753086,0.02011104
462.62920642,0.01961540
462.85089602,0.01629052
463.07259966,0.01534056
463.29431733,0.01321346
463.51604902,0.01800459
463.73779475,0.01655899
463.95955449,0.02033820
464.18132826,0.02095774
464.40311604,0.01602206
464.62491784,0.01800459
464.84673365,0.01808720
465.06856347,0.02116426
465.29040730,0.02044146
465.51226513,0.02002843
465.73413696,0.01874804
465.95602279,0.02172185
466.17792261,0.02108165
466.39983643,0.02566627
466.62176424,0.01969801
466.84370603,0.02504672
467.06566181,0.02013169
467.28763157,0.02246530
467.50961531,0.02199031
467.73161303,0.02093709
467.95362472,0.01845892
468.17565038,0.02254790
468.39769001,0.02048276
468.61974360,0.01988387
468.84181116,0.02017299
469.06389267,0.02597604
469.28598814,0.02201097
469.50809757,0.02599669
469.73022094,0.02430327
469.95235827,0.02190771
470.17450954,0.02058602
470.39667475,0.02128817
470.61885390,0.02358047
470.84104699,0.02351852
471.06325402,0.02638907
471.28547498,0.02279572
471.50770986,0.02581083
471.72995867,0.02083384
471.95222141,0.01885130
472.17449806,0.02093709
472.39678864,0.02110230
472.61909313,0.02432392
472.84141153,0.02066862
473.06374384,0.02878463
473.28609005,0.02847486
473.50845017,0.02415871
473.73082420,0.02498477
473.95321212,0.02285767
474.17561393,0.02395220
474.39802964,0.02360112
474.62045924,0.02576952
474.84290273,0.02011104
475.06536010,0.02603799
475.28783136,0.02550105
475.51031649,0.02523259
475.73281550,0.01982192
475.95532838,0.01883065
476.17785513,0.02128817
476.40039575,0.02227943
476.62295024,0.02269246
476.84551859,0.02422067
477.06810080,0.02296093
477.29069686,0.02219683
477.51330678,0.02130882
477.73593055,0.02246530
477.95856817,0.02064797
478.18121963,0.02370438
478.40388494,0.02349787
478.62656409,0.02566627
478.84925707,0.02331201
479.07196389,0.02112296
479.29468455,0.02314679
479.51741903,0.03184104
479.74016733,0.02450979
479.96292946,0.02327070
480.18570542,0.02597604
480.40849519,0.02248595
480.63129877,0.02640972
480.85411617,0.02440653
481.07694738,0.02349787
481.29979239,0.02417936
481.52265121,0.02159794
481.74552383,0.02285767
481.96841025,0.02351852
482.19131046,0.02581083
482.41422447,0.02349787
482.63715227,0.02609995
482.86009385,0.02492282
483.08304922,0.02535650
483.30601837,0.02488151
483.52900130,0.02692600
483.75199801,0.02444783
483.97500849,0.02382829
484.19803274,0.02612060
484.42107076,0.02163924
484.64412255,0.02857812
484.86718810,0.02593473
485.09026741,0.01949149
485.31336047,0.02157729
485.53646729,0.02335331
485.75958786,0.02042081
485.98272218,0.01978061
486.20587024,0.02002843
486.42903205,0.02306419
486.65220760,0.02199031
486.87539689,0.02302289
487.09859991,0.02234139
487.32181666,0.02178380
487.54504715,0.02409676
487.76829136,0.02157729
487.99154929,0.02576952
488.21482094,0.02411741
488.43810631,0.02101970
488.66140540,0.02700861
488.88471820,0.02605864
489.10804471,0.02789662
489.33138493,0.02490216
489.55473885,0.02566627
489.77810647,0.02488151
490.00148780,0.02651297
490.22488281,0.02457174
490.44829153,0.02948678
490.67171393,0.02913570
490.89515002,0.02884658
491.11859979,0.02998241
491.34206325,0.03078782
491.56554038,0.02857812
491.78903120,0.02826834
492.01253568,0.02459239
492.23605384,0.02830965
492.45958567,0.03006502
492.68313116,0.02936287
492.90669031,0.02514998
493.13026312,0.02159794
493.35384960,0.02176315
493.57744972,0.02302289
493.80106350,0.02176315
494.02469092,0.02147403
494.24833200,0.02221748
494.47198671,0.02370438
494.69565507,0.01864479
494.91933706,0.02653363
495.14303269,0.02300223
495.36674195,0.01961540
495.59046484,0.02124686
495.81420136,0.02196966
496.03795150,0.01835567
496.26171526,0.01593945
496.48549264,0.01715788
496.70928364,0.01839697
496.93308825,0.01969801
497.15690647,0.02283702
497.38073830,0.01918172
497.60458373,0.02632711
497.82844276,0.02948678
498.05231539,0.02395220
498.27620162,0.02552171
498.50010144,0.02535650
498.72401485,0.02589343
498.94794185,0.03025088
499.17188244,0.02428262
499.39583661,0.02665753
499.61980435,0.02170119
499.84378568,0.02956938
500.06778058,0.02591408
500.29178904,0.02766945
500.51581108,0.02199031
500.73984668,0.02665753
500.96389585,0.02112296
501.18795858,0.02413806
501.41203486,0.02901180
501.63612470,0.02442718
501.86022809,0.02822704
502.08434503,0.02674014
502.30847551,0.02570757
502.53261954,0.02539780
502.75677711,0.02304354
502.98094822,0.02725643
503.20513286,0.02719447
503.42933104,0.02665753
503.65354274,0.02715317
503.87776797,0.02397285
504.10200673,0.02058602
504.32625901,0.02609995
504.55052480,0.02333266
504.77480411,0.02145338
504.99909694,0.02099905
505.22340327,0.02539780
505.44772312,0.02118491
505.67205646,0.01994582
505.89640331,0.02077188
506.12076366,0.01975996
506.34513750,0.01779808
506.56952484,0.01866544
506.79392567,0.02029690
507.01833999,0.01891325
507.24276779,0.02170119
507.46720907,0.02310549
507.69166384,0.02009038
507.91613208,0.01963605
508.14061380,0.02322940
508.36510898,0.02130882
508.58961764,0.02252725
508.81413976,0.02296093
509.03867534,0.02643037
509.26322439,0.02450979
509.48778689,0.02529454
509.71236285,0.03118019
509.93695226,0.02634776
510.16155512,0.02638907
510.38617142,0.02789662
510.61080117,0.02853681
510.83544436,0.02700861
511.06010099,0.02682275
511.28477105,0.03347250
511.50945454,0.03417465
511.73415147,0.02806183
511.95886182,0.02599669
512.18358560,0.02593473
512.40832280,0.02341526
512.63307341,0.02459239
512.85783745,0.02667819
513.08261489,0.02355982
513.30740575,0.02674014
513.53221001,0.02653363
513.75702768,0.02806183
513.98185875,0.02275442
514.20670322,0.02347722
514.43156109,0.02593473
514.65643235,0.02314679
514.88131700,0.02355982
515.10621504,0.02979655
515.33112647,0.02560431
515.55605128,0.02719447
515.78098946,0.02812378
516.00594103,0.02946613
516.23090597,0.02775206
516.45588428,0.03109759
516.68087596,0.02622385
516.90588100,0.03188234
517.13089941,0.02510868
517.35593118,0.02676079
517.58097631,0.02603799
517.80603479,0.02797922
518.03110663,0.02351852
518.25619181,0.02568692
518.48129034,0.02291963
518.70640222,0.02496412
518.93152743,0.02517063
519.15666598,0.02690535
519.38181787,0.02296093
519.60698310,0.02851616
519.83216165,0.02638907
520.05735353,0.02450979
520.28255873,0.02436523
520.50777726,0.02514998
520.73300910,0.02802053
520.95825426,0.03072586
521.18351273,0.03233667
521.40878452,0.02987915
521.63406961,0.02977590
521.85936801,0.02967264
522.08467971,0.02762815
522.31000471,0.02746294
522.53534300,0.03018893
522.76069459,0.03312143
522.98605947,0.03303882
523.21143764,0.03433986
523.43682910,0.03456703
523.66223383,0.03167583
523.88765185,0.03471159
524.11308315,0.03741692
524.33852772,0.03882122
524.56398556,0.03312143
524.78945667,0.04047333
525.01494104,0.04251782
525.24043868,0.03762344
525.46594959,0.04198088
525.69147374,0.04755677
525.91701116,0.04096896
526.14256182,0.04146460
526.36812574,0.04270368
526.59370290,0.04317867
526.81929331,0.04125808
527.04489696,0.04381886
527.27051384,0.04270368
527.49614396,0.04204284
527.72178732,0.04032877
527.94744390,0.04214609
528.17311372,0.04317867
528.39879675,0.04598726
528.62449301,0.04487208
528.85020249,0.05162509
529.07592518,0.04935344
529.30166109,0.04986972
529.52741021,0.05602385
529.75317254,0.05701511
529.97894807,0.05115011
530.20473680,0.05821290
530.43053874,0.05397936
530.65635387,0.06416050
530.88218219,0.05550756
531.10802371,0.05594124
531.33387841,0.05610645
531.55974630,0.05771726
531.78562738,0.05426848
532.01152163,0.05606515
532.23742906,0.05181096
532.46334967,0.05001428
532.68928344,0.05152184
532.91523039,0.05067513
533.14119051,0.05592059
533.36716378,0.05063383
533.59315022,0.05005559
533.81914982,0.05106751
534.04516257,0.05782052
534.27118847,0.04953930
534.49722752,0.05042731
534.72327973,0.05313265
534.94934507,0.04869259
535.17542356,0.05751075
535.40151518,0.05461955
535.62761994,0.04732960
535.85373784,0.04625573
536.07986886,0.05868788
536.30601301,0.05137728
536.53217029,0.05265766
536.75834069,0.04869259
536.98452420,0.05224464
537.21072084,0.05081969
537.43693059,0.05515649
537.66315345,0.05160444
537.88938941,0.05408261
538.11563848,0.05612710
538.34190066,0.06040195
538.56817593,0.05837811
538.79446431,0.05841941
539.02076577,0.06329314
539.24708033,0.06674193
539.47340798,0.06614304
539.69974871,0.06395399
539.92610252,0.06734082
540.15246942,0.06583327
540.37884939,0.06502786
540.60524244,0.06955052
540.83164856,0.07050049
541.05806775,0.07584920
541.28450001,0.07597311
541.51094533,0.08090880
541.73740371,0.08068163
541.96387515,0.07615897
542.19035965,0.07399058
542.41685719,0.07675787
542.64336779,0.07717089
542.86989144,0.07729480
543.09642813,0.06519307
543.32297786,0.07029397
543.54954063,0.06240513
543.77611643,0.07091352
544.00270527,0.06345835
544.22930714,0.07299931
544.45592204,0.06480070
544.68254996,0.06426376
544.90919091,0.06525503
545.13584487,0.06581262
545.36251185,0.06411920
545.58919184,0.06050520
545.81588485,0.06143452
546.04259086,0.06197145
546.26930988,0.06110409
546.49604191,0.05779987
546.72278693,0.05397936
546.94954495,0.05827485
547.17631596,0.05848136
547.40309997,0.05984436
547.62989696,0.05693251
547.85670694,0.06141386
548.08352991,0.06729952
548.31036585,0.05794443
548.53721477,0.06277686
548.76407667,0.06727887
548.99095154,0.06124865
549.21783938,0.06114540
549.44474018,0.06077367
549.67165395,0.06207471
549.89858069,0.06077367
550.12552038,0.05604450
550.35247302,0.05172835
550.57943862,0.05519779
550.80641717,0.05538365
551.03340866,0.05860527
551.26041310,0.05996827
551.48743048,0.06211601
551.71446081,0.06157908
551.94150406,0.06870381
552.16856025,0.07031462
552.39562937,0.07186348
552.62271142,0.07159501
552.84980640,0.07285475
553.07691429,0.07388732
553.30403511,0.07101677
553.53116884,0.07483728
553.75831549,0.07304061
553.98547505,0.07659265
554.21264752,0.07882301
554.43983289,0.07580790
554.66703116,0.07657200
554.89424234,0.08320111
555.12146641,0.08280873
555.34870338,0.07927734
555.57595324,0.08068163
555.80321599,0.08489452
556.03049162,0.08047512
556.25778014,0.07940125
556.48508154,0.08223049
556.71239582,0.08654664
556.93972297,0.08336632
557.16706300,0.07946320
557.39441589,0.07836868
557.62178165,0.07981427
557.84916028,0.07361885
558.07655177,0.07551878
558.30395611,0.07370146
558.53137331,0.07246237
558.75880337,0.07591116
558.98624627,0.07448621
559.21370202,0.06990160
559.44117062,0.06372682
559.66865206,0.06294207
559.89614634,0.06641151
560.12365345,0.06323119
560.35117340,0.06019543
560.57870618,0.05765531
560.80625179,0.05497062
561.03381022,0.05689120
561.26138148,0.05949328
561.48896555,0.05928677
561.71656244,0.05701511
561.94417215,0.05587929
562.17179467,0.05220333
562.39942999,0.05210008
562.62707812,0.05245115
562.85473906,0.05862592
563.08241279,0.05631297
563.31009933,0.05257506
563.53779866,0.05897700
563.76551078,0.05507388
563.99323568,0.05827485
564.22097338,0.05959654
564.44872386,0.05711837
564.67648712,0.05976175
564.90426316,0.05837811
565.13205197,0.05765531
565.35985356,0.05788247
565.58766792,0.06378878
565.81549504,0.06478005
566.04333493,0.06827013
566.27118758,0.06133126
566.49905298,0.06250839
566.72693115,0.06199210
566.95482207,0.06488330
567.18272573,0.06374747
567.41064215,0.06777450
567.63857131,0.06771255
567.86651321,0.07109938
568.09446785,0.06895163
568.32243523,0.06667998
568.55041534,0.06897228
568.77840819,0.07000485
569.00641376,0.06723756
569.23443206,0.06758864
569.46246308,0.07147110
569.69050682,0.07114068
569.91856327,0.07176022
570.14663244,0.07312322
570.37471433,0.06928205
570.60280892,0.07665461
570.83091622,0.07382536
571.05903622,0.07562204
571.28716892,0.07651005
571.51531432,0.08464671
571.74347241,0.08431628
571.97164320,0.07812086
572.19982667,0.07977297
572.42802284,0.07721220
572.65623168,0.07816216
572.88445321,0.08450215
573.11268742,0.07867845
573.34093430,0.08146639
573.56919385,0.08652598
573.79746608,0.08784768
574.02575097,0.08964435
574.25404853,0.09092474
574.48235874,0.09166819
574.71068162,0.09569521
574.93901715,0.09356812
575.16736534,0.09623215
575.39572618,0.09943312
575.62409966,0.09821469
575.85248579,0.09873097
576.08088456,0.10112653
576.30929597,0.10381122
576.53772002,0.09924726
576.76615671,0.10463728
576.99460602,0.10647525
577.22306796,0.10767303
577.45154253,0.10777629
577.68002972,0.10604157
577.90852953,0.10397643
578.13704196,0.10277865
578.36556700,0.10670242
578.59410465,0.10759043
578.82265492,0.11473582
579.05121779,0.11035772
579.27979326,0.10973817
579.50838133,0.10975883
579.73698201,0.10703284
579.96559527,0.10829258
580.19422113,0.10930449
580.42285958,0.10676437
580.65151062,0.10360470
580.88017424,0.10302646
581.10885044,0.10381122
581.33753922,0.10761108
581.56624057,0.10180803
581.79495450,0.10286125
582.02368100,0.09786361
582.25242007,0.10100263
582.48117170,0.10046569
582.70993589,0.10025918
582.93871264,0.10172543
583.16750195,0.09666583
583.39630381,0.09460069
583.62511822,0.09420831
583.85394518,0.09658322
584.08278469,0.09804947
584.31163674,0.09817338
584.54050133,0.09608759
584.76937845,0.10186999
584.99826811,0.10058960
585.22717030,0.10025918
585.45608502,0.09716146
585.68501226,0.10308842
585.91395203,0.10711544
586.14290432,0.11132833
586.37186912,0.11180332
586.60084644,0.11525210
586.82983628,0.11839112
587.05883862,0.12070408
587.28785347,0.12229423
587.51688082,0.12621800
587.74592067,0.12037365
587.97497302,0.11678031
588.20403787,0.11469451
588.43311520,0.12289313
588.66220503,0.12619735
588.89130735,0.12640387
589.12042215,0.12807663
589.34954943,0.13115369
589.57868919,0.12867552
589.80784142,0.13421010
590.03700613,0.13359056
590.26618331,0.13328079
590.49537296,0.13212431
590.72457507,0.12861357
590.95378964,0.12229423
591.18301667,0.12122036
591.41225616,0.12384309
591.64150811,0.12041496
591.87077250,0.12413221
592.10004934,0.12438003
592.32933863,0.12097254
592.55864036,0.11306305
592.78795453,0.11380650
593.01728114,0.11886610
593.24662018,0.12051821
593.47597165,0.11692487
593.70533555,0.12093124
593.93471188,0.12035300
594.16410063,0.11620207
594.39350180,0.11452930
594.62291539,0.11593360
594.85234140,0.11465321
595.08177981,0.12074538
595.31123064,0.11818460
595.54069387,0.12047691
595.77016951,0.11876284
595.99965755,0.11293914
596.22915798,0.11717268
596.45867081,0.11735855
596.68819604,0.11506624
596.91773365,0.10703284
597.14728365,0.10951101
597.37684603,0.11083270
597.60642080,0.11008925
597.83600795,0.11444670
598.06560747,0.12349202
598.29521936,0.11754441
598.52484363,0.12113776
598.75448026,0.11973346
598.98412926,0.11863893
599.21379062,0.11973346
599.44346434,0.11791613
599.67315042,0.11560318
599.90284885,0.11692487
600.13255963,0.12074538
600.36228276,0.11942369
600.59201824,0.11851503
600.82176606,0.11463256
601.05152622,0.11601620
601.28129871,0.10734261
601.51108354,0.11081205
601.74088070,0.10814802
601.97069019,0.11614011
602.20051201,0.11585099
602.43034615,0.12080733
602.66019261,0.12363658
602.89005139,0.12826249
603.11992249,0.12817989
603.34980589,0.13127760
603.57970161,0.13398294
603.80960963,0.13195910
604.03952996,0.13445792
604.26946259,0.13817517
604.49940751,0.14150005
604.72936474,0.13720456
604.95933425,0.14259457
605.18931606,0.14362715
605.41931015,0.14422604
605.64931653,0.14769547
605.87933519,0.14914107
606.10936612,0.15649298
606.33940934,0.15880594
606.56946483,0.17336518
606.79953259,0.17328258
607.02961261,0.18839941
607.25970490,0.19606109
607.48980946,0.20155436
607.71992627,0.21712553
607.95005534,0.22482851
608.18019667,0.23798346
608.41035024,0.25153079
608.64051607,0.26171193
608.87069414,0.28052537
609.10088445,0.28482087
609.33108700,0.29427921
609.56130179,0.29904969
609.79152882,0.30753742
610.02176808,0.32348031
610.25201956,0.31478607
610.48228328,0.33004746
610.71255921,0.33097678
610.94284737,0.33711025
611.17314775,0.34373935
611.40346034,0.33182349
611.63378514,0.32742473
611.86412215,0.31007755
612.09447137,0.29915295
612.32483280,0.28781532
612.55520642,0.27709724
612.78559225,0.25838706
613.01599027,0.24678096
613.24640048,0.23909863
613.47682288,0.22807078
613.70725747,0.22059497
613.93770425,0.20498250
614.16816321,0.19913815
614.39863434,0.20171957
614.62911766,0.19680454
614.85961314,0.19081563
615.09012080,0.19038195
615.32064063,0.18367024
615.55117262,0.17935409
615.78171677,0.17640094
616.01227308,0.16847080
616.24284156,0.16526983
616.47342218,0.15577018
616.70401496,0.15746359
616.93461988,0.14891391
617.16523695,0.14854218
617.39586617,0.13685348
617.62650752,0.13749368
617.85716101,0.13016242
618.08782664,0.12884073
618.31850440,0.11704878
618.54919429,0.12097254
618.77989630,0.11025446
619.01061044,0.10628939
619.24133670,0.09819403
619.47207508,0.09695495
619.70282557,0.09003673
619.93358818,0.09123451
620.16436289,0.08204463
620.39514972,0.07942190
620.62594864,0.06992225
620.85675967,0.07081026
621.08758280,0.06760929
621.31841802,0.06195080
621.54926534,0.05967915
621.78012475,0.05992696
622.01099624,0.05455760
622.24187982,0.05782052
622.47277549,0.05893569
622.70368323,0.05744879
622.93460305,0.05102620
623.16553494,0.05534235
623.39647890,0.05003494
623.62743493,0.05069578
623.85840303,0.04650354
624.08938319,0.04780458
624.32037541,0.04908497
624.55137968,0.04943604
624.78239602,0.04429384
625.01342440,0.04117548
625.24446483,0.04094831
625.47551731,0.04103092
625.70658183,0.04317867
625.93765839,0.04594596
626.16874699,0.04673071
626.39984763,0.04067984
626.63096029,0.04714374
626.86208499,0.04821761
627.09322171,0.04964256
627.32437046,0.05556951
627.55553123,0.05763466
627.78670401,0.05961719
628.01788882,0.06486265
628.24908563,0.06874512
628.48029446,0.06461483
628.71151529,0.07000485
628.94274813,0.07359820
629.17399296,0.08150769
629.40524980,0.08004144
629.63651863,0.08326306
629.86779946,0.09055301
630.09909228,0.10063090
630.33039709,0.10802411
630.56171388,0.11965085
630.79304265,0.11888675
631.02438340,0.12010518
631.25573613,0.12667233
631.48710084,0.12869617
631.71847751,0.12863422
631.94986615,0.13960012
632.18126676,0.15285833
632.41267933,0.15415937
632.64410387,0.14538252
632.87554035,0.14784003
633.10698880,0.15451044
633.33844919,0.15314745
633.56992154,0.15828965
633.80140583,0.16204821
634.03290207,0.15698861
634.26441024,0.15954939
634.49593035,0.16085043
634.72746240,0.16752083
634.95900638,0.16384488
635.19056229,0.17204349
635.42213013,0.18749075
635.65370989,0.19616434
635.88530158,0.19531764
636.11690518,0.20642810
636.34852069,0.22195796
636.58014812,0.23040439
636.81178746,0.24583100
637.04343871,0.25169600
637.27510187,0.25485566
637.50677692,0.26342600
637.73846387,0.26646176
637.97016272,0.26840299
638.20187347,0.26829973
638.43359610,0.26606938
638.66533062,0.26016308
638.89707703,0.25663169
639.12883532,0.25049822
639.36060549,0.24184527
639.59238754,0.24189102
639.82418146,0.24468001
640.05598725,0.23014253
640.28780491,0.22140407
640.51963444,0.22681155
640.75147583,0.21204958
640.98332908,0.21982987
641.21519419,0.21813248
641.44707115,0.21749147
641.67895997,0.20718422
641.91086063,0.20442310
642.14277314,0.19624258
642.37469750,0.20088466
642.60663369,0.19888349
642.83858172,0.20270570
643.07054159,0.19495807
643.30251329,0.18819392
643.53449683,0.18296135
643.76649218,0.18666612
643.99849937,0.17929346
644.23051837,0.18000065
644.46254919,0.16690793
644.69459183,0.16602541
644.92664628,0.16426472
645.15871254,0.16194261
645.39079061,0.14986040
645.62288049,0.15004452
645.85498217,0.14777742
646.08709564,0.14896808
646.31922091,0.14339139
646.55135798,0.14638013
646.78350684,0.14333482
647.01566748,0.13670628
647.24783991,0.13485949
647.48002413,0.13292417
647.71222012,0.13882397
647.94442789,0.13917179
648.17664744,0.14001312
648.40887875,0.13714330
648.64112184,0.13007497
648.87337669,0.13020200
649.10564331,0.12220402
649.33792168,0.12594795
649.57021181,0.11897638
649.80251370,0.12314571
650.03482734,0.11933048
650.26715273,0.12184436
650.49948987,0.11749647
650.73183875,0.12013473
650.96419937,0.12211444
651.19657173,0.11635876
651.42895582,0.11702906
651.66135165,0.11995679
651.89375921,0.11660347
652.12617849,0.11980455
652.35860950,0.12396960
652.59105224,0.12826206
652.82350669,0.12226412
653.05597285,0.12511521
653.28845073,0.12895740
653.52094032,0.12748324
653.75344162,0.13126664
653.98595462,0.13200302
654.21847933,0.13079436
654.45101573,0.13023492
654.68356383,0.13611300
654.91612363,0.13581728
655.14869511,0.12959953
655.38127829,0.13738639
655.61387315,0.12965108
655.84647969,0.13516456
656.07909792,0.14192671
656.31172782,0.14184192
656.54436939,0.13895008
656.77702264,0.13577505
657.00968756,0.13899756
657.24236414,0.14620247
657.47505238,0.14878787
657.70775229,0.14418593
657.94046385,0.14486825
658.17318707,0.14728719
658.40592195,0.14420765
658.63866847,0.14594322
658.87142663,0.14775221
659.10419645,0.14989118
659.33697790,0.14373459
659.56977099,0.15005581
659.80257572,0.15345363
660.03539208,0.14274313
660.26822007,0.14236104
660.50105969,0.14359989
660.73391093,0.14862161
660.96677380,0.14666532
661.19964828,0.14876426
661.43253438,0.14838856
661.66543209,0.14123299
661.89834142,0.14259751
662.13126235,0.14167628
662.36419489,0.14560311
662.59713903,0.16241893
662.83009477,0.15188797
663.06306210,0.15579474
663.29604103,0.16319184
663.52903155,0.16236854
663.76203367,0.15817391
663.99504736,0.15600343
664.22807264,0.16183055
664.46110950,0.15655018
664.69415794,0.15562137
664.92721795,0.15860592
665.16028953,0.15567202
665.39337269,0.15646315
665.62646740,0.15260597
665.85957369,0.15158294
666.09269153,0.14811712
666.32582093,0.15115972
666.55896189,0.14935415
666.79211440,0.14643574
667.02527846,0.15062798
667.25845406,0.14040552
667.49164121,0.14346193
667.72483991,0.14387496
667.95805014,0.14829437
668.19127190,0.14594010
668.42450520,0.14864544
668.65775003,0.14150005
668.89100639,0.15112361
669.12427427,0.14848023
669.35755368,0.14759222
669.59084460,0.14558903
669.82414704,0.15021495
670.05746099,0.14428799
670.29078646,0.14967801
670.52412343,0.13813387
670.75747191,0.14094246
670.99083189,0.13798931
671.22420337,0.13043089
671.45758635,0.13615133
671.69098082,0.13716325
671.92438678,0.13371447
672.15780424,0.13592417
672.39123317,0.13133955
672.62467360,0.13255799
672.85812550,0.13007982
673.09158888,0.13528397
673.32506373,0.13012112
673.55855006,0.12989395
673.79204785,0.12927441
674.02555712,0.13189714
674.25907784,0.12799402
674.49261003,0.13511876
674.72615367,0.12960484
674.95970878,0.13456117
675.19327533,0.13623394
675.42685333,0.13953817
675.66044278,0.13001786
675.89404368,0.14329672
676.12765601,0.14259457
676.36127979,0.14189243
676.59491500,0.14488688
676.82856165,0.14052943
677.06221972,0.13796866
677.29588922,0.14067399
677.52957015,0.14492818
677.76326250,0.14230546
677.99696627,0.13534593
678.23068146,0.13858820
678.46440806,0.14393692
678.69814607,0.13261994
678.93189549,0.13096783
679.16565631,0.13701869
679.39942854,0.12221163
679.63321217,0.13261994
679.86700720,0.13363186
680.10081361,0.13233082
680.33463143,0.13069936
680.56846063,0.13350795
680.80230121,0.12842770
681.03615318,0.13594482
681.27001653,0.13677088
681.50389126,0.14643574
681.73777736,0.14674551
681.97167484,0.13844364
682.20558368,0.14222285
682.43950390,0.14622922
682.67343547,0.14408148
682.90737841,0.15104100
683.14133270,0.14383366
683.37529836,0.13784475
683.60927536,0.13683283
683.84326371,0.13613068
684.07726341,0.13693609
684.31127446,0.13823713
684.54529685,0.14073595
684.77933057,0.14558903
685.01337564,0.15093775
685.24743203,0.16322534
685.48149976,0.17082506
685.71557881,0.18146054
685.94966919,0.18922547
686.18377090,0.19498721
686.41788392,0.20027398
686.65200826,0.20905083
686.88614391,0.20708894
687.12029088,0.20783239
687.35444915,0.20403253
687.58861873,0.20644875
687.82279961,0.19967508
688.05699179,0.19732082
688.29119527,0.19091888
688.52541004,0.18443434
688.75963611,0.18468216
688.99387346,0.18036601
689.22812210,0.18160510
689.46238203,0.18854397
689.69665323,0.19001022
689.93093571,0.20349560
690.16522947,0.20500315
690.39953450,0.21202463
690.63385080,0.21574188
690.86817837,0.22515893
691.10251720,0.23059025
691.33686730,0.22780231
691.57122865,0.22350682
691.80560125,0.22375463
692.03998511,0.22643932
692.27438023,0.22980550
692.50878658,0.22164819
692.74320419,0.22505567
692.97763303,0.21989282
693.21207312,0.22577847
693.44652444,0.22509698
693.68098699,0.23182934
693.91546077,0.23288256
694.14994579,0.23752913
694.38444203,0.23829323
694.61894949,0.24680161
694.85346817,0.25621866
695.08799806,0.25153079
695.32253918,0.24554188
695.55709150,0.24950695
695.79165503,0.25006454
696.02622977,0.25113841
696.26081571,0.24948630
696.49541285,0.25274922
696.73002119,0.24531471
696.96464072,0.24578969
697.19927145,0.23643460
697.43391336,0.23602157
697.66856647,0.22484916
697.90323075,0.22650127
698.13790622,0.22740993
698.37259286,0.23467923
698.60729068,0.23529877
698.84199967,0.23785955
699.07671984,0.23228367
699.31145117,0.24760702
699.54619366,0.25033300
699.78094731,0.25128297
700.01571213,0.26582156
700.25048810,0.27220285
700.48527522,0.28618386
700.72007349,0.29642696
700.95488292,0.30652550
701.18970348,0.30683527
701.42453519,0.30613313
701.65937804,0.31040797
701.89423202,0.30823957
702.12909714,0.30545163
702.36397339,0.30092897
702.59886077,0.30041268
702.83375927,0.29378358
703.06866889,0.28482087
703.30358964,0.27746896
703.53852150,0.26753563
703.77346448,0.27075725
704.00841857,0.25423612
704.24338376,0.25014714
704.47836007,0.23606288
704.71334748,0.23602157
704.94834598,0.22924791
705.18335559,0.22683169
705.41837629,0.22431222
705.65340808,0.22332095
705.88845096,0.22697625
706.12350493,0.22961964
706.35856998,0.22949573
706.59364612,0.23059025
706.82873333,0.23474119
707.06383161,0.24265068
707.29894097,0.24919718
707.53406141,0.25609475
707.76919290,0.26759759
708.00433546,0.28558497
708.23948909,0.29099564
708.47465377,0.29873992
708.70982951,0.30355170
708.94501630,0.30766133
709.18021414,0.30945800
709.41542303,0.31179161
709.65064297,0.30450166
709.88587395,0.30138330
710.12111597,0.29215212
710.35636902,0.27515600
710.59163311,0.27445386
710.82690823,0.25491762
711.06219437,0.25002323
711.29749155,0.24052358
711.53279974,0.23482379
711.76811896,0.24132899
712.00344920,0.23317168
712.23879044,0.24180397
712.47414270,0.23503031
712.70950597,0.24124638
712.94488025,0.24089531
713.18026553,0.25528934
713.41566181,0.24593425
713.65106908,0.25229489
713.88648736,0.26070001
714.12191662,0.26030764
714.35735688,0.25138623
714.59280812,0.25770556
714.82827034,0.25431873
715.06374355,0.24762767
715.29922774,0.25167535
715.53472290,0.25020910
715.77022903,0.24308436
716.00574614,0.25196447
716.24127421,0.24442670
716.47681324,0.23721936
716.71236324,0.23017722
716.94792420,0.22726537
717.18349611,0.21177681
717.41907898,0.20649005
717.65467280,0.20000551
717.89027757,0.19953052
718.12589328,0.19153843
718.36151993,0.18870918
718.59715752,0.18290614
718.83280605,0.18119207
719.06846552,0.17803240
719.30413591,0.18201813
719.53981724,0.18464085
719.77550949,0.18641688
720.01121266,0.18755270
720.24692676,0.19151778
720.48265177,0.19632956
720.71838769,0.19060911
720.95413453,0.18435173
721.18989228,0.18982436
721.42566093,0.19124931
721.66144049,0.19215797
721.89723095,0.18813094
722.13303231,0.19513177
722.36884456,0.19777515
722.60466770,0.20692373
722.84050173,0.20052179
723.07634666,0.20789435
723.31220246,0.20729546
723.54806915,0.20518901
723.78394671,0.20035658
724.01983515,0.19083628
724.25573447,0.19052651
724.49164465,0.18740814
724.72756571,0.18022145
724.96349762,0.17935409
725.19944040,0.18695381
725.43539404,0.19067107
725.67135854,0.18934938
725.90733388,0.18685056
726.14332008,0.19473940
726.37931713,0.19240579
726.61532503,0.18864723
726.85134376,0.18519844
727.08737334,0.18482672
727.32341375,0.18563212
727.55946500,0.18806899
727.79552708,0.19647412
728.03159998,0.19476005
728.26768372,0.19791971
728.50377827,0.21592775
728.73988365,0.21619622
728.97599985,0.21991347
729.21212686,0.22689365
729.44826468,0.23344015
729.68441331,0.23069351
729.92057275,0.23094133
730.15674299,0.23170543
730.39292403,0.24521145
730.62911587,0.22937182
730.86531851,0.21772442
731.10153194,0.21297460
731.33775616,0.19862186
731.57399117,0.18311265
731.81023696,0.16795451
732.04649353,0.16714911
732.28276088,0.14781938
732.51903901,0.14280109
732.75532791,0.13734912
732.99162758,0.13237212
733.22793802,0.13061675
733.46425923,0.12617670
733.70059119,0.12291378
733.93693392,0.11717268
734.17328740,0.11070879
734.40965164,0.11238156
734.64602662,0.10608287
734.88241236,0.10938710
735.11880884,0.11070879
735.35521607,0.11010990
735.59163403,0.11128703
735.82806273,0.11659444
736.06450217,0.12572237
736.30095234,0.12650712
736.53741323,0.13980663
736.77388486,0.16012763
737.01036720,0.16863601
737.24686027,0.18133663
737.48336406,0.19626760
737.71987856,0.21442019
737.95640377,0.23447272
738.19293969,0.24143224
738.42948632,0.24897001
738.66604365,0.25099385
738.90261169,0.26076197
739.13919042,0.27513535
739.37577985,0.28486217
739.61237997,0.28358178
739.84899078,0.28273507
740.08561228,0.27577555
740.32224446,0.26829973
740.55888732,0.25460785
740.79554087,0.24265068
741.03220509,0.23560855
741.26887998,0.22133842
741.50556555,0.21165290
741.74226178,0.20120329
741.97896868,0.19831209
742.21568624,0.18945263
742.45241446,0.17962256
742.68915333,0.17749547
742.92590286,0.17520316
743.16266304,0.17396407
743.39943387,0.17158916
743.63621535,0.17101092
743.87300747,0.17074245
744.10981023,0.16279166
744.34662363,0.16396879
744.58344766,0.16797516
744.82028232,0.16562090
745.05712761,0.16948272
745.29398353,0.16721106
745.53085007,0.16332859
745.76772724,0.16750018
746.00461502,0.16361771
746.24151341,0.15314745
746.47842242,0.15147468
746.71534204,0.15120621
746.95227227,0.14850088
747.18921310,0.15296158
747.42616453,0.15434523
747.66312656,0.16060261
747.90009918,0.15560497
748.13708240,0.15905375
748.37407621,0.16262645
748.61108061,0.16312208
748.84809559,0.16756213
749.08512115,0.16977184
749.32215730,0.15998307
749.55920401,0.16520787
749.79626131,0.16820233
750.03332917,0.16708715
750.27040760,0.16923490
750.50749660,0.17728895
750.74459616,0.16721106
750.98170628,0.16758279
751.21882695,0.16948272
751.45595818,0.16549699
751.69309997,0.17679332
751.93025230,0.17856934
752.16741517,0.17856934
752.40458859,0.18183226
752.64177256,0.18205943
752.87896705,0.18837876
753.11617209,0.18972110
753.35338765,0.19333510
753.59061374,0.19160038
753.82785037,0.20037723
754.06509751,0.20618028
754.30235518,0.20783239
754.53962336,0.20987688
754.77690206,0.22047106
755.01419127,0.22280467
755.25149099,0.23063155
755.48880122,0.22941312
755.72612195,0.23184999
755.96345319,0.23296516
756.20079492,0.22809143
756.43814715,0.22018194
756.67550987,0.22476655
756.91288309,0.22123516
757.15026679,0.21987217
757.38766097,0.21340828
757.62506564,0.21033121
757.86248079,0.20774979
758.09990641,0.20124459
758.33734251,0.20797695
758.57478908,0.20008811
758.81224612,0.20795630
759.04971362,0.19335575
759.28719159,0.18321591
759.52468001,0.17284890
759.76217889,0.17357170
759.99968823,0.16624044
760.23720802,0.15876463
760.47473826,0.14585750
760.71227894,0.14391627
760.94983007,0.14073595
761.18739164,0.14154135
761.42496364,0.13208300
761.66254608,0.13596547
761.90013895,0.13865015
762.13774226,0.14309021
762.37535598,0.13319818
762.61298014,0.12933637
762.85061471,0.12851031
763.08825970,0.13451987
763.32591511,0.14042618
763.56358093,0.13982729
763.80125716,0.14678681
764.03894380,0.15665819
764.27664084,0.15795923
764.51434829,0.15855812
764.75206613,0.16436117
764.98979437,0.15700926
765.22753300,0.15292028
765.46528203,0.16190365
765.70304144,0.16894578
765.94081124,0.16917295
766.17859142,0.17105222
766.41638197,0.17823892
766.65418291,0.17237391
766.89199422,0.17801175
767.12981590,0.17437710
767.36764795,0.17528576
767.60549036,0.17220870
767.84334314,0.17887911
768.08120628,0.17264238
768.31907977,0.16863601
768.55696362,0.16840884
768.79485782,0.16326664
769.03276238,0.15614190
769.27067727,0.15358113
769.50860251,0.14858349
769.74653809,0.15767011
769.98448401,0.15457240
770.22244027,0.15806248
770.46040685,0.16582742
770.69838377,0.17474883
770.93637101,0.17722700
771.17436858,0.18034536
771.41237647,0.18542561
771.65039468,0.19199276
771.88842320,0.18906026
772.12646204,0.19306663
772.36451118,0.18893635
772.60257064,0.18678860
772.84064039,0.18428978
773.07872045,0.18325721
773.31681081,0.18013885
773.55491147,0.17212610
773.79302242,0.18255506
774.03114366,0.17427384
774.26927519,0.17247717
774.50741700,0.16599263
774.74556910,0.16120150
774.98373147,0.16411335
775.22190413,0.16343185
775.46008705,0.15601799
775.69828025,0.15816574
775.93648372,0.16215146
776.17469745,0.16566220
776.41292145,0.16952402
776.65115570,0.16791321
776.88940022,0.17931279
777.12765499,0.17654550
777.36592001,0.18389740
777.60419528,0.17406733
777.84248079,0.17569879
778.08077655,0.17010226
778.31908256,0.17435645
778.55739879,0.16716976
778.79572527,0.16952402
779.03406198,0.17055659
779.27240891,0.15905375
779.51076608,0.15744294
779.74913346,0.15781467
779.98751107,0.15661689
780.22589890,0.17326193
780.46429695,0.15843421
780.70270520,0.15911571
780.94112367,0.14990518
781.17955235,0.16082977
781.41799123,0.15347787
781.65644031,0.15353982
781.89489959,0.14965736
782.13336907,0.14876935
782.37184874,0.14183047
782.61033861,0.14317281
782.84883866,0.14736505
783.08734890,0.14220220
783.32586931,0.13641980
783.56439991,0.13792736
783.80294069,0.13509811
784.04149164,0.13817517
784.28005276,0.13588287
784.51862406,0.15166055
784.75720551,0.13889797
784.99579713,0.14470102
785.23439891,0.14988452
785.47301085,0.14558903
785.71163295,0.14088051
785.95026519,0.14645639
786.18890759,0.14563033
786.42756013,0.13567635
786.66622282,0.13074066
786.90489564,0.13474704
787.14357861,0.12144753
787.38227171,0.12041496
787.62097494,0.11560318
787.85968831,0.11552057
788.09841180,0.10967622
788.33714541,0.11006860
788.57588915,0.10715675
788.81464301,0.10854039
789.05340698,0.10752847
789.29218106,0.11112182
789.53096526,0.11781288
789.76975956,0.11752376
790.00856397,0.12599084
790.24737848,0.13317753
790.48620309,0.13402424
790.72503780,0.14282174
790.96388260,0.14633248
791.20273749,0.15444849
791.44160247,0.15040081
791.68047754,0.15585278
791.91936269,0.15339526
792.15825792,0.14775743
792.39716323,0.14337933
792.63607861,0.14228480
792.87500406,0.13193845
793.11393958,0.14230546
793.35288517,0.13639915
793.59184082,0.13664697
793.83080653,0.13016242
794.06978230,0.13208300
794.30876813,0.13359056
794.54776401,0.12960484
794.78676993,0.12625931
795.02578591,0.13394163
795.26481193,0.13096783
795.50384798,0.12995591
795.74289408,0.12452459
795.98195022,0.12495827
796.22101638,0.12910920
796.46009258,0.12417351
796.69917880,0.12093124
796.93827505,0.12367788
797.17738132,0.12264531
797.41649761,0.12388439
797.65562392,0.12987330
797.89476024,0.12921246
798.13390657,0.12530934
798.37306290,0.12923311
798.61222925,0.11963020
798.85140559,0.12330615
799.09059194,0.12124101
799.32978828,0.12442133
799.56899462,0.11868024
799.80821094,0.12353332
800.04743726,0.11783353
800.28667356,0.11500429
800.52591985,0.11279458
800.76517611,0.11494233
801.00444236,0.11568578
801.24371857,0.11304240
801.48300476,0.11585099
801.72230092,0.10955231
801.96160705,0.11143159
802.20092314,0.11368259
802.44024919,0.11510754
802.67958519,0.13107109
802.91893116,0.13352860
803.15828707,0.14608466
803.39765294,0.15287898
803.63702875,0.16721106
803.87641450,0.15589409
804.11581020,0.16776865
804.35521584,0.17600856
804.59463141,0.17249782
804.83405692,0.16840884
805.07349235,0.17225001
805.31293772,0.17305541
805.55239300,0.17423254
805.79185821,0.17565749
806.03133334,0.18445499
806.27081839,0.17809436
806.51031335,0.18269962
806.74981822,0.18744945
806.98933300,0.18982436
807.22885768,0.19492526
807.46839227,0.19583392
807.70793675,0.19333510
807.94749114,0.19083628
808.18705542,0.19294272
808.42662959,0.20202935
808.66621364,0.20221521
808.90580759,0.20039788
809.14541141,0.19482200
809.38502512,0.18486802
809.62464871,0.17761937
809.86428217,0.17361300
810.10392550,0.16374162
810.34357870,0.15337461
810.58324177,0.14907912
810.82291470,0.13627524
811.06259749,0.12902660
811.30229015,0.12396700
811.54199265,0.11694552
811.78170501,0.10794150
812.02142722,0.09604629
812.26115928,0.08854982
812.50090118,0.08394456
812.74065292,0.07679917
812.98041450,0.06878642
813.22018592,0.07353624
813.45996717,0.05839876
813.69975825,0.06143452
813.93955916,0.05674665
814.17936989,0.05263701
814.41919045,0.04774263
814.65902083,0.05470215
814.89886102,0.04699918
815.13871102,0.04714374
815.37857084,0.04495469
815.61844047,0.04660680
815.85831990,0.04553293
816.09820913,0.04499599
816.33810817,0.04103092
816.57801700,0.04255912
816.81793562,0.04532641
817.05786404,0.04321997
817.29780225,0.03929620
817.53775024,0.04175372
817.77770801,0.04231131
818.01767557,0.03797451
818.25765290,0.04121678
818.49764001,0.04078310
818.73763689,0.04383951
818.97764354,0.04565684
819.21765996,0.05255441
819.45768614,0.04714374
819.69772209,0.04452101
819.93776779,0.04937409
820.17782324,0.04706113
820.41788845,0.04949800
820.65796341,0.04881650
820.89804812,0.05154249
821.13814257,0.05534235
821.37824677,0.05835746
821.61836070,0.06366487
821.85848437,0.06709300
822.09861777,0.07107873
822.33876090,0.07909148
822.57891376,0.08388260
822.81907635,0.09088343
823.05924866,0.10050699
823.29943069,0.11306305
823.53962243,0.12706471
823.77982389,0.13792736
824.02003506,0.15064863
824.26025594,0.16956532
824.50048652,0.19139387
824.74072681,0.19979899
824.98097680,0.22466330
825.22123648,0.23790085
825.46150586,0.26065871
825.70178493,0.25652843
825.94207369,0.26722586
826.18237214,0.28354048
826.42268027,0.29390749
826.66299808,0.29622045
826.90332557,0.30943735
827.14366273,0.29985510
827.38400957,0.29791386
827.62436608,0.29925620
827.86473225,0.30280825
828.10510809,0.29463029
828.34549359,0.28517194
828.58588874,0.27651900
828.82629356,0.27728310
829.06670802,0.26489225
829.30713214,0.25898595
829.54756590,0.24126703
829.78800931,0.24103987
830.02846236,0.24337348
830.26892505,0.23841714
830.50939738,0.23306842
830.74987934,0.22422962
830.99037093,0.21590710
831.23087215,0.21309850
831.47138299,0.20787370
831.71190346,0.20157501
831.95243355,0.19399595
832.19297325,0.18910156
832.43352257,0.17600856
832.67408150,0.17503795
832.91465003,0.16365902
833.15522818,0.15004974
833.39581592,0.14757157
833.63641327,0.14517600
833.87702022,0.14028162
834.11763676,0.12766360
834.35826289,0.12530934
834.59889861,0.12468980
834.83954392,0.11287719
835.08019881,0.10498835
835.32086328,0.09800817
835.56153733,0.09947442
835.80222095,0.09191600
836.04291415,0.08030991
836.28361692,0.07630353
836.52432926,0.07083091
836.76505116,0.06637020
837.00578262,0.06703105
837.24652364,0.06506917
837.48727421,0.06033999
837.72803434,0.05835746
837.96880402,0.05825420
838.20958325,0.05311200
838.45037202,0.05422717
838.69117033,0.05484671
838.93197819,0.05567277
839.17279558,0.05532170
839.41362250,0.06060846
839.65445896,0.06263230
839.89530494,0.06504851
840.13616045,0.06473874
840.37702548,0.06290077
840.61790003,0.07118198
840.85878410,0.07314387
841.09967768,0.06269425
841.34058078,0.06428441
841.58149338,0.06618434
841.82241549,0.06149647
842.06334710,0.05994761
842.30428821,0.05660209
842.54523883,0.05292613
842.78619893,0.05439238
843.02716853,0.04949800
843.26814762,0.05092295
843.50913619,0.04646224
843.75013425,0.04908497
843.99114179,0.04730895
844.23215881,0.04939474
844.47318530,0.04576009
844.71422127,0.05771726
844.95526670,0.05366958
845.19632161,0.05331851
845.43738597,0.04778393
845.67845980,0.05447499
845.91954309,0.05433043
846.16063584,0.05414457
846.40173803,0.05238920
846.64284968,0.05614775
846.88397078,0.05247180
847.12510132,0.05497062
847.36624130,0.05670534
847.60739073,0.06050520
847.84854959,0.06201276
848.08971788,0.06684519
848.33089561,0.06610174
848.57208276,0.07271019
848.81327934,0.07836868
849.05448534,0.08247831
849.29570076,0.08733139
849.53692560,0.09656257
849.77815986,0.09796687
850.01940353,0.10224171
850.26065660,0.10542203
850.50191908,0.11467386
850.74319097,0.11159680
850.98447225,0.11331087
851.22576294,0.11516950
851.46706301,0.11682161
851.70837248,0.12103450
851.94969135,0.12898529
852.19101959,0.12867552
852.43235722,0.14106637
852.67370424,0.14821176
852.91506063,0.15477891
853.15642640,0.15938417
853.39780154,0.15930157
853.63918605,0.16130476
853.88057992,0.16665347
854.12198317,0.16863601
854.36339577,0.16396879
854.60481773,0.16095368
854.84624905,0.15688535
855.08768973,0.15467565
855.32913975,0.15122687
855.57059912,0.14228480
855.81206784,0.14468037
856.05354590,0.13929035
856.29503330,0.13993054
856.53653004,0.14015771
856.77803611,0.13807192
857.01955151,0.12768425
857.26107624,0.15246595
857.50261030,0.12590823
857.74415367,0.12140622
857.98570637,0.10209715
858.22726839,0.11126638
858.46883972,0.10346014
858.71042037,0.10281995
858.95201032,0.09226708
859.19360958,0.09059431
859.43521814,0.08301524
859.67683601,0.08530755
859.91846317,0.09290727
860.16009963,0.07440360
860.40174538,0.07578725
860.64340042,0.07708829
860.88506474,0.07599376
861.12673835,0.07752197
861.36842125,0.07295801
861.61011342,0.07487859
861.85181487,0.07756327
862.09352559,0.07783174
862.33524558,0.08285003
862.57697484,0.07814151
862.81871336,0.08020665
863.06046114,0.08512169
863.30221819,0.08658794
863.54398449,0.09071822
863.78576004,0.08559667
864.02754485,0.08493583
864.26933890,0.08359348
864.51114220,0.08937588
864.75295474,0.08958239
864.99477653,0.09800817
865.23660755,0.09034650
865.47844780,0.08541081
865.72029728,0.08743465
865.96215600,0.08543146
866.20402394,0.08380000
866.44590110,0.08165225
866.68778748,0.07405253
866.92968308,0.08276743
867.17158790,0.07853389
867.41350193,0.08049577
867.65542516,0.07948385
867.89735761,0.08002079
868.13929926,0.07776978
868.38125011,0.07725350
868.62321015,0.07696438
868.86517940,0.08012405
869.10715783,0.07378406
869.34914546,0.07743936
869.59114227,0.07952516
869.83314827,0.08165225
870.07516344,0.07843063
870.31718780,0.07223521
870.55922133,0.07791434
870.80126404,0.08142509
871.04331592,0.08171421
871.28537696,0.08002079
871.52744717,0.07589051
871.76952655,0.07388732
872.01161508,0.08245766
872.25371277,0.08239570
872.49581961,0.08039251
872.73793560,0.08026861
872.98006075,0.07605572
873.22219503,0.07919473
873.46433846,0.08148704
873.70649103,0.08078489
873.94865274,0.07271019
874.19082358,0.07423839
874.43300356,0.07822412
874.67519266,0.07748067
874.91739089,0.07345364
875.15959824,0.06760929
875.40181471,0.06492461
875.64404031,0.06983964
875.88627501,0.06851795
876.12851883,0.06535828
876.37077176,0.06667998
876.61303379,0.06186820
876.85530493,0.06164103
877.09758517,0.05786182
877.33987451,0.05585863
877.58217294,0.05825420
877.82448047,0.06112474
878.06679709,0.06614304
878.30912279,0.06267360
878.55145758,0.06748538
878.79380145,0.06822883
879.03615440,0.06886903
879.27851643,0.07041788
879.52088753,0.07008746
879.76326770,0.06705170
880.00565694,0.07556008
880.24805524,0.07770783
880.49046260,0.07917408
880.73287903,0.07539487
880.97530451,0.08373804
881.21773905,0.08400651
881.46018264,0.08078489
881.70263527,0.08677380
881.94509695,0.08324241
882.18756768,0.08625752
882.43004744,0.08654664
882.67253625,0.08852917
882.91503409,0.08563797
883.15754095,0.08082619
883.40005685,0.08109466
883.64258178,0.08421303
883.88511573,0.07719155
884.12765869,0.07638614
884.37021068,0.07446556
884.61277168,0.07636549
884.85534170,0.06767124
885.09792072,0.06436702
885.34050876,0.05967915
885.58310579,0.06469744
885.82571183,0.06011283
886.06832686,0.05862592
886.31095090,0.06023673
886.55358392,0.05581733
886.79622594,0.05055122
887.03887694,0.04768067
887.28153693,0.04629703
887.52420589,0.04960126
887.76688384,0.04613182
888.00957077,0.04346779
888.25226667,0.03921359
888.49497154,0.03981249
888.73768537,0.03836689
888.98040818,0.03727236
889.22313994,0.03512461
889.46588067,0.03977118
889.70863035,0.03469093
889.95138899,0.03330729
890.19415657,0.03559960
890.43693311,0.03619849
890.67971859,0.03326599
890.92251302,0.03084977
891.16531639,0.02994111
891.40812869,0.02839225
891.65094993,0.02853681
891.89378010,0.03035414
892.13661920,0.02822704
892.37946723,0.03190299
892.62232418,0.03115954
892.86519005,0.03739627
893.10806484,0.03510396
893.35094854,0.04078310
893.59384116,0.03535178
893.83674269,0.03861470
894.07965312,0.04065919
894.32257246,0.04363300
894.56550070,0.04526446
894.80843784,0.05084034
895.05138388,0.04842412
895.29433881,0.05098490
895.53730263,0.04677201
895.78027533,0.05461955
896.02325692,0.04790784
896.26624740,0.04786654
896.50924675,0.04770133
896.75225498,0.05084034
896.99527208,0.05028275
897.23829806,0.04995233
897.48133290,0.05356633
897.72437661,0.05255441
897.96742918,0.04865129
898.21049061,0.04929148
898.45356090,0.04974582
898.69664005,0.05224464
898.93972804,0.04801110
899.18282488,0.05428913
899.42593057,0.05373154
899.66904511,0.05261636
899.91216848,0.05414457
900.15530069,0.04955995
900.39844174,0.05482606
900.64159162,0.05094360
900.88475033,0.05243050
901.12791786,0.05899765
901.37109422,0.05713902
901.61427940,0.05594124
901.85747340,0.05711837
902.10067621,0.06325184
902.34388784,0.06537894
902.58710827,0.06833209
902.83033752,0.06647346
903.07357557,0.07014941
903.31682242,0.06959182
903.56007807,0.07134720
903.80334251,0.07576660
904.04661575,0.07617963
904.28989778,0.07558073
904.53318860,0.08419237
904.77648820,0.08138378
905.01979659,0.08921067
905.26311375,0.09051171
905.50643969,0.09003673
905.74977441,0.09278336
905.99311789,0.09557130
906.23647015,0.09740928
906.47983117,0.09486916
906.72320095,0.09383659
906.96657950,0.09247359
907.20996680,0.08919002
907.45336285,0.09092474
907.69676766,0.09094539
907.94018122,0.09495176
908.18360352,0.09162688
908.42703457,0.09429092
908.67047435,0.08910741
908.91392288,0.08700097
909.15738014,0.08677380
909.40084613,0.08223049
909.64432085,0.08520429
909.88780430,0.08609230
910.13129648,0.08109466
910.37479737,0.07814151
910.61830699,0.07568399
910.86182531,0.07760457
911.10535236,0.07318517
911.34888811,0.07818281
911.59243257,0.07006681
911.83598573,0.07326778
912.07954760,0.07047984
912.32311816,0.07549813
912.56669743,0.07923604
912.81028538,0.07622093
913.05388203,0.07295801
913.29748736,0.07706764
913.54110138,0.07386667
913.78472408,0.07427970
914.02835547,0.07353624
914.27199552,0.07430035
914.51564426,0.06820818
914.75930166,0.07045918
915.00296774,0.06649411
915.24664247,0.07531227
915.49032588,0.06891033
915.73401794,0.06965378
915.97771866,0.07188413
916.22142803,0.07421774
916.46514606,0.07733611
916.70887274,0.07320582
916.95260806,0.07031462
917.19635202,0.08152834
917.44010463,0.07384602
917.68386588,0.08640208
917.92763576,0.08625752
918.17141427,0.09629410
918.41520141,0.10116784
918.65899718,0.09999071
918.90280158,0.10953166
919.14661459,0.11081205
919.39043623,0.11713138
919.63426648,0.12099320
919.87810534,0.12712667
920.12195281,0.13047219
920.36580890,0.12696145
920.60967358,0.13730781
920.85354687,0.13214496
921.09742876,0.13107109
921.34131924,0.13111239
921.58521832,0.13359056
921.82912599,0.12855161
922.07304225,0.12309964
922.31696709,0.10779694
922.56090052,0.10348080
922.80484252,0.09629410
923.04879310,0.09234968
923.29275226,0.08890090
923.53671999,0.08249896
923.78069629,0.07235911
924.02468115,0.07388732
924.26867458,0.06411920
924.51267656,0.05881179
924.75668711,0.05364893
925.00070621,0.04989038
925.24473386,0.04396342
925.48877006,0.04101027
925.73281481,0.03989509
925.97686810,0.03367902
926.22092994,0.03264644
926.46500031,0.02853681
926.70907921,0.02568692
926.95316665,0.02688470
927.19726262,0.02116426
927.44136712,0.02389024
927.68548014,0.01742635
927.92960168,0.02285767
928.17373175,0.02091644
928.41787032,0.01750896
928.66201741,0.01608401
928.90617302,0.01641443
929.15033713,0.01757091
929.39450974,0.01550577
929.63869086,0.01538186
929.88288047,0.01505144
930.12707859,0.01624922
930.37128520,0.02279572
930.61550029,0.01645574
930.85972388,0.02093709
931.10395595,0.02186641
931.34819651,0.02355982
931.59244554,0.02517063
931.83670306,0.02506738
932.08096904,0.02938352
932.32524350,0.03043674
932.56952643,0.03332794
932.81381782,0.03471159
933.05811768,0.03495940
933.30242600,0.04423189
933.54674278,0.04006030
933.79106801,0.04528511
934.03540169,0.04169176
934.27974382,0.04456231
934.52409440,0.04842412
934.76845343,0.04900236
935.01282089,0.04788719
935.25719680,0.05350437
935.50158114,0.05179031
935.74597391,0.04811435
935.99037511,0.04737090
936.23478474,0.04606986
936.47920279,0.04571879
936.72362927,0.05744879
936.96806417,0.05067513
937.21250748,0.05119141
937.45695920,0.05247180
937.70141934,0.04588400
937.94588788,0.04534706
938.19036483,0.04324062
938.43485019,0.04549162
938.67934394,0.04332323
938.92384608,0.04121678
939.16835663,0.04332323
939.41287556,0.04379821
939.65740288,0.04986972
939.90193859,0.04332323
940.14648268,0.04348844
940.39103515,0.03593002
940.63559600,0.03832558
940.88016523,0.03551699
941.12474282,0.03601262
941.36932879,0.03830493
941.61392312,0.03948206
941.85852581,0.03937881
942.10313687,0.03718976
942.34775628,0.03718976
942.59238405,0.03621914
942.83702017,0.03681803
943.08166464,0.03849079
943.32631746,0.03931685
943.57097862,0.03460833
943.81564813,0.03403009
944.06032597,0.03696259
944.30501215,0.03619849
944.54970666,0.03927555
944.79440950,0.03562025
945.03912067,0.03570285
945.28384016,0.04229065
945.52856798,0.03687998
945.77330412,0.03756148
946.01804857,0.03014762
946.26280133,0.03087042
946.50756241,0.03359641
946.75233179,0.03394748
946.99710948,0.03310078
947.24189548,0.03576481
947.48668977,0.03417465
947.73149236,0.03704520
947.97630324,0.02886724
948.22112242,0.03064326
948.46594988,0.03462898
948.71078563,0.03153127
948.95562966,0.03805711
949.20048198,0.03078782
949.44534257,0.03167583
949.69021144,0.03194430
949.93508857,0.03266710
950.17997398,0.03120085
950.42486766,0.02925961
950.66976959,0.03378227
950.91467979,0.02954873
951.15959825,0.03045739
951.40452496,0.02954873
951.64945993,0.02731838
951.89440314,0.02870202
952.13935461,0.02384894
952.38431431,0.02316745
952.62928226,0.02052406
952.87425845,0.02083384
953.11924287,0.02316745
953.36423553,0.01819045
953.60923642,0.01728179
953.85424553,0.01916107
954.09926287,0.01542316
954.34428843,0.01391561
954.58932222,0.01515470
954.83436421,0.01773612
955.07941443,0.01333737
955.32447285,0.01005380
955.56953948,0.01604271
955.81461432,0.01463841
956.05969736,0.01253197
956.30478860,0.00798866
956.54988803,0.00968207
956.79499567,0.01038422
957.04011149,0.01377105
957.28523550,0.00730716
957.53036770,0.00904188
957.77550808,0.00972337
958.02065664,0.01011575
958.26581338,0.00879406
958.51097830,0.01220154
958.75615139,0.01244936
959.00133264,0.01534056
959.24652207,0.01226350
959.49171965,0.01697202
959.73692540,0.01531991
959.98213931,0.01476232
960.22736137,0.01674486
960.47259159,0.02040016
960.71782995,0.04642094
960.96307647,0.02244465
961.20833112,0.02351852
961.45359392,0.02762815
961.69886486,0.02531519
961.94414394,0.02985850
962.18943115,0.02731838
962.43472648,0.02612060
962.68002995,0.03155192
962.92534154,0.03487680
963.17066126,0.02868137
963.41598909,0.02876398
963.66132504,0.03293556
963.90666911,0.03256384
964.15202128,0.02950743
964.39738157,0.03528983
964.64274996,0.03239863
964.88812645,0.03900708
965.13351104,0.03394748
965.37890374,0.03704520
965.62430452,0.03745822
965.86971340,0.03584741
966.11513036,0.03865601
966.36055542,0.03489745
966.60598855,0.03593002
966.85142977,0.03380292
967.09687907,0.03258449
967.34233644,0.03382357
967.58780188,0.03345185
967.83327539,0.03095303
968.07875697,0.03623979
968.32424661,0.03979183
968.56974432,0.03330729
968.81525008,0.03396813
969.06076390,0.03279100
969.30628577,0.03258449
969.55181570,0.03811907
969.79735367,0.03586806
970.04289968,0.03049870
970.28845374,0.03118019
970.53401583,0.03419530
970.77958597,0.03820167
971.02516413,0.03407139
971.27075033,0.03297687
971.51634455,0.02894984
971.76194680,0.03665282
972.00755708,0.03142801
972.25317537,0.03574416
972.49880168,0.03481484
972.74443600,0.03593002
972.99007834,0.03555829
973.23572868,0.04041138
973.48138703,0.04092766
973.72705338,0.03929620
973.97272774,0.04359169
974.21841009,0.04367430
974.46410043,0.04679266
974.70979877,0.04175372
974.95550510,0.03911034
975.20121941,0.04202219
975.44694171,0.04183632
975.69267199,0.03793321
975.93841024,0.03937881
976.18415647,0.04198088
976.42991068,0.04183632
976.67567285,0.03913099
976.92144299,0.03615718
977.16722110,0.03795386
977.41300717,0.03896578
977.65880119,0.03892447
977.90460317,0.03498005
978.15041311,0.03863535
978.39623099,0.03679738
978.64205683,0.03778865
978.88789061,0.03574416
979.13373233,0.03654956
979.37958199,0.03109759
979.62543958,0.02833030
979.87130511,0.03039544
980.11717857,0.03299752
980.36305996,0.02903245
980.60894928,0.02892919
980.85484651,0.02874333
981.10075167,0.02789662
981.34666475,0.02566627
981.59258573,0.02597604
981.83851463,0.02219683
982.08445144,0.02296093
982.33039616,0.02289898
982.57634878,0.02048276
982.82230930,0.02006973
983.06827771,0.02165989
983.31425403,0.02242399
983.56023823,0.01783938
983.80623032,0.02213487
984.05223031,0.01488623
984.29823817,0.01676551
984.54425391,0.01606336
984.79027754,0.01414278
985.03630904,0.01757091
985.28234841,0.01600140
985.52839565,0.02172185
985.77445076,0.01688942
986.02051374,0.01971866
986.26658457,0.01678616
986.51266327,0.02450979
986.75874982,0.02380764
987.00484422,0.02104035
987.25094647,0.02469565
987.49705658,0.02358047
987.74317452,0.02407611
987.98930031,0.02523259
988.23543394,0.02529454
988.48157541,0.02395220
988.72772471,0.02649232
988.97388184,0.03316273
989.22004680,0.02349787
989.46621959,0.03029218
989.71240020,0.02913570
989.95858862,0.03202690
990.20478487,0.02401415
990.45098893,0.03473224
990.69720080,0.02746294
990.94342048,0.02969329
991.18964797,0.02543910
991.43588326,0.02760750
991.68212635,0.02422067
991.92837724,0.02562496
992.17463593,0.02411741
992.42090240,0.02345656
992.66717667,0.02141207
992.91345872,0.01918172
993.15974856,0.01660030
993.40604618,0.01901651
993.65235158,0.01534056
993.89866475,0.01480362
994.14498570,0.01501014
994.39131441,0.01538186
994.63765090,0.01765352
994.88399515,0.01420473
995.13034716,0.01637313
995.37670693,0.01682746
995.62307445,0.01282109
995.86944973,0.01112767
996.11583276,0.01048748
996.36222354,0.01519600
996.60862206,0.01385366
996.85502833,0.01478297
997.10144233,0.01311021
997.34786408,0.01170591
997.59429355,0.01284174
997.84073076,0.01333737
998.08717570,0.00959947
998.33362836,0.01189177
998.58008875,0.00823647
998.82655685,0.01418408
999.07303267,0.01963605
999.31951621,0.01550577
999.56600746,0.01069399
999.81250642,0.01478297
1000.05901309,0.01096246
1000.30552746,0.01647639
1000.55204953,0.01199503
1000.79857929,0.01565033
1001.04511676,0.01519600
1001.29166191,0.01525795
1001.53821476,0.01145809
1001.78477529,0.01496883
1002.03134351,0.01211894
1002.27791941,0.01591880
1002.52450299,0.01519600
1002.77109424,0.01472102
1003.01769317,0.01319281
1003.26429976,0.01368845
1003.51091403,0.01300695
1003.75753596,0.01366779
1004.00416555,0.01226350
1004.25080280,0.01715788
1004.49744771,0.01498948
1004.74410027,0.01364714
1004.99076048,0.01216024
1005.23742834,0.01135484
1005.48410384,0.01637313
1005.73078699,0.01174721
1005.97747778,0.01315151
1006.22417620,0.01189177
1006.47088226,0.01102441
1006.71759595,0.01234610
1006.96431727,0.01222220
1007.21104622,0.01205698
1007.45778279,0.01327542
1007.70452698,0.00792670
1007.95127879,0.01277978
1008.19803821,0.01034292
1008.44480524,0.01265588
1008.69157988,0.01406017
1008.93836213,0.01465906
1009.18515199,0.01096246
1009.43194944,0.01098311
1009.67875450,0.01048748
1009.92556715,0.01003315
1010.17238739,0.01286239
1010.41921522,0.01337867
1010.66605064,0.01011575
1010.91289364,0.01147874
1011.15974422,0.00988859
1011.40660239,0.01048748
1011.65346813,0.01034292
1011.90034144,0.01562968
1012.14722232,0.01168526
1012.39411078,0.01069399
1012.64100679,0.01238741
1012.88791037,0.01296565
1013.13482151,0.01290369
1013.38174020,0.01443190
1013.62866645,0.01684811
1013.87560025,0.01932628
1014.12254160,0.01501014
1014.36949049,0.01897521
1014.61644693,0.01932628
1014.86341091,0.01633183
1015.11038242,0.01565033
1015.35736147,0.01911977
1015.60434805,0.01587750
1015.85134216,0.01752961
1016.09834379,0.01624922
1016.34535295,0.01509274
1016.59236963,0.01705463
1016.83939383,0.01684811
1017.08642554,0.01705463
1017.33346476,0.01649704
1017.58051150,0.01649704
1017.82756574,0.01445255
1018.07462748,0.01364714
1018.32169673,0.01618727
1018.56877347,0.01346128
1018.81585771,0.01538186
1019.06294945,0.01339933
1019.31004867,0.00914513
1019.55715538,0.00912448
1019.80426957,0.01203633
1020.05139125,0.01393626
1020.29852041,0.01288304
1020.54565704,0.00893862
1020.79280114,0.01003315
1021.03995272,0.00363121
1021.28711177,0.01230480
1021.53427828,0.00701804
1021.78145225,0.00992989
1022.02863368,0.00472573
1022.27582257,0.00639850
1022.52301891,0.01021901
1022.77022270,0.00691478
1023.01743395,0.00565505
1023.26465263,0.00697674
1023.51187876,0.00133890
1023.75911234,0.00726586
1024.00635335,0.00513876
1024.25360179,0.00540723
1024.50085766,0.00489094
1024.74812097,0.00631589
1024.99539170,0.00511811
1025.24266985,0.00629524
1025.48995543,0.00381707
1025.73724842,0.00759628
1025.98454883,0.00831908
1026.23185665,0.00416814
1026.47917188,0.00358990
1026.72649452,0.00697674
1026.97382456,0.00784410
1027.22116200,0.00237147
1027.46850685,0.00338339
1027.71585908,0.00559309
1027.96321872,0.00681152
1028.21058574,0.00309427
1028.45796014,-0.01041175
1028.70534194,-0.00875964
1028.95273111,-0.01034980
1029.20012767,-0.00919332
1029.44753160,-0.01076283
1029.69494290,-0.01026719
