198.80933475,0.00675525
199.01143578,0.00907785
199.21355429,0.00175751
199.41569028,-0.00029551
199.61784374,0.00184046
199.82001468,0.00163308
200.02220309,0.00349946
200.22440896,0.00076210
200.42663230,0.00148792
200.62887310,0.00113538
200.83113136,0.00401790
201.03340708,-0.00039920
201.23570025,0.00194414
201.43801087,0.00569764
201.64033894,0.00555247
201.84268445,0.00333356
202.04504741,0.00291881
202.24742780,0.00316766
202.44982564,0.00266996
202.65224090,-0.00433933
202.85467360,0.00569764
203.05712372,0.00235889
203.25959128,-0.00168492
203.46207625,0.00233816
203.66457864,0.00192341
203.86709846,0.00592575
204.06963568,0.00623681
204.27219032,0.00397642
204.47476237,0.00192341
204.67735182,0.00049252
204.87995868,0.01237512
205.08258293,0.00451560
205.28522459,0.00161234
205.48788364,0.00148792
205.69056008,0.00173677
205.89325391,0.00439117
206.09596513,0.00051325
206.29869374,0.00683820
206.50143972,0.00501330
206.70420308,0.00482666
206.90698382,0.00175751
207.10978194,0.00161234
207.31259742,0.00575985
207.51543027,-0.00168492
207.71828048,0.00213078
207.92114806,0.00084505
208.12403299,0.00853868
208.32693528,0.00128054
208.52985493,0.00181972
208.73279193,-0.00122870
208.93574627,0.00808245
209.13871796,0.00484740
209.34170699,0.00215152
209.54471336,0.00009850
209.74773707,0.00260774
209.95077811,-0.00037846
210.15383649,0.00069989
210.35691219,0.00134276
210.56000522,0.00250406
210.76311557,-0.00166419
210.96624324,0.00605017
211.16938823,-0.00004666
211.37255053,0.00117685
211.57573015,-0.00122870
211.77892707,0.00366536
211.98214130,0.00026440
212.18537284,0.00240037
212.38862167,0.00165382
212.59188781,0.00082432
212.79517124,0.00032662
212.99847196,0.00047178
213.20178997,0.00453633
213.40512527,0.00459855
213.60847785,0.00142571
213.81184772,0.00237963
214.01523486,-0.00137386
214.21863928,0.00240037
214.42206097,0.00447412
214.62549993,0.00393495
214.82895616,0.00088653
215.03242966,0.00144644
215.23592042,-0.00139460
215.43942843,0.00376905
215.64295370,0.00188193
215.84649623,0.00370683
216.05005601,0.00679673
216.25363303,0.00275291
216.45722731,0.00339577
216.66083882,-0.00010887
216.86446757,0.00262848
217.06811356,0.00003629
217.27177679,0.00646493
217.47545724,0.00279438
217.67915493,0.00084505
217.88286984,0.00262848
218.08660198,0.00503404
218.29035133,0.00733590
218.49411790,0.00708705
218.69790169,0.00225521
218.90170269,0.00192341
219.10552090,0.00575985
219.30935632,0.00422527
219.51320894,0.00188193
219.71707876,0.00150866
219.92096578,0.00430822
220.12486999,0.00140497
220.32879140,0.00441191
220.53272999,-0.00095911
220.73668578,0.00480592
220.94065875,0.00499256
221.14464890,0.00101095
221.34865623,0.00260774
221.55268073,0.00038883
221.75672241,-0.00274254
221.96078126,0.00074137
222.16485728,-0.00004666
222.36895046,-0.00071026
222.57306080,0.00266996
222.77718831,0.00393495
222.98133297,-0.00178861
223.18549478,0.00480592
223.38967375,-0.00081395
223.59386986,-0.00000518
223.79808312,0.00111464
224.00231352,0.00277364
224.20656106,0.00316766
224.41082574,0.00190267
224.61510756,0.00663083
224.81940650,-0.00139460
225.02372258,-0.00187156
225.22805578,0.00113538
225.43240610,-0.00216189
225.63677355,0.00480592
225.84115811,-0.00151902
226.04555979,0.00101095
226.24997858,-0.00066879
226.45441448,0.00275291
226.65886748,0.00549026
226.86333759,0.00258701
227.06782480,0.00246258
227.27232911,0.00053399
227.47685052,0.00026440
227.68138902,0.00277364
227.88594461,-0.00158124
228.09051728,0.00285659
228.29510704,0.00163308
228.49971389,0.00656861
228.70433781,0.00405937
228.90897881,0.00381052
229.11363688,0.00043030
229.31831202,0.00285659
229.52300423,0.00613312
229.72771350,0.00150866
229.93243984,0.00065842
230.13718324,0.00248332
230.34194369,0.00063768
230.54672120,0.00596722
230.75151576,0.00117685
230.95632737,0.00567690
231.16115602,0.00026440
231.36600172,0.00142571
231.57086446,-0.00056510
231.77574423,-0.00035772
231.98064104,-0.00384163
232.18555488,0.00001555
232.39048575,0.00275291
232.59543365,-0.00004666
232.80039857,0.00009850
233.00538051,0.00366536
233.21037947,0.00385200
233.41539544,0.01619083
233.62042843,0.00088653
233.82547842,0.00269069
234.03054543,0.00509625
234.23562943,0.00101095
234.44073044,0.00101095
234.64584845,0.00410085
234.85098345,0.00227594
235.05613545,0.00179898
235.26130444,0.00381052
235.46649041,0.00130128
235.67169337,0.00567690
235.87691331,0.00687968
236.08215023,-0.00046141
236.28740413,0.00273217
236.49267500,0.00043030
236.69796284,-0.00214115
236.90326765,0.00269069
237.10858942,0.00256627
237.31392816,0.00434970
237.51928386,0.00588427
237.72465651,0.00121833
237.93004612,-0.00129091
238.13545268,0.00142571
238.34087619,0.00325061
238.54631664,0.00123907
238.75177404,-0.00025403
238.95724838,-0.00050289
239.16273965,0.00248332
239.36824786,0.00611239
239.57377300,0.00165382
239.77931508,0.00374831
239.98487407,0.00082432
240.19045000,0.00325061
240.39604284,0.00362388
240.60165260,-0.00110427
240.80727928,0.00378978
241.01292287,0.00109390
241.21858337,0.00449486
241.42426077,0.00300176
241.62995508,0.00285659
241.83566630,-0.00112501
242.04139441,0.00192341
242.24713941,0.00063768
242.45290131,0.00003629
242.65868010,0.00422527
242.86447578,0.00105243
243.07028835,0.00356167
243.27611779,0.00594649
243.48196412,0.00283586
243.68782732,0.00063768
243.89370739,0.00167456
244.09960434,0.00065842
244.30551816,0.00428748
244.51144884,0.00225521
244.71739638,0.00196488
244.92336078,0.00213078
245.12934204,0.00242111
245.33534016,0.00032662
245.54135512,-0.00006740
245.74738694,0.00208931
245.95343560,0.00225521
246.15950110,0.00528289
246.36558345,-0.00000518
246.57168263,0.00418380
246.77779865,0.00173677
246.98393150,0.00656861
247.19008118,0.00047178
247.39624769,0.00387273
247.60243102,0.00269069
247.80863117,0.00694189
248.01484814,0.00358241
248.22108192,0.00441191
248.42733252,-0.00106280
248.63359993,0.00109390
248.83988415,-0.00164345
249.04618517,0.00536584
249.25250299,0.00028514
249.45883761,-0.00035772
249.66518903,0.00202709
249.87155724,-0.00083469
250.07794224,0.00538657
250.28434403,0.00308471
250.49076260,0.00700410
250.69719796,-0.00270106
250.90365009,-0.00077247
251.11011901,0.00026440
251.31660469,0.00393495
251.52310715,0.00177824
251.72962638,0.00393495
251.93616237,0.00026440
252.14271513,0.00105243
252.34928464,0.00030588
252.55587091,0.00092800
252.76247394,0.00223447
252.96909372,0.00269069
253.17573025,0.00016072
253.38238352,-0.00010887
253.58905354,0.00144644
253.79574030,0.00109390
254.00244380,0.00443265
254.20916403,0.00953408
254.41590099,0.00474371
254.62265469,0.00105243
254.82942511,0.00113538
255.03621225,0.00123907
255.24301612,-0.00000518
255.44983670,-0.00178861
255.65667400,0.00258701
255.86352802,0.00128054
256.07039874,-0.00021256
256.27728617,0.00034735
256.48419031,0.00410085
256.69111115,0.00266996
256.89804868,0.00001555
257.10500292,0.00111464
257.31197384,0.00279438
257.51896146,0.00831057
257.72596577,-0.00160197
257.93298676,0.00043030
258.14002443,0.00300176
258.34707878,-0.00027477
258.55414981,0.00115612
258.76123752,-0.00089690
258.96834190,0.00619534
259.17546294,-0.00253516
259.38260065,-0.00135312
259.58975502,-0.00081395
259.79692606,0.00134276
260.00411375,0.00186119
260.21131810,-0.00359278
260.41853909,0.00217226
260.62577674,0.00171603
260.83303103,0.00235889
261.04030197,-0.00095911
261.24758955,-0.00143607
261.45489377,-0.00006740
261.66221462,0.00325061
261.86955210,0.00387273
262.07690622,0.00084505
262.28427696,-0.00081395
262.49166433,-0.00357204
262.69906831,0.00575985
262.90648892,-0.00153976
263.11392614,0.00190267
263.32137998,0.00383126
263.52885042,0.00242111
263.73633747,0.00750180
263.94384113,-0.00081395
264.15136139,0.00244184
264.35889825,0.00928523
264.56645171,0.00445338
264.77402176,0.00167456
264.98160840,0.00082432
265.18921163,0.00047178
265.39683144,-0.00068952
265.60446784,0.00762623
265.81212081,0.00011924
266.01979037,0.00235889
266.22747650,0.00067915
266.43517920,0.00109390
266.64289847,-0.00087616
266.85063430,-0.00019182
267.05838670,0.00103169
267.26615566,0.00327135
267.47394117,-0.00276328
267.68174324,-0.00031625
267.88956187,0.00584280
268.09739704,0.00134276
268.30524876,0.00318840
268.51311702,0.00495109
268.72100183,-0.00400753
268.92890317,-0.00015035
269.13682105,-0.00243148
269.34475546,-0.00249369
269.55270640,-0.00019182
269.76067387,0.00061694
269.96865786,-0.00050289
270.17665838,-0.00108354
270.38467541,0.00034735
270.59270896,0.00235889
270.80075902,-0.00050289
271.00882560,0.00192341
271.21690868,-0.00006740
271.42500826,0.00157087
271.63312435,0.00235889
271.84125694,0.00188193
272.04940602,0.00667230
272.25757160,0.00171603
272.46575367,0.00412158
272.67395223,0.00080358
272.88216727,0.00024367
273.09039880,0.00650640
273.29864681,0.00192341
273.50691129,0.00225521
273.71519225,0.00196488
273.92348968,0.00125980
274.13180358,0.00088653
274.34013395,-0.00066879
274.54848077,0.00271143
274.75684406,0.00327135
274.96522381,0.00244184
275.17362001,-0.00247295
275.38203267,0.00424601
275.59046177,0.00250406
275.79890732,-0.00056510
276.00736932,0.00281512
276.21584776,-0.00116649
276.42434263,0.00072063
276.63285394,-0.00282549
276.84138169,-0.00027477
277.04992586,0.00181972
277.25848646,0.00144644
277.46706349,-0.00019182
277.67565694,-0.00400753
277.88426680,-0.00232779
278.09289309,-0.00037846
278.30153578,-0.00081395
278.51019489,0.00490961
278.71887041,0.00084505
278.92756233,0.00354093
279.13627065,0.00490961
279.34499537,0.00099022
279.55373649,0.00341651
279.76249401,0.01046727
279.97126791,0.00372757
280.18005820,0.00082432
280.38886488,0.00240037
280.59768795,-0.00133239
280.80652739,0.00051325
281.01538321,-0.00015035
281.22425540,0.00130128
281.43314397,0.00146718
281.64204891,0.00034735
281.85097021,0.00252479
282.05990788,0.00341651
282.26886190,0.00277364
282.47783229,-0.00270106
282.68681903,0.00437043
282.89582212,-0.00129091
283.10484156,0.00107317
283.31387735,-0.00071026
283.52292949,0.00049252
283.73199796,0.00069989
283.94108277,0.00347872
284.15018392,-0.00100059
284.35930141,-0.00039920
284.56843522,0.00202709
284.77758536,0.00287733
284.98675183,0.00049252
285.19593461,0.00799950
285.40513372,0.00287733
285.61434914,0.00356167
285.82358088,-0.00541768
286.03282893,-0.00046141
286.24209328,0.00499256
286.45137395,0.00076210
286.66067091,0.00277364
286.86998417,0.00090727
287.07931373,0.00252479
287.28865959,0.00366536
287.49802174,0.00132202
287.70740017,0.00057547
287.91679489,0.00169529
288.12620590,0.00296028
288.33563318,0.00028514
288.54507675,0.00372757
288.75453658,-0.00017108
288.96401269,-0.00104206
289.17350507,0.00028514
289.38301372,0.00549026
289.59253863,0.00136349
289.80207980,0.00594649
290.01163723,0.00152939
290.22121091,0.00325061
290.43080085,0.00161234
290.64040703,0.00113538
290.85002947,0.00200636
291.05966815,0.00271143
291.26932307,0.00325061
291.47899422,0.00196488
291.68868162,0.00497182
291.89838525,0.00076210
292.10810511,0.00621607
292.31784119,0.00250406
292.52759350,-0.00087616
292.73736204,0.00254553
292.94714679,0.00169529
293.15694776,0.00140497
293.36676494,-0.00031625
293.57659834,-0.00095911
293.78644794,-0.00068952
293.99631375,0.00001555
294.20619576,0.00345798
294.41609397,0.00617460
294.62600838,0.00096948
294.83593898,0.00192341
295.04588578,-0.00087616
295.25584876,-0.00093837
295.46582793,0.00057547
295.67582328,0.00105243
295.88583481,-0.00108354
296.09586253,0.00227594
296.30590641,0.00325061
296.51596647,0.00248332
296.72604270,-0.00071026
296.93613509,0.00428748
297.14624365,-0.00516883
297.35636837,0.00049252
297.56650925,0.00188193
297.77666629,0.00028514
297.98683947,-0.00284623
298.19702881,0.00227594
298.40723429,-0.00010887
298.61745592,0.00358241
298.82769369,0.00362388
299.03794760,0.00760549
299.24821765,-0.00064805
299.45850383,0.00362388
299.66880614,0.00206857
299.87912458,-0.00120796
300.08945914,0.00036809
300.29980983,0.00271143
300.51017663,0.00175751
300.72055955,0.00615386
300.93095859,0.00306397
301.14137374,0.00045104
301.35180499,-0.00091764
301.56225235,-0.00031625
301.77271582,-0.00448449
301.98319538,0.00920228
302.19369105,-0.00357204
302.40420280,-0.00010887
302.61473065,0.00559395
302.82527459,0.00391421
303.03583461,-0.00270106
303.24641072,-0.00106280
303.45700291,0.00264922
303.66761117,0.00069989
303.87823552,0.00459855
304.08887593,0.00134276
304.29953241,-0.00085542
304.51020496,-0.00166419
304.72089358,0.00308471
304.93159825,0.00260774
305.14231899,-0.00112501
305.35305578,0.00420453
305.56380862,0.00314692
305.77457752,0.00138423
305.98536246,0.00192341
306.19616344,0.00063768
306.40698047,0.00181972
306.61781354,0.00152939
306.82866264,0.00364462
307.03952778,0.00161234
307.25040895,0.00215152
307.46130614,0.00171603
307.67221937,0.00030588
307.88314861,0.00011924
308.09409387,0.00320913
308.30505515,0.00266996
308.51603245,0.00335430
308.72702576,-0.00089690
308.93803507,-0.00120796
309.14906039,0.00196488
309.36010172,0.00125980
309.57115904,0.00177824
309.78223236,0.00221373
309.99332168,0.00244184
310.20442699,0.00358241
310.41554829,0.00111464
310.62668557,-0.00048215
310.83783884,0.00200636
311.04900809,-0.00191304
311.26019332,-0.00060657
311.47139452,0.00155013
311.68261169,0.00246258
311.89384484,0.00275291
312.10509395,0.00318840
312.31635903,0.00161234
312.52764007,0.00099022
312.73893706,-0.00091764
312.95025002,0.00034735
313.16157892,-0.00197525
313.37292378,0.00327135
313.58428458,0.00053399
313.79566133,-0.00058584
314.00705402,0.00337503
314.21846266,-0.00006740
314.42988722,0.00026440
314.64132772,0.00171603
314.85278416,-0.00017108
315.06425652,0.00847647
315.27574480,-0.00365499
315.48724901,0.00119759
315.69876914,-0.00214115
315.91030518,0.00011924
316.12185715,-0.00162271
316.33342502,0.00235889
316.54500880,0.00159161
316.75660848,0.00277364
316.96822407,0.00188193
317.17985556,-0.00033698
317.39150295,0.00030588
317.60316624,0.00200636
317.81484541,0.00136349
318.02654048,0.00192341
318.23825143,0.00393495
318.44997826,0.00022293
318.66172098,0.00219299
318.87347957,0.00602944
319.08525404,0.00082432
319.29704439,0.00360315
319.50885060,-0.00095911
319.72067268,0.00258701
319.93251063,0.00213078
320.14436443,-0.00027477
320.35623410,0.00654788
320.56811962,0.00345798
320.78002100,-0.00052362
320.99193822,-0.00062731
321.20387130,-0.00174714
321.41582021,-0.00131165
321.62778498,0.00586354
321.83976558,0.00107317
322.05176201,0.00331282
322.26377428,0.00040957
322.47580239,0.00551100
322.68784632,0.00318840
322.89990607,0.00107317
323.11198165,-0.00019182
323.32407305,0.00144644
323.53618027,0.00287733
323.74830330,0.00001555
323.96044215,0.00213078
324.17259680,0.00652714
324.38476726,0.00383126
324.59695352,-0.00091764
324.80915558,-0.00017108
325.02137344,-0.00066879
325.23360710,0.00084505
325.44585655,0.00306397
325.65812178,0.00289807
325.87040281,-0.00292918
326.08269962,0.00308471
326.29501221,-0.00089690
326.50734058,0.00389347
326.71968472,0.00061694
326.93204464,0.00623681
327.14442032,0.00509625
327.35681178,0.00219299
327.56921900,-0.00064805
327.78164198,0.00155013
327.99408072,-0.00236926
328.20653522,0.00030588
328.41900547,-0.00073100
328.63149147,0.00105243
328.84399322,0.00196488
329.05651071,0.00202709
329.26904395,0.00047178
329.48159293,0.00200636
329.69415764,0.00005703
329.90673809,0.00329208
330.11933427,0.00053399
330.33194617,0.00275291
330.54457381,0.00057547
330.75721716,-0.00234853
330.96987624,-0.00133239
331.18255104,0.00211004
331.39524154,0.00675525
331.60794777,0.00094874
331.82066970,-0.00201672
332.03340733,0.00092800
332.24616067,0.00526215
332.45892971,0.00092800
332.67171445,0.00277364
332.88451489,0.00177824
333.09733102,0.00227594
333.31016283,-0.00085542
333.52301034,-0.00091764
333.73587352,-0.00145681
333.94875239,-0.00303286
334.16164694,-0.00145681
334.37455717,-0.00384163
334.58748306,0.00291881
334.80042463,0.00428748
335.01338187,-0.00025403
335.22635477,0.00237963
335.43934333,0.00009850
335.65234755,0.00517920
335.86536743,0.00383126
336.07840296,0.00198562
336.29145415,-0.00135312
336.50452098,0.00101095
336.71760345,0.00219299
336.93070157,0.00186119
337.14381533,0.00080358
337.35694473,0.00051325
337.57008976,0.00283586
337.78325042,-0.00037846
337.99642671,0.00018145
338.20961863,0.00271143
338.42282617,0.00528289
338.63604933,-0.00307434
338.84928810,-0.00085542
339.06254250,0.00256627
339.27581250,0.00088653
339.48909812,0.00341651
339.70239934,0.00395568
339.91571616,-0.00064805
340.12904859,0.00146718
340.34239661,0.00028514
340.55576023,0.00327135
340.76913945,0.00256627
340.98253425,0.00138423
341.19594464,0.00084505
341.40937061,-0.00124944
341.62281217,0.00146718
341.83626930,0.00617460
342.04974201,0.00026440
342.26323030,-0.00230705
342.47673415,0.00206857
342.69025357,0.00717000
342.90378856,-0.00168492
343.11733911,0.00366536
343.33090522,0.00194414
343.54448688,0.00152939
343.75808410,0.00049252
343.97169687,0.00250406
344.18532519,-0.00122870
344.39896906,0.00337503
344.61262847,-0.00066879
344.82630341,0.00229668
345.03999390,0.00430822
345.25369992,0.00582206
345.46742147,0.00719074
345.68115855,0.00165382
345.89491115,0.00285659
346.10867928,0.00086579
346.32246293,0.00159161
346.53626210,-0.00228631
346.75007679,-0.00085542
346.96390698,0.00155013
347.17775269,0.00159161
347.39161390,-0.00230705
347.60549061,0.00128054
347.81938283,0.00248332
348.03329055,0.00233816
348.24721376,0.00186119
348.46115246,0.00470223
348.67510665,-0.00135312
348.88907634,0.00016072
349.10306150,0.00007777
349.31706215,-0.00087616
349.53107828,0.00271143
349.74510988,0.00103169
349.95915696,0.00395568
350.17321950,0.00157087
350.38729752,0.00322987
350.60139100,0.00144644
350.81549994,-0.00041993
351.02962435,-0.00004666
351.24376421,0.00223447
351.45791952,-0.00124944
351.67209028,0.00111464
351.88627650,0.00045104
352.10047816,0.00161234
352.31469526,0.00269069
352.52892780,0.00281512
352.74317578,0.00271143
352.95743919,-0.00037846
353.17171804,0.00194414
353.38601232,0.00457781
353.60032202,-0.00201672
353.81464714,0.00775065
354.02898769,-0.00178861
354.24334365,-0.00251443
354.45771503,-0.00228631
354.67210182,0.00262848
354.88650403,0.00497182
355.10092164,0.00310545
355.31535465,0.00034735
355.52980306,0.01017694
355.74426687,0.00235889
355.95874608,0.00072063
356.17324069,0.00142571
356.38775068,-0.00062731
356.60227606,0.00194414
356.81681682,-0.00431859
357.03137297,-0.00282549
357.24594449,0.00190267
357.46053139,0.00428748
357.67513367,0.00544879
357.88975132,-0.00000518
358.10438433,-0.00085542
358.31903271,0.00152939
358.53369645,0.00204783
358.74837556,-0.00326098
358.96307002,0.00343725
359.17777983,-0.00156050
359.39250499,0.00072063
359.60724551,0.00233816
359.82200137,0.00190267
360.03677257,-0.00178861
360.25155911,-0.00145681
360.46636100,0.00080358
360.68117821,-0.00299139
360.89601076,-0.00176787
361.11085864,0.00256627
361.32572184,-0.00409048
361.54060037,0.00387273
361.75549422,0.00219299
361.97040338,0.00437043
362.18532786,0.00314692
362.40026766,-0.00129091
362.61522276,-0.00017108
362.83019318,0.00441191
363.04517889,0.00074137
363.26017991,0.00069989
363.47519623,0.00057547
363.69022784,0.00264922
363.90527474,-0.00017108
364.12033694,0.00478519
364.33541442,-0.00033698
364.55050719,-0.00149829
364.76561524,-0.00162271
364.98073857,0.00045104
365.19587718,-0.00058584
365.41103106,0.00161234
365.62620021,0.00088653
365.84138463,0.00181972
366.05658432,0.00125980
366.27179927,0.00640271
366.48702948,0.00030588
366.70227494,0.00053399
366.91753566,0.00034735
367.13281163,-0.00004666
367.34810285,-0.00332319
367.56340932,-0.00044067
367.77873103,0.00163308
367.99406798,0.00277364
368.20942017,-0.00245221
368.42478759,0.00128054
368.64017025,-0.00058584
368.85556813,0.00441191
369.07098125,-0.00033698
369.28640958,0.00186119
369.50185314,0.00080358
369.71731191,0.00341651
369.93278590,-0.00398679
370.14827511,0.00069989
370.36377952,-0.00141534
370.57929914,-0.00124944
370.79483397,0.00488887
371.01038400,0.00244184
371.22594922,-0.00195451
371.44152965,0.00061694
371.65712526,0.00215152
371.87273607,-0.00102132
372.08836206,0.00215152
372.30400324,0.00347872
372.51965960,-0.00108354
372.73533114,0.00335430
372.95101786,-0.00077247
373.16671976,0.00430822
373.38243682,0.00376905
373.59816905,0.00242111
373.81391645,-0.00087616
374.02967901,0.00356167
374.24545673,0.00074137
374.46124961,-0.00203746
374.67705764,-0.00324024
374.89288082,-0.00048215
375.10871916,-0.00039920
375.32457264,0.00103169
375.54044126,-0.00004666
375.75632503,0.00466076
375.97222393,0.00030588
376.18813797,-0.00261811
376.40406713,-0.00153976
376.62001143,0.00264922
376.83597086,-0.00172640
377.05194541,-0.00203746
377.26793508,0.00289807
377.48393987,0.00293954
377.69995978,0.00360315
377.91599480,-0.00085542
378.13204493,0.00092800
378.34811016,0.00391421
378.56419050,0.00349946
378.78028595,0.00347872
378.99639649,-0.00048215
379.21252213,0.00016072
379.42866286,0.00119759
379.64481868,-0.00071026
379.86098960,0.00650640
380.07717559,0.00264922
380.29337667,0.00065842
380.50959283,-0.00116649
380.72582407,0.00298102
380.94207038,0.00235889
381.15833176,-0.00071026
381.37460821,-0.00071026
381.59089972,0.00140497
381.80720630,0.00414232
382.02352794,0.00084505
382.23986464,0.00159161
382.45621639,0.00065842
382.67258319,-0.00039920
382.88896505,0.00107317
383.10536195,0.00279438
383.32177389,0.00007777
383.53820087,0.00063768
383.75464289,0.00082432
383.97109995,0.00229668
384.18757204,-0.00089690
384.40405916,-0.00012961
384.62056131,-0.00297065
384.83707848,0.00109390
385.05361067,0.00244184
385.27015788,0.00264922
385.48672011,0.00557321
385.70329735,0.00378978
385.91988960,0.00360315
386.13649686,-0.00041993
386.35311912,0.00128054
386.56975639,0.00119759
386.78640865,0.00144644
387.00307592,-0.00085542
387.21975817,0.00003629
387.43645542,0.00134276
387.65316765,0.00069989
387.86989487,0.00385200
388.08663707,0.00105243
388.30339426,0.00045104
388.52016641,0.00248332
388.73695355,0.00410085
388.95375565,0.00418380
389.17057273,0.00078284
389.38740477,0.00461928
389.60425177,0.00208931
389.82111374,-0.00120796
390.03799066,0.00559395
390.25488253,0.00107317
390.47178936,-0.00023330
390.68871114,0.00237963
390.90564787,0.00111464
391.12259954,-0.00149829
391.33956614,0.00111464
391.55654769,0.00005703
391.77354418,0.00186119
391.99055559,0.00111464
392.20758194,0.00111464
392.42462321,0.00378978
392.64167941,0.00262848
392.85875053,0.00358241
393.07583657,-0.00075174
393.29293752,0.00329208
393.51005339,0.00410085
393.72718417,0.00171603
393.94432986,0.00233816
394.16149045,0.00055473
394.37866594,0.00111464
394.59585634,0.00300176
394.81306163,0.00424601
395.03028181,0.00385200
395.24751689,0.00634050
395.46476685,0.00279438
395.68203170,0.00420453
395.89931143,0.00474371
396.11660604,0.00474371
396.33391553,0.00343725
396.55123990,0.00134276
396.76857913,0.00360315
396.98593324,0.00312618
397.20330221,-0.00118722
397.42068604,0.00250406
397.63808474,-0.00212041
397.85549829,0.00397642
398.07292670,0.00598796
398.29036996,0.00513772
398.50782807,0.00532436
398.72530103,0.00661009
398.94278883,0.00298102
399.16029147,0.00590501
399.37780895,0.00059620
399.59534127,0.00551100
399.81288841,0.00540731
400.03045039,0.00592575
400.24802720,0.00905712
400.46561883,0.00213078
400.68322529,0.00105243
400.90084656,0.00269069
401.11848265,0.00318840
401.33613355,0.00215152
401.55379926,0.00192341
401.77147978,0.00673451
401.98917511,0.00656861
402.20688524,0.00291881
402.42461017,0.00260774
402.64234989,0.00526215
402.86010441,0.00032662
403.07787372,0.00563542
403.29565782,0.00515846
403.51345670,0.00285659
403.73127037,0.00476445
403.94909882,0.00399716
404.16694205,0.00513772
404.38480005,0.00314692
404.60267282,0.00391421
404.82056036,0.00262848
405.03846267,0.00522067
405.25637974,0.00808245
405.47431157,0.00602944
405.69225816,0.00312618
405.91021951,0.00490961
406.12819561,0.00001555
406.34618645,0.00254553
406.56419205,0.00430822
406.78221239,0.00343725
407.00024747,0.00710779
407.21829729,-0.00010887
407.43636184,0.00758475
407.65444113,0.00607091
407.87253515,0.00824835
408.09064390,0.00459855
408.30876737,0.00401790
408.52690556,0.00675525
408.74505847,0.00389347
408.96322610,0.00727369
409.18140844,0.00262848
409.39960550,0.00277364
409.61781726,0.00752254
409.83604372,0.00331282
410.05428489,0.00868384
410.27254076,0.00121833
410.49081133,0.00754328
410.70909659,0.00685894
410.92739654,0.00266996
411.14571118,0.00675525
411.36404051,0.00656861
411.58238452,0.00924375
411.80074321,0.00578059
412.01911658,0.00804098
412.23750462,0.00864237
412.45590734,0.00613312
412.67432472,0.00615386
412.89275677,0.00590501
413.11120349,0.00544879
413.32966486,0.00393495
413.54814090,0.00482666
413.76663159,0.00772991
413.98513693,0.00455707
414.20365692,0.00389347
414.42219156,0.00611239
414.64074084,-0.00004666
414.85930477,0.00642345
415.07788333,0.00260774
415.29647653,0.00482666
415.51508437,0.00040957
415.73370683,0.00517920
415.95234392,0.00563542
416.17099564,0.00677599
416.38966198,0.00839352
416.60834294,0.00480592
416.82703851,0.00837278
417.04574870,0.00208931
417.26447350,0.00690041
417.48321291,0.00551100
417.70196692,0.00432896
417.92073554,0.00617460
418.13951875,0.00849720
418.35831657,0.00291881
418.57712898,0.00310545
418.79595598,0.00802024
419.01479757,0.00909859
419.23365374,0.00600870
419.45252450,0.00443265
419.67140984,0.00642345
419.89030975,0.00895343
420.10922425,0.01183595
420.32815331,0.00519994
420.54709694,0.00812393
420.76605514,0.00683820
420.98502791,0.00575985
421.20401523,0.00194414
421.42301712,0.00447412
421.64203356,0.00884974
421.86106455,0.00370683
422.08011009,0.00511699
422.29917018,0.00735664
422.51824482,0.00696263
422.73733399,0.00397642
422.95643771,0.00936818
423.17555596,0.00546952
423.39468875,0.00501330
423.61383606,0.00625755
423.83299790,0.00509625
424.05217427,0.00615386
424.27136516,0.00735664
424.49057057,0.00692115
424.70979050,0.00480592
424.92902494,0.00416306
425.14827390,0.00536584
425.36753736,0.00594649
425.58681532,0.00990736
425.80610779,0.00600870
426.02541476,0.00891195
426.24473623,0.00443265
426.46407219,0.00746033
426.68342265,0.00366536
426.90278759,0.00710779
427.12216702,0.00721148
427.34156093,0.00594649
427.56096933,0.00999031
427.78039220,0.01245807
427.99982955,0.00592575
428.21928137,0.00584280
428.43874766,0.00196488
428.65822841,0.00756401
428.87772363,0.00656861
429.09723331,0.00420453
429.31675745,0.00150866
429.53629605,0.00171603
429.75584910,0.00563542
429.97541660,0.00766770
430.19499854,0.00161234
430.41459494,0.00841425
430.63420577,0.00488887
430.85383104,0.00625755
431.07347075,0.00648566
431.29312489,0.01123456
431.51279347,0.00602944
431.73247647,0.00437043
431.95217390,0.00349946
432.17188574,0.00907785
432.39161201,0.00414232
432.61135270,0.00557321
432.83110780,0.00598796
433.05087731,0.01191890
433.27066123,0.00397642
433.49045956,0.00864237
433.71027229,0.00654788
433.93009942,0.00789581
434.14994095,0.00733590
434.36979687,0.00571837
434.58966718,0.00781286
434.80955189,0.00806171
435.02945098,0.00864237
435.24936445,0.01498805
435.46929230,0.01032211
435.68923454,0.00789581
435.90919115,0.00911933
436.12916213,0.00752254
436.34914748,0.01123456
436.56914720,0.00994883
436.78916128,0.00814467
437.00918972,0.00864237
437.22923252,0.00727369
437.44928968,0.00833130
437.66936119,0.00727369
437.88944706,0.01081981
438.10954727,0.01156636
438.32966182,0.00934744
438.54979072,0.00754328
438.76993395,0.01509174
438.99009153,0.01204332
439.21026343,0.01140046
439.43044967,0.01249955
439.65065024,0.01505026
439.87086513,0.01001104
440.09109434,0.01030137
440.31133788,0.00766770
440.53159573,0.01372306
440.75186789,0.00731516
440.97215437,0.00949260
441.19245516,0.01254102
441.41277025,0.01044653
441.63309964,0.01206406
441.85344334,0.01475994
442.07380133,0.01301798
442.29417362,0.01260323
442.51456020,0.01204332
442.73496107,0.01096497
442.95537623,0.01181521
443.17580567,0.01318388
443.39624939,0.01397191
443.61670739,0.01115161
443.83717967,0.01405486
444.05766622,0.01264471
444.27816704,0.01865859
444.49868212,0.00862163
444.71921147,0.01081981
444.93975509,0.01162857
445.16031296,0.01262397
445.38088508,0.01370232
445.60147147,0.01364011
445.82207210,0.01081981
446.04268698,0.01567239
446.26331610,0.01716549
446.48395947,0.00808245
446.70461707,0.01212627
446.92528892,0.00897417
447.14597499,0.01301798
447.36667530,0.00936818
447.58738984,0.01388896
447.80811860,0.01312167
448.02886158,0.01015621
448.24961879,0.01131751
448.47039021,0.01276913
448.69117585,0.01909408
448.91197570,0.01299725
449.13278975,0.00766770
449.35361802,0.01059169
449.57446049,0.01370232
449.79531715,0.00739811
450.01618802,0.00843499
450.23707308,0.00924375
450.45797234,0.01382675
450.67888578,0.01222996
450.89981341,0.00940965
451.12075522,0.01312167
451.34171122,0.01527838
451.56268139,0.01650189
451.78366574,0.01457330
452.00466426,0.01612861
452.22567696,0.00953408
452.44670382,0.01212627
452.66774484,0.00849720
452.88880003,0.01824384
453.10986938,0.01264471
453.33095288,0.01293503
453.55205053,0.01376454
453.77316234,0.00719074
453.99428830,0.01278987
454.21542840,0.01125529
454.43658264,0.01322536
454.65775102,0.01057096
454.87893354,0.01301798
455.10013019,0.01272766
455.32134098,0.01984063
455.54256589,0.01853417
455.76380493,0.01256176
455.98505809,0.01513321
456.20632537,0.01565165
456.42760677,0.01432445
456.64890229,0.01241660
456.87021191,0.01718623
457.09153565,0.01393044
457.31287349,0.01662631
457.53422544,0.02106415
457.75559149,0.01820237
457.97697163,0.01405486
458.19836587,0.01521616
458.41977420,0.01629451
458.64119663,0.01861712
458.86263313,0.01498805
459.08408373,0.02100193
459.30554840,0.01728992
459.52702716,0.02473469
459.74851999,0.01475994
459.97002689,0.02537755
460.19154786,0.01950883
460.41308290,0.02357339
460.63463201,0.01728992
460.85619518,0.01633599
461.07777241,0.01851343
461.29936369,0.01944662
461.52096903,0.02067013
461.74258841,0.01955031
461.96422185,0.01915629
462.18586933,0.01892818
462.40753086,0.01979916
462.62920642,0.02118857
462.85089602,0.01998579
463.07259966,0.01573460
463.29431733,0.01567239
463.51604902,0.01832679
463.73779475,0.01745582
463.95955449,0.02116783
464.18132826,0.02394666
464.40311604,0.01836827
464.62491784,0.01724844
464.84673365,0.01828532
465.06856347,0.02255725
465.29040730,0.01867933
465.51226513,0.02042128
465.73413696,0.01610788
465.95602279,0.02201807
466.17792261,0.02241209
466.39983643,0.02583378
466.62176424,0.02429920
466.84370603,0.02772089
467.06566181,0.02442363
467.28763157,0.02674623
467.50961531,0.02349044
467.73161303,0.02425773
467.95362472,0.02110562
468.17565038,0.02556419
468.39769001,0.02249504
468.61974360,0.02185217
468.84181116,0.02154111
469.06389267,0.02684992
469.28598814,0.02365634
469.50809757,0.02811491
469.73022094,0.02815638
469.95235827,0.02709877
470.17450954,0.02160332
470.39667475,0.02143742
470.61885390,0.02473469
470.84104699,0.02546050
471.06325402,0.02709877
471.28547498,0.02434068
471.50770986,0.02448584
471.72995867,0.01938441
471.95222141,0.01836827
472.17449806,0.02017243
472.39678864,0.01988211
472.61909313,0.02139595
472.84141153,0.01994432
473.06374384,0.02711951
473.28609005,0.02357339
473.50845017,0.01791204
473.73082420,0.02239135
473.95321212,0.02069087
474.17561393,0.02560567
474.39802964,0.02096046
474.62045924,0.02282684
474.84290273,0.01855491
475.06536010,0.02400888
475.28783136,0.02427846
475.51031649,0.02247430
475.73281550,0.01776688
475.95532838,0.01558944
476.17785513,0.01932219
476.40039575,0.02303421
476.62295024,0.01971621
476.84551859,0.02123005
477.06810080,0.02147890
477.29069686,0.02091898
477.51330678,0.02276462
477.73593055,0.02237061
477.95856817,0.02224619
478.18121963,0.02363560
478.40388494,0.02548124
478.62656409,0.02865408
478.84925707,0.02139595
479.07196389,0.02301347
479.29468455,0.02234987
479.51741903,0.02691213
479.74016733,0.02002727
479.96292946,0.02228766
480.18570542,0.02595820
480.40849519,0.02135447
480.63129877,0.02541903
480.85411617,0.02108488
481.07694738,0.02137521
481.29979239,0.02317937
481.52265121,0.02079456
481.74552383,0.02089825
481.96841025,0.02096046
482.19131046,0.02307569
482.41422447,0.02052497
482.63715227,0.01984063
482.86009385,0.01977842
483.08304922,0.01959178
483.30601837,0.01977842
483.52900130,0.02178996
483.75199801,0.01604566
483.97500849,0.01944662
484.19803274,0.02392593
484.42107076,0.01888671
484.64412255,0.02541903
484.86718810,0.02197660
485.09026741,0.01169078
485.31336047,0.01787057
485.53646729,0.01950883
485.75958786,0.01500879
485.98272218,0.01691664
486.20587024,0.01364011
486.42903205,0.01946736
486.65220760,0.01573460
486.87539689,0.02527387
487.09859991,0.01998579
487.32181666,0.02193512
487.54504715,0.02210102
487.76829136,0.02123005
487.99154929,0.02429920
488.21482094,0.02241209
488.43810631,0.02149963
488.66140540,0.02807343
488.88471820,0.02747204
489.10804471,0.02747204
489.33138493,0.02960801
489.55473885,0.03033382
489.77810647,0.03010571
490.00148780,0.03601591
490.22488281,0.03178545
490.44829153,0.03541452
490.67171393,0.03261495
490.89515002,0.03734311
491.11859979,0.03694909
491.34206325,0.03842146
491.56554038,0.03502050
491.78903120,0.03790302
492.01253568,0.03410805
492.23605384,0.03742606
492.45958567,0.03632697
492.68313116,0.03495829
492.90669031,0.03197209
493.13026312,0.02840523
493.35384960,0.02655959
493.57744972,0.02653885
493.80106350,0.02597894
494.02469092,0.02859187
494.24833200,0.02813564
494.47198671,0.03176471
494.69565507,0.02558493
494.91933706,0.03443985
495.14303269,0.02915178
495.36674195,0.02575083
495.59046484,0.02935916
495.81420136,0.02942137
496.03795150,0.02828081
496.26171526,0.02653885
496.48549264,0.03056194
496.70928364,0.02653885
496.93308825,0.02954580
497.15690647,0.03375551
497.38073830,0.03155734
497.60458373,0.03555968
497.82844276,0.04321183
498.05231539,0.03549747
498.27620162,0.03628549
498.50010144,0.03949981
498.72401485,0.03655508
498.94794185,0.04385469
499.17188244,0.03611959
499.39583661,0.03806892
499.61980435,0.03429469
499.84378568,0.04126250
500.06778058,0.04014267
500.29178904,0.04404133
500.51581108,0.03676246
500.73984668,0.04692385
500.96389585,0.04157356
501.18795858,0.04176020
501.41203486,0.04356437
501.63612470,0.03943760
501.86022809,0.04314962
502.08434503,0.04547222
502.30847551,0.04387543
502.53261954,0.04219569
502.75677711,0.04045374
502.98094822,0.04267265
503.20513286,0.04076480
503.42933104,0.04120029
503.65354274,0.03732237
503.87776797,0.03620254
504.10200673,0.03271864
504.32625901,0.03533157
504.55052480,0.03545599
504.77480411,0.03072784
504.99909694,0.02921400
505.22340327,0.03116332
505.44772312,0.03089374
505.67205646,0.03168176
505.89640331,0.03244905
506.12076366,0.02900662
506.34513750,0.02792827
506.56952484,0.02747204
506.79392567,0.02734762
507.01833999,0.02954580
507.24276779,0.02917252
507.46720907,0.02794901
507.69166384,0.02724393
507.91613208,0.02682918
508.14061380,0.03054120
508.36510898,0.02908957
508.58961764,0.03263569
508.81413976,0.03124627
509.03867534,0.03740532
509.26322439,0.03377625
509.48778689,0.03321634
509.71236285,0.03672098
509.93695226,0.03576706
510.16155512,0.03701131
510.38617142,0.03510345
510.61080117,0.03423248
510.83544436,0.03634771
511.06010099,0.03545599
511.28477105,0.04325330
511.50945454,0.04250675
511.73415147,0.03757122
511.95886182,0.03726016
512.18358560,0.03578779
512.40832280,0.03081079
512.63307341,0.03686614
512.85783745,0.03541452
513.08261489,0.03139144
513.30740575,0.03655508
513.53221001,0.03576706
513.75702768,0.03441912
513.98185875,0.02925547
514.20670322,0.03099742
514.43156109,0.03085226
514.65643235,0.02699508
514.88131700,0.02894441
515.10621504,0.03441912
515.33112647,0.03193061
515.55605128,0.03039603
515.78098946,0.03278085
516.00594103,0.03016792
516.23090597,0.02886146
516.45588428,0.03435690
516.68087596,0.02660107
516.90588100,0.03180619
517.13089941,0.02618632
517.35593118,0.02738909
517.58097631,0.02535682
517.80603479,0.02817712
518.03110663,0.02313790
518.25619181,0.02689139
518.48129034,0.02583378
518.70640222,0.02813564
518.93152743,0.02786606
519.15666598,0.02658033
519.38181787,0.02678770
519.60698310,0.02896515
519.83216165,0.02398814
520.05735353,0.02133373
520.28255873,0.02243282
520.50777726,0.02040055
520.73300910,0.02533608
520.95825426,0.02431994
521.18351273,0.02554345
521.40878452,0.02705729
521.63406961,0.02249504
521.85936801,0.02268167
522.08467971,0.01944662
522.31000471,0.01950883
522.53534300,0.02230840
522.76069459,0.02879925
522.98605947,0.02618632
523.21143764,0.02749278
523.43682910,0.03209651
523.66223383,0.02964948
523.88765185,0.02830154
524.11308315,0.03195135
524.33852772,0.03267716
524.56398556,0.02745131
524.78945667,0.03323708
525.01494104,0.03056194
525.24043868,0.03170250
525.46594959,0.03603664
525.69147374,0.04184315
525.91701116,0.03377625
526.14256182,0.03089374
526.36812574,0.03151586
526.59370290,0.03334076
526.81929331,0.02724393
527.04489696,0.03226241
527.27051384,0.03002276
527.49614396,0.03020940
527.72178732,0.02535682
527.94744390,0.02877851
528.17311372,0.02541903
528.39879675,0.03049972
528.62449301,0.02881998
528.85020249,0.03300896
529.07592518,0.03201356
529.30166109,0.03110111
529.52741021,0.03441912
529.75317254,0.03811040
529.97894807,0.03226241
530.20473680,0.03825556
530.43053874,0.03806892
530.65635387,0.04458051
530.88218219,0.04020489
531.10802371,0.04532706
531.33387841,0.04468419
531.55974630,0.04671647
531.78562738,0.04932940
532.01152163,0.05030406
532.23742906,0.04939161
532.46334967,0.04964046
532.68928344,0.05102988
532.91523039,0.05046996
533.14119051,0.05291699
533.36716378,0.04771187
533.59315022,0.05053218
533.81914982,0.04781556
534.04516257,0.05598615
534.27118847,0.04829252
534.49722752,0.04988931
534.72327973,0.05073955
534.94934507,0.05100914
535.17542356,0.05590320
535.40151518,0.05584098
535.62761994,0.05009669
535.85373784,0.05036628
536.07986886,0.05816359
536.30601301,0.05652532
536.53217029,0.05509443
536.75834069,0.04800220
536.98452420,0.05254372
537.21072084,0.05731335
537.43693059,0.05619352
537.66315345,0.05277183
537.88938941,0.05190085
538.11563848,0.05345617
538.34190066,0.05509443
538.56817593,0.05113357
538.79446431,0.05167274
539.02076577,0.05152758
539.24708033,0.05687786
539.47340798,0.05540550
539.69974871,0.05590320
539.92610252,0.05355986
540.15246942,0.05530181
540.37884939,0.05202528
540.60524244,0.05874424
540.83164856,0.05206675
541.05806775,0.05391239
541.28450001,0.05677417
541.51094533,0.06239404
541.73740371,0.06000923
541.96387515,0.06220741
542.19035965,0.05718892
542.41685719,0.06685261
542.64336779,0.06672819
542.86989144,0.06768211
543.09642813,0.05586172
543.32297786,0.05984333
543.54954063,0.05741704
543.77611643,0.06540099
544.00270527,0.05640090
544.22930714,0.06670745
544.45592204,0.05891014
544.68254996,0.06291248
544.90919091,0.05785253
545.13584487,0.06274658
545.36251185,0.05895161
545.58919184,0.05984333
545.81588485,0.05808064
546.04259086,0.05868203
546.26930988,0.05696081
546.49604191,0.05976038
546.72278693,0.05781105
546.94954495,0.06158528
547.17631596,0.06079725
547.40309997,0.06453001
547.62989696,0.06262216
547.85670694,0.06732958
548.08352991,0.07933661
548.31036585,0.06546320
548.53721477,0.06772359
548.76407667,0.07475361
548.99095154,0.07112454
549.21783938,0.07135266
549.44474018,0.07469140
549.67165395,0.07763613
549.89858069,0.07643335
550.12552038,0.07369600
550.35247302,0.07452550
550.57943862,0.07427665
550.80641717,0.07068906
551.03340866,0.07450476
551.26041310,0.07960619
551.48743048,0.07950251
551.71446081,0.07944029
551.94150406,0.08667769
552.16856025,0.08769383
552.39562937,0.09306485
552.62271142,0.08622147
552.84980640,0.08719613
553.07691429,0.08678138
553.30403511,0.08918693
553.53116884,0.09397730
553.75831549,0.09142659
553.98547505,0.09036897
554.21264752,0.09217314
554.43983289,0.09167544
554.66703116,0.09522155
554.89424234,0.09941054
555.12146641,0.10648203
555.34870338,0.10169166
555.57595324,0.10617097
555.80321599,0.10836915
556.03049162,0.10459492
556.25778014,0.10455344
556.48508154,0.11620794
556.71239582,0.11774251
556.93972297,0.11210190
557.16706300,0.10926086
557.39441589,0.11251665
557.62178165,0.11815726
557.84916028,0.11048438
558.07655177,0.11179084
558.30395611,0.11374017
558.53137331,0.11517106
558.75880337,0.11668490
558.98624627,0.11473557
559.21370202,0.11490147
559.44117062,0.10940603
559.66865206,0.11450746
559.89614634,0.11778399
560.12365345,0.11313878
560.35117340,0.11595908
560.57870618,0.11560655
560.80625179,0.10878390
561.03381022,0.11359501
561.26138148,0.11496368
561.48896555,0.11610425
561.71656244,0.11641531
561.94417215,0.12207666
562.17179467,0.12039692
562.39942999,0.11998217
562.62707812,0.12417115
562.85473906,0.13221731
563.08241279,0.13451917
563.31009933,0.12846382
563.53779866,0.14071970
563.76551078,0.13176108
563.99323568,0.12850529
564.22097338,0.12773800
564.44872386,0.12645228
564.67648712,0.12804906
564.90426316,0.12533245
565.13205197,0.12721956
565.35985356,0.12769653
565.58766792,0.12699145
565.81549504,0.12415041
566.04333493,0.13192698
566.27118758,0.12027249
566.49905298,0.12110199
566.72693115,0.12236698
566.95482207,0.12311353
567.18272573,0.12118494
567.41064215,0.12191076
567.63857131,0.11923561
567.86651321,0.12228403
568.09446785,0.11778399
568.32243523,0.11882086
568.55041534,0.11172863
568.77840819,0.12103978
569.00641376,0.11465262
569.23443206,0.12014807
569.46246308,0.11844759
569.69050682,0.12085314
569.91856327,0.12354902
570.14663244,0.12041765
570.37471433,0.11693375
570.60280892,0.11747292
570.83091622,0.11450746
571.05903622,0.11850980
571.28716892,0.11185305
571.51531432,0.11836464
571.74347241,0.11747292
571.97164320,0.11318026
572.19982667,0.11344984
572.42802284,0.10980004
572.65623168,0.11156273
572.88445321,0.10950971
573.11268742,0.10532073
573.34093430,0.09992897
573.56919385,0.10314329
573.79746608,0.10546589
574.02575097,0.10247969
574.25404853,0.10152576
574.48235874,0.10434607
574.71068162,0.10938529
574.93901715,0.10202346
575.16736534,0.10855579
575.39572618,0.11145904
575.62409966,0.11683006
575.85248579,0.11575171
576.08088456,0.11224707
576.30929597,0.11780473
576.53772002,0.11857201
576.76615671,0.11653974
576.99460602,0.11867570
577.22306796,0.11811579
577.45154253,0.11950520
577.68002972,0.11815726
577.90852953,0.11911119
578.13704196,0.11884160
578.36556700,0.11770104
578.59410465,0.11996143
578.82265492,0.12303058
579.05121779,0.12450295
579.27979326,0.11446598
579.50838133,0.10722858
579.73698201,0.10818251
579.96559527,0.10859726
580.19422113,0.11048438
580.42285958,0.10364099
580.65151062,0.10588065
580.88017424,0.10716637
581.10885044,0.10513409
581.33753922,0.11004889
581.56624057,0.10310182
581.79495450,0.10529999
582.02368100,0.10057184
582.25242007,0.10146355
582.48117170,0.10691752
582.70993589,0.10486451
582.93871264,0.10982078
583.16750195,0.10447049
583.39630381,0.10063405
583.62511822,0.10364099
583.85394518,0.09945201
584.08278469,0.10362025
584.31163674,0.10500967
584.54050133,0.10127691
584.76937845,0.10654425
584.99826811,0.10523778
585.22717030,0.11019405
585.45608502,0.10884611
585.68501226,0.11427934
585.91395203,0.11162494
586.14290432,0.11832316
586.37186912,0.11666416
586.60084644,0.12427483
586.82983628,0.13062052
587.05883862,0.14061601
587.28785347,0.13503761
587.51688082,0.14409991
587.74592067,0.13982798
587.97497302,0.13628186
588.20403787,0.13283943
588.43311520,0.13933028
588.66220503,0.14420360
588.89130735,0.13864594
589.12042215,0.14142477
589.34954943,0.14389254
589.57868919,0.14156993
589.80784142,0.14750087
590.03700613,0.14451466
590.26618331,0.14503310
590.49537296,0.14198469
590.72457507,0.13688325
590.95378964,0.14206764
591.18301667,0.14689948
591.41225616,0.15001011
591.64150811,0.14468056
591.87077250,0.15436499
592.10004934,0.15569219
592.32933863,0.15629358
592.55864036,0.15005158
592.78795453,0.14675432
593.01728114,0.14988568
593.24662018,0.14584187
593.47597165,0.14667137
593.70533555,0.14221280
593.93471188,0.14642252
594.16410063,0.14739718
594.39350180,0.14391328
594.62291539,0.13715284
594.85234140,0.14018052
595.08177981,0.14393401
595.31123064,0.14001462
595.54069387,0.13806529
595.77016951,0.13756759
595.99965755,0.14246165
596.22915798,0.13955839
596.45867081,0.13613670
596.68819604,0.14138330
596.91773365,0.13644776
597.14728365,0.13711137
597.37684603,0.14298009
597.60642080,0.14304230
597.83600795,0.14988568
598.06560747,0.15054929
598.29521936,0.14764603
598.52484363,0.14959536
598.75448026,0.15944569
598.98412926,0.16137428
599.21379062,0.17255180
599.44346434,0.17715554
599.67315042,0.18659111
599.90284885,0.19418105
600.13255963,0.19982166
600.36228276,0.20305671
600.59201824,0.19424326
600.82176606,0.19729168
601.05152622,0.20403138
601.28129871,0.21201533
601.51108354,0.22638643
601.74088070,0.22999476
601.97069019,0.23322982
602.20051201,0.23779208
602.43034615,0.23204778
602.66019261,0.23047173
602.89005139,0.23113533
603.11992249,0.23053394
603.34980589,0.24345342
603.57970161,0.24971616
603.80960963,0.25967017
604.03952996,0.27941230
604.26946259,0.29193777
604.49940751,0.30757386
604.72936474,0.30392406
604.95933425,0.30425586
605.18931606,0.29747469
605.41931015,0.30238948
605.64931653,0.29564978
605.87933519,0.29423963
606.10936612,0.29892631
606.33940934,0.30187104
606.56946483,0.31221907
606.79953259,0.30798862
607.02961261,0.32391504
607.25970490,0.34058801
607.48980946,0.34884155
607.71992627,0.34309725
607.95005534,0.35269873
608.18019667,0.36115964
608.41035024,0.36773344
608.64051607,0.36916433
608.87069414,0.36692468
609.10088445,0.35931400
609.33108700,0.35902368
609.56130179,0.36765049
609.79152882,0.36874958
610.02176808,0.37555149
610.25201956,0.36947539
610.48228328,0.35867114
610.71255921,0.35927253
610.94284737,0.35570567
611.17314775,0.34882081
611.40346034,0.35441995
611.63378514,0.34689222
611.86412215,0.33538289
612.09447137,0.32569847
612.32483280,0.32580215
612.55520642,0.30877664
612.78559225,0.28942853
613.01599027,0.27650904
613.24640048,0.26371399
613.47682288,0.24876223
613.70725747,0.24764240
613.93770425,0.22872977
614.16816321,0.21815363
614.39863434,0.21574808
614.62911766,0.21591398
614.85961314,0.21616283
615.09012080,0.21549923
615.32064063,0.21236786
615.55117262,0.21935641
615.78171677,0.21742782
616.01227308,0.22640717
616.24284156,0.23349941
616.47342218,0.22941411
616.70401496,0.23791650
616.93461988,0.23490956
617.16523695,0.23368604
617.39586617,0.22808691
617.62650752,0.22466522
617.85716101,0.21952231
618.08782664,0.21487710
618.31850440,0.20710053
618.54919429,0.20575259
618.77989630,0.20326409
619.01061044,0.19720873
619.24133670,0.19621333
619.47207508,0.19019944
619.70282557,0.18739988
619.93358818,0.18986764
620.16436289,0.17520621
620.39514972,0.17790209
620.62594864,0.16794807
620.85675967,0.17033289
621.08758280,0.15979822
621.31841802,0.15224976
621.54926534,0.14519900
621.78012475,0.13333714
622.01099624,0.13176108
622.24187982,0.12931405
622.47277549,0.12858824
622.70368323,0.12551909
622.93460305,0.11177010
623.16553494,0.11054659
623.39647890,0.10532073
623.62743493,0.10942676
623.85840303,0.10637835
624.08938319,0.11112724
624.32037541,0.11004889
624.55137968,0.11127240
624.78239602,0.10382763
625.01342440,0.10554884
625.24446483,0.10932308
625.47551731,0.10548663
625.70658183,0.10378615
625.93765839,0.10256264
626.16874699,0.10637835
626.39984763,0.09677687
626.63096029,0.10059257
626.86208499,0.09932759
627.09322171,0.09858103
627.32437046,0.10378615
627.55553123,0.10615023
627.78670401,0.10639908
628.01788882,0.10915717
628.24908563,0.11566876
628.48029446,0.11284846
628.71151529,0.11332542
628.94274813,0.12110199
629.17399296,0.13360672
629.40524980,0.13236247
629.63651863,0.13499614
629.86779946,0.13686252
630.09909228,0.13526573
630.33039709,0.14557228
630.56171388,0.15206313
630.79304265,0.15108846
631.02438340,0.16328213
631.25573613,0.17788135
631.48710084,0.18955658
631.71847751,0.19430547
631.94986615,0.20909133
632.18126676,0.21632873
632.41267933,0.21887945
632.64410387,0.20867658
632.87554035,0.21014895
633.10698880,0.22014444
633.33844919,0.22501776
633.56992154,0.24196032
633.80140583,0.25519086
634.03290207,0.25535676
634.26441024,0.25280605
634.49593035,0.24415850
634.72746240,0.23700405
634.95900638,0.23642340
635.19056229,0.24299720
635.42213013,0.24928067
635.65370989,0.25344891
635.88530158,0.25517013
636.11690518,0.26016787
636.34852069,0.26217941
636.58014812,0.26837993
636.81178746,0.28219113
637.04343871,0.29457143
637.27510187,0.29591937
637.50677692,0.32265005
637.73846387,0.31624215
637.97016272,0.31574445
638.20187347,0.32416389
638.43359610,0.31288267
638.66533062,0.31555781
638.89707703,0.32242194
639.12883532,0.31910393
639.36060549,0.33478150
639.59238754,0.32005836
639.82418146,0.32043497
640.05598725,0.31045250
640.28780491,0.32395952
640.51963444,0.33057324
640.75147583,0.31989709
640.98332908,0.31291073
641.21519419,0.30217437
641.44707115,0.30570295
641.67895997,0.29341806
641.91086063,0.28578843
642.14277314,0.27092964
642.37469750,0.26656030
642.60663369,0.27116060
642.83858172,0.27306076
643.07054159,0.28436922
643.30251329,0.28280595
643.53449683,0.29029819
643.76649218,0.29846742
643.99849937,0.30172024
644.23051837,0.30240935
644.46254919,0.29458760
644.69459183,0.29482874
644.92664628,0.29054703
645.15871254,0.28383465
645.39079061,0.27724127
645.62288049,0.28369813
645.85498217,0.27808908
646.08709564,0.28185222
646.31922091,0.26848483
646.55135798,0.26972246
646.78350684,0.26539516
647.01566748,0.26481064
647.24783991,0.25816944
647.48002413,0.25548899
647.71222012,0.25092618
647.94442789,0.24701913
648.17664744,0.25028990
648.40887875,0.25783321
648.64112184,0.24634425
648.87337669,0.24707954
649.10564331,0.24118447
649.33792168,0.24940877
649.57021181,0.24033720
649.80251370,0.24101296
650.03482734,0.25227831
650.26715273,0.25071463
650.49948987,0.24979228
650.73183875,0.25312638
650.96419937,0.24255666
651.19657173,0.23189169
651.42895582,0.23714108
651.66135165,0.23971996
651.89375921,0.23151010
652.12617849,0.22977610
652.35860950,0.23278166
652.59105224,0.23637870
652.82350669,0.23588213
653.05597285,0.24205219
653.28845073,0.24356290
653.52094032,0.24037110
653.75344162,0.24676338
653.98595462,0.24832957
654.21847933,0.24710994
654.45101573,0.24873039
654.68356383,0.26026220
654.91612363,0.26364479
655.14869511,0.26050310
655.38127829,0.27677504
655.61387315,0.28430445
655.84647969,0.28677245
656.07909792,0.29033297
656.31172782,0.28268936
656.54436939,0.27200004
656.77702264,0.27140716
657.00968756,0.27834151
657.24236414,0.28266514
657.47505238,0.28750130
657.70775229,0.29212990
657.94046385,0.28783518
658.17318707,0.29554331
658.40592195,0.29492807
658.63866847,0.29165031
658.87142663,0.28958723
659.10419645,0.28676025
659.33697790,0.28317477
659.56977099,0.29463366
659.80257572,0.29505631
660.03539208,0.28463743
660.26822007,0.28109941
660.50105969,0.27880378
660.73391093,0.28291919
660.96677380,0.27882476
661.19964828,0.28800835
661.43253438,0.29346423
661.66543209,0.29630745
661.89834142,0.29981187
662.13126235,0.30603195
662.36419489,0.31622210
662.59713903,0.33675521
662.83009477,0.33336124
663.06306210,0.32294336
663.29604103,0.31407649
663.52903155,0.31315682
663.76203367,0.29477107
663.99504736,0.28940607
664.22807264,0.27747295
664.46110950,0.26719776
664.69415794,0.26624968
664.92721795,0.26432310
665.16028953,0.27314046
665.39337269,0.27887959
665.62646740,0.27400168
665.85957369,0.27199112
666.09269153,0.27678210
666.32582093,0.27098813
666.55896189,0.26511628
666.79211440,0.25908952
667.02527846,0.26184761
667.25845406,0.25564709
667.49164121,0.24718618
667.72483991,0.24281056
667.95805014,0.23229663
668.19127190,0.23163303
668.42450520,0.23082426
668.65775003,0.21661906
668.89100639,0.23026435
669.12427427,0.22599242
669.35755368,0.21871355
669.59084460,0.22696708
669.82414704,0.23602939
670.05746099,0.23806166
670.29078646,0.25220466
670.52412343,0.24971616
670.75747191,0.25371850
670.99083189,0.26759191
671.22420337,0.27615651
671.45758635,0.29000918
671.69098082,0.29560831
671.92438678,0.29691477
672.15780424,0.30195399
672.39123317,0.31010384
672.62467360,0.32329291
672.85812550,0.33803730
673.09158888,0.34749361
673.32506373,0.34483921
673.55855006,0.35838081
673.79204785,0.35665960
674.02555712,0.35141300
674.25907784,0.34909040
674.49261003,0.34923556
674.72615367,0.35493838
674.95970878,0.36022645
675.19327533,0.36611591
675.42685333,0.37308372
675.66044278,0.36016424
675.89404368,0.38616910
676.12765601,0.39278438
676.36127979,0.40060243
676.59491500,0.39919227
676.82856165,0.39660008
677.06221972,0.40143193
677.29588922,0.38733041
677.52957015,0.38990186
677.76326250,0.38086030
677.99696627,0.36476797
678.23068146,0.36937170
678.46440806,0.36908138
678.69814607,0.35274021
678.93189549,0.34452814
679.16565631,0.33422159
679.39942854,0.31304857
679.63321217,0.31116146
679.86700720,0.30044015
680.10081361,0.29778575
680.33463143,0.29135712
680.56846063,0.29179260
680.80230121,0.28841239
681.03615318,0.29150228
681.27001653,0.28368423
681.50389126,0.28870271
681.73777736,0.29204145
681.97167484,0.28422341
682.20558368,0.28378792
682.43950390,0.28700223
682.67343547,0.28105056
682.90737841,0.27856206
683.14133270,0.27151130
683.37529836,0.25444431
683.60927536,0.25197655
683.84326371,0.24415850
684.07726341,0.23258696
684.31127446,0.23358236
684.54529685,0.23488882
684.77933057,0.23401784
685.01337564,0.23175745
685.24743203,0.24013542
685.48149976,0.24789125
685.71557881,0.26101811
685.94966919,0.26371399
686.18377090,0.27130392
686.41788392,0.28619347
686.65200826,0.29705994
686.88614391,0.30794714
687.12029088,0.31408545
687.35444915,0.31097482
687.58861873,0.31124441
687.82279961,0.31016606
688.05699179,0.30790566
688.29119527,0.31201170
688.52541004,0.30386185
688.75963611,0.31234350
688.99387346,0.31418914
689.22812210,0.32209014
689.46238203,0.32922385
689.69665323,0.32542888
689.93093571,0.33753960
690.16522947,0.33627461
690.39953450,0.33913639
690.63385080,0.34351200
690.86817837,0.35506281
691.10251720,0.35342454
691.33686730,0.36733943
691.57122865,0.36568042
691.80560125,0.37920129
692.03998511,0.37414134
692.27438023,0.38923826
692.50878658,0.37401691
692.74320419,0.38110915
692.97763303,0.37783262
693.21207312,0.39164381
693.44652444,0.38614837
693.68098699,0.40815089
693.91546077,0.40873154
694.14994579,0.43112807
694.38444203,0.42183766
694.61894949,0.42998751
694.85346817,0.43318109
695.08799806,0.44473189
695.32253918,0.44168347
695.55709150,0.46111454
695.79165503,0.46179888
696.02622977,0.46254543
696.26081571,0.47003168
696.49541285,0.47314231
696.73002119,0.48413320
696.96464072,0.49203420
697.19927145,0.48546040
697.43391336,0.49829693
697.66856647,0.48697424
697.90323075,0.47820226
698.13790622,0.48222534
698.37259286,0.47990274
698.60729068,0.47724834
698.84199967,0.48367697
699.07671984,0.49406647
699.31145117,0.50682006
699.54619366,0.51640079
699.78094731,0.51638006
700.01571213,0.53591481
700.25048810,0.54267525
700.48527522,0.57118935
700.72007349,0.56729069
700.95488292,0.58193139
701.18970348,0.58902363
701.42453519,0.61059066
701.65937804,0.61409530
701.89423202,0.63647109
702.12909714,0.64580298
702.36397339,0.65731231
702.59886077,0.66160498
702.83375927,0.65001270
703.06866889,0.65268784
703.30358964,0.63732133
703.53852150,0.63831673
703.77346448,0.62545947
704.00841857,0.60901460
704.24338376,0.61339022
704.47836007,0.62471291
704.71334748,0.59899838
704.94834598,0.59991083
705.18335559,0.59702831
705.41837629,0.57253729
705.65340808,0.57108566
705.88845096,0.56459481
706.12350493,0.57459030
706.35856998,0.57772167
706.59364612,0.59053746
706.82873333,0.60258597
707.06383161,0.64731682
707.29894097,0.65899205
707.53406141,0.68893705
707.76919290,0.70444872
708.00433546,0.74689844
708.23948909,0.77595172
708.47465377,0.79055094
708.70982951,0.81037602
708.94501630,0.79965472
709.18021414,0.78700483
709.41542303,0.79370305
709.65064297,0.76794704
709.88587395,0.75455059
710.12111597,0.75040309
710.35636902,0.72898122
710.59163311,0.71340733
710.82690823,0.70843032
711.06219437,0.68068351
711.29749155,0.69399700
711.53279974,0.67632863
711.76811896,0.67825722
712.00344920,0.65615101
712.23879044,0.65855656
712.47414270,0.64522233
712.70950597,0.64777305
712.94488025,0.63833747
713.18026553,0.64795969
713.41566181,0.63124524
713.65106908,0.63848263
713.88648736,0.64779379
714.12191662,0.64074303
714.35735688,0.61672897
714.59280812,0.60001452
714.82827034,0.59312966
715.06374355,0.57380228
715.29922774,0.57112714
715.53472290,0.57015247
715.77022903,0.56289434
716.00574614,0.56992436
716.24127421,0.56774692
716.47681324,0.56440818
716.71236324,0.56724922
716.94792420,0.56953035
717.18349611,0.57419629
717.41907898,0.58865035
717.65467280,0.58130926
717.89027757,0.57909035
718.12589328,0.57989911
718.36151993,0.57463178
718.59715752,0.56146345
718.83280605,0.54143099
719.06846552,0.52081789
719.30413591,0.50429008
719.53981724,0.49508261
719.77550949,0.49060331
720.01121266,0.49408721
720.24692676,0.51391229
720.48265177,0.52000912
720.71838769,0.52927880
720.95413453,0.52670735
721.18989228,0.52502761
721.42566093,0.51270951
721.66144049,0.52326492
721.89723095,0.51901372
722.13303231,0.51926257
722.36884456,0.51803906
722.60466770,0.52328565
722.84050173,0.52309902
723.07634666,0.51967732
723.31220246,0.50752513
723.54806915,0.52114969
723.78394671,0.50835463
724.01983515,0.50155272
724.25573447,0.48859177
724.49164465,0.48944200
724.72756571,0.46420443
724.96349762,0.45964217
725.19944040,0.45593016
725.43539404,0.43598065
725.67135854,0.41793900
725.90733388,0.40157709
726.14332008,0.39460928
726.37931713,0.38448936
726.61532503,0.36939244
726.85134376,0.36246611
727.08737334,0.35483470
727.32341375,0.35284389
727.55946500,0.34369864
727.79552708,0.34224702
728.03159998,0.33847278
728.26768372,0.34257882
728.50377827,0.35398446
728.73988365,0.35514576
728.97599985,0.35247062
729.21212686,0.35659739
729.44826468,0.34703738
729.68441331,0.34770099
729.92057275,0.33706263
730.15674299,0.33509257
730.39292403,0.32824918
730.62911587,0.32225604
730.86531851,0.31111998
731.10153194,0.30272128
731.33775616,0.29728805
731.57399117,0.28907599
731.81023696,0.27478783
732.04649353,0.27109655
732.28276088,0.25554340
732.51903901,0.25398809
732.75532791,0.24556865
732.99162758,0.23818609
733.22793802,0.22966296
733.46425923,0.23148787
733.70059119,0.23043025
733.93693392,0.22263294
734.17328740,0.21914904
734.40965164,0.21570661
734.64602662,0.21404760
734.88241236,0.21012821
735.11880884,0.21645316
735.35521607,0.20830331
735.59163403,0.20168803
735.82806273,0.20500604
736.06450217,0.19967649
736.30095234,0.20131476
736.53741323,0.20272491
736.77388486,0.21245081
737.01036720,0.21923199
737.24686027,0.22987034
737.48336406,0.23982435
737.71987856,0.25139590
737.95640377,0.26589143
738.19293969,0.27120024
738.42948632,0.28403677
738.66604365,0.28868197
738.90261169,0.29272579
739.13919042,0.29757837
739.37577985,0.29417742
739.61237997,0.29774428
739.84899078,0.29878115
740.08561228,0.29229030
740.32224446,0.28451373
740.55888732,0.27151130
740.79554087,0.25689134
741.03220509,0.25044197
741.26887998,0.24548570
741.50556555,0.23748101
741.74226178,0.22425047
741.97896868,0.21769741
742.21568624,0.20990010
742.45241446,0.19820413
742.68915333,0.18881003
742.92590286,0.19216951
743.16266304,0.17976847
743.39943387,0.17819241
743.63621535,0.17910486
743.87300747,0.17858643
744.10981023,0.17456335
744.34662363,0.17479146
744.58344766,0.17833758
744.82028232,0.18246434
745.05712761,0.17879380
745.29398353,0.17912560
745.53085007,0.17869011
745.76772724,0.17929150
746.00461502,0.16823840
746.24151341,0.16452638
746.47842242,0.16684898
746.71534204,0.17286287
746.95227227,0.18059797
747.18921310,0.17686521
747.42616453,0.17640899
747.66312656,0.18289983
747.90009918,0.18095050
748.13708240,0.18914183
748.37407621,0.18775241
748.61108061,0.18603120
748.84809559,0.19073862
749.08512115,0.18426851
749.32215730,0.18175927
749.55920401,0.18074313
749.79626131,0.17732144
750.03332917,0.18524317
750.27040760,0.17987215
750.50749660,0.18742061
750.74459616,0.18499432
750.98170628,0.17640899
751.21882695,0.17887675
751.45595818,0.18202886
751.69309997,0.19297827
751.93025230,0.19131927
752.16741517,0.18611415
752.40458859,0.18101272
752.64177256,0.17474998
752.87896705,0.18219476
753.11617209,0.17329836
753.35338765,0.18053575
753.59061374,0.17972699
753.82785037,0.19111189
754.06509751,0.18710955
754.30235518,0.19542530
754.53962336,0.20274565
754.77690206,0.20987936
755.01419127,0.21736561
755.25149099,0.22999476
755.48880122,0.23424596
755.72612195,0.23634045
755.96345319,0.24059164
756.20079492,0.23561463
756.43814715,0.23443260
756.67550987,0.23206852
756.91288309,0.22707077
757.15026679,0.22292327
757.38766097,0.22097394
757.62506564,0.21678496
757.86248079,0.21216049
758.09990641,0.20386548
758.33734251,0.20002903
758.57478908,0.18827085
758.81224612,0.18654964
759.04971362,0.17956109
759.28719159,0.17406564
759.52468001,0.15905167
759.76217889,0.16253558
759.99968823,0.15233271
760.23720802,0.14569670
760.47473826,0.14119666
760.71227894,0.13781644
760.94983007,0.13744317
761.18739164,0.12900299
761.42496364,0.12197297
761.66254608,0.12564351
761.90013895,0.12674260
762.13774226,0.13383484
762.37535598,0.12914815
762.61298014,0.13192698
762.85061471,0.13613670
763.08825970,0.14851701
763.32591511,0.15399172
763.56358093,0.16400794
763.80125716,0.16973150
764.03894380,0.17949888
764.27664084,0.18460031
764.51434829,0.18169706
764.75206613,0.18580309
764.98979437,0.19312343
765.22753300,0.19210730
765.46528203,0.20345073
765.70304144,0.20890470
765.94081124,0.20797151
766.17859142,0.21155910
766.41638197,0.22037255
766.65418291,0.22136795
766.89199422,0.22145090
767.12981590,0.21048075
767.36764795,0.20351294
767.60549036,0.20247606
767.84334314,0.20009125
768.08120628,0.19710504
768.31907977,0.19698062
768.55696362,0.20077558
768.79485782,0.19897142
769.03276238,0.20129402
769.27067727,0.20861437
769.50860251,0.20579407
769.74653809,0.20944387
769.98448401,0.21381949
770.22244027,0.21193237
770.46040685,0.21253376
770.69838377,0.21141394
770.93637101,0.21481489
771.17436858,0.21452457
771.41237647,0.21046001
771.65039468,0.21104066
771.88842320,0.20788856
772.12646204,0.20724569
772.36451118,0.20044378
772.60257064,0.20407285
772.84064039,0.19200361
773.07872045,0.19884699
773.31681081,0.18995059
773.55491147,0.18706808
773.79302242,0.18233992
774.03114366,0.17041584
774.26927519,0.17174304
774.50741700,0.16597801
774.74556910,0.16292959
774.98373147,0.16371762
775.22190413,0.16819692
775.46008705,0.16871536
775.69828025,0.16589506
775.93648372,0.16846651
776.17469745,0.17153567
776.41292145,0.17176378
776.65115570,0.16738816
776.88940022,0.16975224
777.12765499,0.16411163
777.36592001,0.17192968
777.60419528,0.16869462
777.84248079,0.16566694
778.08077655,0.16564621
778.31908256,0.16415311
778.55739879,0.15438573
778.79572527,0.15310000
779.03406198,0.15050781
779.27240891,0.14532343
779.51076608,0.13868742
779.74913346,0.13949618
779.98751107,0.14096855
780.22589890,0.15529818
780.46429695,0.13624039
780.70270520,0.13920586
780.94112367,0.13223805
781.17955235,0.13532794
781.41799123,0.12595457
781.65644031,0.13568048
781.89489959,0.12688776
782.13336907,0.12790390
782.37184874,0.12450295
782.61033861,0.12831865
782.84883866,0.13194772
783.08734890,0.12734399
783.32586931,0.12755136
783.56439991,0.13028872
783.80294069,0.12381861
784.04149164,0.12910668
784.28005276,0.12950069
784.51862406,0.13798234
784.75720551,0.13304681
784.99579713,0.13769202
785.23439891,0.13868742
785.47301085,0.14074043
785.71163295,0.14024273
785.95026519,0.14501236
786.18890759,0.14092707
786.42756013,0.14071970
786.66622282,0.13808603
786.90489564,0.14418286
787.14357861,0.14069896
787.38227171,0.14345705
787.62097494,0.13624039
787.85968831,0.14316672
788.09841180,0.13568048
788.33714541,0.13777497
788.57588915,0.13283943
788.81464301,0.13124264
789.05340698,0.12439926
789.29218106,0.12425410
789.53096526,0.12589236
789.76975956,0.12330017
790.00856397,0.12128863
790.24737848,0.13051683
790.48620309,0.12562277
790.72503780,0.13483024
790.96388260,0.13800308
791.20273749,0.14229575
791.44160247,0.13870816
791.68047754,0.13207215
791.91936269,0.12564351
792.15825792,0.12806980
792.39716323,0.13308828
792.63607861,0.11931856
792.87500406,0.11191527
793.11393958,0.11774251
793.35288517,0.11116872
793.59184082,0.10942676
793.83080653,0.10615023
794.06978230,0.10619171
794.30876813,0.11123093
794.54776401,0.10861800
794.78676993,0.10428386
795.02578591,0.11318026
795.26481193,0.11073323
795.50384798,0.10822399
795.74289408,0.11307657
795.98195022,0.11799136
796.22101638,0.11832316
796.46009258,0.11938078
796.69917880,0.12255362
796.93827505,0.12045913
797.17738132,0.12653523
797.41649761,0.12831865
797.65562392,0.14140403
797.89476024,0.14113445
798.13390657,0.14750087
798.37306290,0.14725202
798.61222925,0.14277271
798.85140559,0.14219206
799.09059194,0.14113445
799.32978828,0.14828889
799.56899462,0.13640629
799.80821094,0.14741792
800.04743726,0.14304230
800.28667356,0.13995241
800.52591985,0.13613670
800.76517611,0.13586711
801.00444236,0.13872889
801.24371857,0.13872889
801.48300476,0.14671284
801.72230092,0.15724751
801.96160705,0.16010929
802.20092314,0.17020846
802.44024919,0.17443892
802.67958519,0.17638825
802.91893116,0.17539285
803.15828707,0.17810946
803.39765294,0.18078460
803.63702875,0.19650365
803.87641450,0.18580309
804.11581020,0.19131927
804.35521584,0.19426400
804.59463141,0.19306122
804.83405692,0.18752430
805.07349235,0.19158886
805.31293772,0.19131927
805.55239300,0.18584456
805.79185821,0.18310721
806.03133334,0.18364638
806.27081839,0.17387901
806.51031335,0.16809324
806.74981822,0.15979822
806.98933300,0.15125436
807.22885768,0.14540638
807.46839227,0.14096855
807.70793675,0.13043388
807.94749114,0.13677957
808.18705542,0.12910668
808.42662959,0.12947995
808.66621364,0.12483475
808.90580759,0.12630711
809.14541141,0.12906520
809.38502512,0.12087388
809.62464871,0.11906971
809.86428217,0.11815726
810.10392550,0.11670564
810.34357870,0.10888759
810.58324177,0.10708342
810.82291470,0.10011561
811.06259749,0.09571926
811.30229015,0.09598884
811.54199265,0.09513860
811.78170501,0.09186207
812.02142722,0.08006242
812.26115928,0.07506468
812.50090118,0.07448402
812.74065292,0.07077201
812.98041450,0.06909227
813.22018592,0.07245175
813.45996717,0.06204151
813.69975825,0.06048619
813.93955916,0.05814285
814.17936989,0.05611057
814.41919045,0.05208749
814.65902083,0.05756220
814.89886102,0.05009669
815.13871102,0.05324879
815.37857084,0.04856211
815.61844047,0.05051144
815.85831990,0.05312437
816.09820913,0.04592845
816.33810817,0.04671647
816.57801700,0.04424871
816.81793562,0.04615656
817.05786404,0.04657131
817.29780225,0.03618181
817.53775024,0.03178545
817.77770801,0.03694909
818.01767557,0.03145365
818.25765290,0.02925547
818.49764001,0.02877851
818.73763689,0.03404584
818.97764354,0.02815638
819.21765996,0.02830154
819.45768614,0.02641443
819.69772209,0.02249504
819.93776779,0.02483838
820.17782324,0.02069087
820.41788845,0.02400888
820.65796341,0.01793278
820.89804812,0.01417929
821.13814257,0.01652263
821.37824677,0.02058718
821.61836070,0.01782909
821.85848437,0.01712402
822.09861777,0.02326232
822.33876090,0.02311716
822.57891376,0.02610337
822.81907635,0.03134996
823.05924866,0.03475092
823.29943069,0.04375100
823.53962243,0.05523960
823.77982389,0.06867752
824.02003506,0.07518910
824.26025594,0.09038971
824.50048652,0.10409722
824.74072681,0.11264108
824.98097680,0.12798685
825.22123648,0.13827267
825.46150586,0.16160239
825.70178493,0.16311623
825.94207369,0.16956560
826.18237214,0.17800578
826.42268027,0.19104968
826.66299808,0.19449211
826.90332557,0.20303597
827.14366273,0.20299450
827.38400957,0.20828257
827.62436608,0.21247155
827.86473225,0.22124353
828.10510809,0.22153385
828.34549359,0.22731962
828.58588874,0.22906157
828.82629356,0.23094869
829.06670802,0.22510071
829.30713214,0.22864682
829.54756590,0.22611685
829.78800931,0.23279433
830.02846236,0.23374826
830.26892505,0.23714921
830.50939738,0.23302244
830.74987934,0.23136344
830.99037093,0.23470218
831.23087215,0.23835199
831.47138299,0.23982435
831.71190346,0.23345793
831.95243355,0.23306392
832.19297325,0.22955928
832.43352257,0.22804544
832.67408150,0.22607537
832.91465003,0.21873428
833.15522818,0.20902912
833.39581592,0.21338400
833.63641327,0.20625029
833.87702022,0.20224795
834.11763676,0.18808422
834.35826289,0.18785610
834.59889861,0.18706808
834.83954392,0.16830061
835.08019881,0.16377983
835.32086328,0.15314148
835.56153733,0.15658391
835.80222095,0.14316672
836.04291415,0.13325419
836.28361692,0.12288542
836.52432926,0.11921488
836.76505116,0.11019405
837.00578262,0.10948898
837.24652364,0.09551188
837.48727421,0.09254641
837.72803434,0.08700949
837.96880402,0.08284125
838.20958325,0.08101635
838.45037202,0.07927439
838.69117033,0.08004168
838.93197819,0.07765687
839.17279558,0.07827899
839.41362250,0.08481131
839.65445896,0.08041496
839.89530494,0.08956021
840.13616045,0.08985053
840.37702548,0.08864776
840.61790003,0.09136437
840.85878410,0.09638286
841.09967768,0.09128142
841.34058078,0.09036897
841.58149338,0.09082520
841.82241549,0.08682285
842.06334710,0.08611778
842.30428821,0.08655327
842.54523883,0.08551639
842.78619893,0.08680212
843.02716853,0.08570303
843.26814762,0.09250494
843.50913619,0.08729982
843.75013425,0.08829522
843.99114179,0.08663622
844.23215881,0.08744498
844.47318530,0.08026980
844.71422127,0.09014086
844.95526670,0.08259240
845.19632161,0.08105782
845.43738597,0.07425591
845.67845980,0.07894259
845.91954309,0.07734580
846.16063584,0.07222363
846.40173803,0.07031578
846.64284968,0.07647483
846.88397078,0.07294945
847.12510132,0.07539648
847.36624130,0.07657851
847.60739073,0.07340567
847.84854959,0.07263838
848.08971788,0.07543795
848.33089561,0.07330199
848.57208276,0.07697253
848.81327934,0.07946103
849.05448534,0.08093340
849.29570076,0.08315231
849.53692560,0.09493123
849.77815986,0.09642433
850.01940353,0.10388984
850.26065660,0.10639908
850.50191908,0.11077470
850.74319097,0.11411344
850.98447225,0.12159969
851.22576294,0.13342009
851.46706301,0.13881184
851.70837248,0.14221280
851.94969135,0.15131657
852.19101959,0.15712308
852.43235722,0.17966478
852.67370424,0.18968100
852.91506063,0.19762348
853.15642640,0.20857290
853.39780154,0.21046001
853.63918605,0.21954305
853.88057992,0.21661906
854.12198317,0.22014444
854.36339577,0.22835650
854.60481773,0.24017689
854.84624905,0.23476440
855.08768973,0.22856387
855.32913975,0.22284032
855.57059912,0.22499702
855.81206784,0.23430817
856.05354590,0.23001550
856.29503330,0.22503849
856.53653004,0.21234713
856.77803611,0.21908682
857.01955151,0.20975493
857.26107624,0.23501325
857.50261030,0.20284934
857.74415367,0.19826634
857.98570637,0.18825012
858.22726839,0.18576161
858.46883972,0.17586981
858.71042037,0.17188820
858.95201032,0.16282590
859.19360958,0.15411614
859.43521814,0.14886955
859.67683601,0.13933028
859.91846317,0.15256083
860.16009963,0.13223805
860.40174538,0.13068273
860.64340042,0.12624490
860.88506474,0.12274026
861.12673835,0.12232551
861.36842125,0.11840611
861.61011342,0.12267804
861.85181487,0.11927709
862.09352559,0.11998217
862.33524558,0.12479327
862.57697484,0.12979102
862.81871336,0.12883709
863.06046114,0.12979102
863.30221819,0.12726104
863.54398449,0.13449844
863.78576004,0.13184403
864.02754485,0.12665965
864.26933890,0.11948446
864.51114220,0.12045913
864.75295474,0.12039692
864.99477653,0.12543614
865.23660755,0.11181158
865.47844780,0.10950971
865.72029728,0.10500967
865.96215600,0.10109028
866.20402394,0.09909947
866.44590110,0.09603032
866.68778748,0.08821227
866.92968308,0.09435058
867.17158790,0.09480680
867.41350193,0.09036897
867.65542516,0.09179986
867.89735761,0.09420542
868.13929926,0.09219388
868.38125011,0.09308559
868.62321015,0.09629991
868.86517940,0.10131839
869.10715783,0.09534598
869.34914546,0.10090364
869.59114227,0.10140134
869.83314827,0.09741973
870.07516344,0.10436681
870.31718780,0.10123544
870.55922133,0.11446598
870.80126404,0.11262034
871.04331592,0.10380689
871.28537696,0.10301887
871.52744717,0.10216863
871.76952655,0.10177461
872.01161508,0.10187830
872.25371277,0.09432984
872.49581961,0.08929062
872.73793560,0.09329296
872.98006075,0.08987127
873.22219503,0.08759014
873.46433846,0.08338042
873.70649103,0.08248871
873.94865274,0.07879743
874.19082358,0.08091266
874.43300356,0.08099561
874.67519266,0.07460845
874.91739089,0.06676966
875.15959824,0.06820055
875.40181471,0.06197929
875.64404031,0.06492402
875.88627501,0.05542623
876.12851883,0.05233634
876.37077176,0.04991005
876.61303379,0.04582476
876.85530493,0.04986858
877.09758517,0.04356437
877.33987451,0.04267265
877.58217294,0.04329478
877.82448047,0.04265192
878.06679709,0.05297921
878.30912279,0.04688237
878.55145758,0.05422346
878.79380145,0.05465895
879.03615440,0.05360133
879.27851643,0.06067283
879.52088753,0.06612680
879.76326770,0.06627196
880.00565694,0.07346789
880.24805524,0.07317756
880.49046260,0.07732507
880.73287903,0.07425591
880.97530451,0.07823752
881.21773905,0.07413149
881.46018264,0.07448402
881.70263527,0.07975136
881.94509695,0.07419370
882.18756768,0.07691032
882.43004744,0.07933661
882.67253625,0.08418919
882.91503409,0.08049791
883.15754095,0.07834120
883.40005685,0.07309461
883.64258178,0.07230658
883.88511573,0.06890563
884.12765869,0.06894710
884.37021068,0.06919595
884.61277168,0.07143561
884.85534170,0.06363830
885.09792072,0.06338945
885.34050876,0.06013365
885.58310579,0.06479960
885.82571183,0.06542172
886.06832686,0.06100463
886.31095090,0.06436411
886.55358392,0.06034103
886.79622594,0.05619352
887.03887694,0.05725114
887.28153693,0.05928341
887.52420589,0.06083873
887.76688384,0.05664975
888.00957077,0.05374649
888.25226667,0.04700680
888.49497154,0.05154832
888.73768537,0.05044923
888.98040818,0.04518189
889.22313994,0.04018415
889.46588067,0.04779482
889.70863035,0.04082701
889.95138899,0.03983161
890.19415657,0.04254823
890.43693311,0.03630623
890.67971859,0.03392142
890.92251302,0.03130849
891.16531639,0.03549747
891.40812869,0.02552272
891.65094993,0.02647664
891.89378010,0.02701582
892.13661920,0.02353191
892.37946723,0.02703656
892.62232418,0.02442363
892.86519005,0.02668402
893.10806484,0.02788679
893.35094854,0.03205504
893.59384116,0.02751352
893.83674269,0.03193061
894.07965312,0.03352740
894.32257246,0.03678319
894.56550070,0.03792376
894.80843784,0.04655057
895.05138388,0.04474641
895.29433881,0.04903907
895.53730263,0.04482936
895.78027533,0.05364281
896.02325692,0.05217044
896.26624740,0.05177643
896.50924675,0.05453452
896.75225498,0.06071430
896.99527208,0.05372576
897.23829806,0.05731335
897.48133290,0.06108758
897.72437661,0.06007144
897.96742918,0.05685712
898.21049061,0.05482485
898.45356090,0.05534328
898.69664005,0.05837096
898.93972804,0.05385018
899.18282488,0.06015439
899.42593057,0.05990554
899.66904511,0.05455526
899.91216848,0.05835023
900.15530069,0.05441010
900.39844174,0.05949079
900.64159162,0.05403682
900.88475033,0.05540550
901.12791786,0.06544246
901.37109422,0.06463370
901.61427940,0.06083873
901.85747340,0.06428116
902.10067621,0.06413600
902.34388784,0.07153930
902.58710827,0.06888489
902.83033752,0.06249773
903.07357557,0.06797244
903.31682242,0.05990554
903.56007807,0.06718441
903.80334251,0.06896784
904.04661575,0.06726736
904.28989778,0.06971439
904.53318860,0.07576975
904.77648820,0.07394485
905.01979659,0.07865227
905.26311375,0.07726285
905.50643969,0.07908776
905.74977441,0.08846112
905.99311789,0.08933210
906.23647015,0.09673539
906.47983117,0.09802112
906.72320095,0.09700498
906.96657950,0.10712490
907.20996680,0.10119396
907.45336285,0.10602581
907.69676766,0.10318477
907.94018122,0.10295665
908.18360352,0.10129765
908.42703457,0.10279075
908.67047435,0.09443353
908.91392288,0.09526303
909.15738014,0.09347960
909.40084613,0.09001643
909.64432085,0.09211093
909.88780430,0.09061782
910.13129648,0.09030676
910.37479737,0.08479058
910.61830699,0.08118225
910.86182531,0.08273756
911.10535236,0.07176741
911.34888811,0.08024906
911.59243257,0.06917522
911.83598573,0.07050242
912.07954760,0.07085496
912.32311816,0.07357157
912.56669743,0.07353010
912.81028538,0.07133192
913.05388203,0.06913374
913.29748736,0.07446329
913.54110138,0.06844940
913.78472408,0.06793096
914.02835547,0.06287101
914.27199552,0.06453001
914.51564426,0.06177192
914.75930166,0.05955300
915.00296774,0.05729261
915.24664247,0.06384567
915.49032588,0.06347240
915.73401794,0.06913374
915.97771866,0.06741253
916.22142803,0.08184585
916.46514606,0.08595188
916.70887274,0.08172142
916.95260806,0.08141036
917.19635202,0.09113626
917.44010463,0.09184134
917.68386588,0.09754416
917.92763576,0.09820776
918.17141427,0.10944750
918.41520141,0.11197748
918.65899718,0.11106503
918.90280158,0.11228854
919.14661459,0.11614572
919.39043623,0.12375640
919.63426648,0.12489696
919.87810534,0.13140854
920.12195281,0.13729800
920.36580890,0.13352377
920.60967358,0.14857922
920.85354687,0.15419909
921.09742876,0.15722677
921.34131924,0.16046182
921.58521832,0.16236968
921.82912599,0.15523597
922.07304225,0.15123362
922.31696709,0.14246165
922.56090052,0.13989019
922.80484252,0.13478876
923.04879310,0.12821497
923.29275226,0.12278173
923.53671999,0.11946373
923.78069629,0.10720785
924.02468115,0.11353279
924.26867458,0.10036446
924.51267656,0.09748195
924.75668711,0.08736203
925.00070621,0.08601409
925.24473386,0.07840342
925.48877006,0.07682737
925.73281481,0.07456697
925.97686810,0.06689409
926.22092994,0.06264289
926.46500031,0.05764515
926.70907921,0.05219118
926.95316665,0.05204602
927.19726262,0.05171422
927.44136712,0.05326953
927.68548014,0.04721417
927.92960168,0.04895612
928.17373175,0.04516116
928.41787032,0.04113808
928.66201741,0.03794450
928.90617302,0.03294675
929.15033713,0.02964948
929.39450974,0.03201356
929.63869086,0.03157807
929.88288047,0.03195135
930.12707859,0.03462649
930.37128520,0.03914727
930.61550029,0.03153660
930.85972388,0.03640992
931.10395595,0.03265643
931.34819651,0.03578779
931.59244554,0.03715647
931.83670306,0.03603664
932.08096904,0.04198831
932.32524350,0.04760819
932.56952643,0.04953678
932.81381782,0.05416124
933.05811768,0.04789851
933.30242600,0.06007144
933.54674278,0.05689860
933.79106801,0.06757843
934.03540169,0.06681114
934.27974382,0.06465443
934.52409440,0.07357157
934.76845343,0.07601860
935.01282089,0.07313608
935.25719680,0.07427665
935.50158114,0.07473287
935.74597391,0.06867752
935.99037511,0.06612680
936.23478474,0.06832498
936.47920279,0.06479960
936.72362927,0.07798867
936.96806417,0.06457148
937.21250748,0.06535951
937.45695920,0.06855309
937.70141934,0.06191708
937.94588788,0.06338945
938.19036483,0.06133643
938.43485019,0.06668671
938.67934394,0.06316133
938.92384608,0.05706450
939.16835663,0.05706450
939.41287556,0.05696081
939.65740288,0.05895161
939.90193859,0.04905981
940.14648268,0.05273036
940.39103515,0.04935014
940.63559600,0.05287552
940.88016523,0.05239855
941.12474282,0.05252298
941.36932879,0.05032480
941.61392312,0.05362207
941.85852581,0.05140315
942.10313687,0.05188012
942.34775628,0.05078103
942.59238405,0.05096767
942.83702017,0.04914276
943.08166464,0.05256445
943.32631746,0.05710597
943.57097862,0.04997226
943.81564813,0.05295847
944.06032597,0.05745851
944.30501215,0.05241929
944.54970666,0.05604836
944.79440950,0.05142389
945.03912067,0.04816810
945.28384016,0.05291699
945.52856798,0.04738007
945.77330412,0.04854137
946.01804857,0.04008046
946.26280133,0.04240307
946.50756241,0.04173946
946.75233179,0.04273487
946.99710948,0.03985235
947.24189548,0.04294224
947.48668977,0.04190536
947.73149236,0.04290077
947.97630324,0.03682467
948.22112242,0.04217495
948.46594988,0.04426944
948.71078563,0.03667951
948.95562966,0.05065660
949.20048198,0.04165651
949.44534257,0.04138693
949.69021144,0.04169799
949.93508857,0.04468419
950.17997398,0.04453903
950.42486766,0.04269339
950.66976959,0.04711048
950.91467979,0.04103439
951.15959825,0.04594918
951.40452496,0.04453903
951.64945993,0.04536853
951.89440314,0.04924645
952.13935461,0.04476714
952.38431431,0.04109660
952.62928226,0.03730163
952.87425845,0.03952055
953.11924287,0.04590771
953.36423553,0.04144914
953.60923642,0.03821408
953.85424553,0.03889842
954.09926287,0.03632697
954.34428843,0.03338224
954.58932222,0.03110111
954.83436421,0.03213799
955.07941443,0.03056194
955.32447285,0.02463100
955.56953948,0.02852966
955.81461432,0.02904810
956.05969736,0.02266094
956.30478860,0.01681295
956.54988803,0.01928072
956.79499567,0.01795352
957.04011149,0.01986137
957.28523550,0.01405486
957.53036770,0.01413781
957.77550808,0.01405486
958.02065664,0.01670927
958.26581338,0.01254102
958.51097830,0.01563091
958.75615139,0.01420002
959.00133264,0.01679222
959.24652207,0.01115161
959.49171965,0.01807794
959.73692540,0.01332905
959.98213931,0.01502953
960.22736137,0.01457330
960.47259159,0.02033833
960.71782995,0.05158979
960.96307647,0.02185217
961.20833112,0.02647664
961.45359392,0.03267716
961.69886486,0.03035456
961.94414394,0.03315413
962.18943115,0.03479239
962.43472648,0.03502050
962.68002995,0.03952055
962.92534154,0.03935465
963.17066126,0.03790302
963.41598909,0.04049521
963.66132504,0.04041226
963.90666911,0.04283855
964.15202128,0.04138693
964.39738157,0.04721417
964.64274996,0.04507821
964.88812645,0.05067734
965.13351104,0.04667500
965.37890374,0.04964046
965.62430452,0.05109209
965.86971340,0.05345617
966.11513036,0.05188012
966.36055542,0.05273036
966.60598855,0.05534328
966.85142977,0.05275109
967.09687907,0.05279257
967.34233644,0.05277183
967.58780188,0.05337322
967.83327539,0.04972341
968.07875697,0.05922120
968.32424661,0.06448853
968.56974432,0.05849539
968.81525008,0.06046545
969.06076390,0.05781105
969.30628577,0.05743777
969.55181570,0.06144012
969.79735367,0.06274658
970.04289968,0.05876498
970.28845374,0.06168897
970.53401583,0.06426042
970.77958597,0.06965218
971.02516413,0.06299543
971.27075033,0.06320281
971.51634455,0.05967743
971.76194680,0.06859457
972.00755708,0.06361756
972.25317537,0.06272584
972.49880168,0.06081799
972.74443600,0.05845391
972.99007834,0.05841244
973.23572868,0.05998849
973.48138703,0.05650459
973.72705338,0.05594467
973.97272774,0.05864055
974.21841009,0.05980185
974.46410043,0.06125348
974.70979877,0.06034103
974.95550510,0.05808064
975.20121941,0.06063135
975.44694171,0.06179266
975.69267199,0.05928341
975.93841024,0.06005070
976.18415647,0.06421895
976.42991068,0.06432263
976.67567285,0.06515214
976.92144299,0.05689860
977.16722110,0.05540550
977.41300717,0.06739179
977.65880119,0.06600237
977.90460317,0.05843318
978.15041311,0.06426042
978.39623099,0.06316133
978.64205683,0.06191708
978.88789061,0.06260142
979.13373233,0.06181339
979.37958199,0.05571656
979.62543958,0.05007595
979.87130511,0.05409903
980.11717857,0.05136168
980.36305996,0.04267265
980.60894928,0.04464272
980.85484651,0.04236159
981.10075167,0.03991456
981.34666475,0.03889842
981.59258573,0.03954129
981.83851463,0.03518640
982.08445144,0.04080628
982.33039616,0.03595369
982.57634878,0.03653434
982.82230930,0.03699057
983.06827771,0.04196758
983.31425403,0.03908506
983.56023823,0.03869105
983.80623032,0.04387543
984.05223031,0.03684541
984.29823817,0.03997677
984.54425391,0.03904359
984.79027754,0.03412879
985.03630904,0.03918875
985.28234841,0.03827630
985.52839565,0.04437313
985.77445076,0.03794450
986.02051374,0.04592845
986.26658457,0.03748827
986.51266327,0.04841695
986.75874982,0.04219569
987.00484422,0.04733860
987.25094647,0.04812662
987.49705658,0.04543074
987.74317452,0.04424871
987.98930031,0.04176020
988.23543394,0.04470493
988.48157541,0.04072333
988.72772471,0.04455977
988.97388184,0.04825105
989.22004680,0.04453903
989.46621959,0.05009669
989.71240020,0.04557591
989.95858862,0.04874875
990.20478487,0.04182241
990.45098893,0.05287552
990.69720080,0.04887317
990.94342048,0.04615656
991.18964797,0.04412428
991.43588326,0.04628098
991.68212635,0.04122103
991.92837724,0.03949981
992.17463593,0.04014267
992.42090240,0.03790302
992.66717667,0.03537304
992.91345872,0.03719794
993.15974856,0.03016792
993.40604618,0.03435690
993.65235158,0.03103890
993.89866475,0.03240758
994.14498570,0.02973243
994.39131441,0.02799048
994.63765090,0.03070710
994.88399515,0.02730614
995.13034716,0.02770016
995.37670693,0.03056194
995.62307445,0.02821859
995.86944973,0.02309642
996.11583276,0.02313790
996.36222354,0.02751352
996.60862206,0.02840523
996.85502833,0.02774163
997.10144233,0.02614484
997.34786408,0.02145816
997.59429355,0.02317937
997.84073076,0.02328306
998.08717570,0.01718623
998.33362836,0.02017243
998.58008875,0.01623230
998.82655685,0.01840974
999.07303267,0.02487985
999.31951621,0.01996506
999.56600746,0.01339126
999.81250642,0.01509174
1000.05901309,0.01337052
1000.30552746,0.01436592
1000.55204953,0.01220922
1000.79857929,0.01699959
1001.04511676,0.01646041
1001.29166191,0.01882449
1001.53821476,0.01019768
1001.78477529,0.01527838
1002.03134351,0.01243733
1002.27791941,0.01546501
1002.52450299,0.01492584
1002.77109424,0.01509174
1003.01769317,0.01243733
1003.26429976,0.01513321
1003.51091403,0.01511248
1003.75753596,0.01299725
1004.00416555,0.01283135
1004.25080280,0.01811942
1004.49744771,0.01521616
1004.74410027,0.01478067
1004.99076048,0.01529911
1005.23742834,0.01262397
1005.48410384,0.01803647
1005.73078699,0.01401339
1005.97747778,0.01652263
1006.22417620,0.01567239
1006.47088226,0.01627378
1006.71759595,0.01793278
1006.96431727,0.01743508
1007.21104622,0.01780835
1007.45778279,0.02046276
1007.70452698,0.01382675
1007.95127879,0.01861712
1008.19803821,0.01784983
1008.44480524,0.01913556
1008.69157988,0.02100193
1008.93836213,0.02139595
1009.18515199,0.01556870
1009.43194944,0.01849269
1009.67875450,0.01660558
1009.92556715,0.01538206
1010.17238739,0.02035907
1010.41921522,0.01986137
1010.66605064,0.01923924
1010.91289364,0.02091898
1011.15974422,0.01923924
1011.40660239,0.01934293
1011.65346813,0.01722770
1011.90034144,0.02485911
1012.14722232,0.02064940
1012.39411078,0.01988211
1012.64100679,0.02075308
1012.88791037,0.02162406
1013.13482151,0.01907334
1013.38174020,0.02025538
1013.62866645,0.02461026
1013.87560025,0.02794901
1014.12254160,0.02425773
1014.36949049,0.02842597
1014.61644693,0.02662180
1014.86341091,0.02359413
1015.11038242,0.02259872
1015.35736147,0.02380150
1015.60434805,0.02342822
1015.85134216,0.02011022
1016.09834379,0.01747655
1016.34535295,0.01867933
1016.59236963,0.02156185
1016.83939383,0.01849269
1017.08642554,0.01826458
1017.33346476,0.01986137
1017.58051150,0.01631525
1017.82756574,0.01222996
1018.07462748,0.01295577
1018.32169673,0.01795352
1018.56877347,0.01208480
1018.81585771,0.01824384
1019.06294945,0.01457330
1019.31004867,0.00990736
1019.55715538,0.01015621
1019.80426957,0.01515395
1020.05139125,0.01838900
1020.29852041,0.01832679
1020.54565704,0.01100644
1020.79280114,0.01266545
1021.03995272,0.01073686
1021.28711177,0.01575534
1021.53427828,0.01140046
1021.78145225,0.01351569
1022.02863368,0.00988662
1022.27582257,0.00940965
1022.52301891,0.01623230
1022.77022270,0.01463551
1023.01743395,0.01173226
1023.26465263,0.01003178
1023.51187876,0.00198562
1023.75911234,0.00772991
1024.00635335,0.00897417
1024.25360179,0.00860089
1024.50085766,0.00445338
1024.74812097,0.00739811
1024.99539170,0.00575985
1025.24266985,0.00671378
1025.48995543,0.00287733
1025.73724842,0.00605017
1025.98454883,0.00862163
1026.23185665,0.00333356
1026.47917188,0.00343725
1026.72649452,0.00619534
1026.97382456,0.00694189
1027.22116200,0.00219299
1027.46850685,0.00397642
1027.71585908,0.00356167
1027.96321872,0.00434970
1028.21058574,0.00082432
1028.45796014,-0.01190853
1028.70534194,-0.01282098
1028.95273111,-0.01259287
1029.20012767,-0.01224033
1029.44753160,-0.01217811
1029.69494290,-0.01132788
