399.81288841,0.00443075
400.03045039,0.00696459
400.24802720,0.00744228
400.46561883,0.00197999
400.68322529,0.00181384
400.90084656,0.00384922
401.11848265,0.00698536
401.33613355,0.00378691
401.55379926,0.00102461
401.77147978,0.00559382
401.98917511,0.00945689
402.20688524,0.00123230
402.42461017,0.00281076
402.64234989,0.00524075
402.86010441,0.00108692
403.07787372,0.00912458
403.29565782,0.00600921
403.51345670,0.00347537
403.73127037,0.00463844
403.94909882,0.00391152
404.16694205,0.00580152
404.38480005,0.00335076
404.60267282,0.00382845
404.82056036,0.00264461
405.03846267,0.00804458
405.25637974,0.00931150
405.47431157,0.00696459
405.69225816,0.00210461
405.91021951,0.00528229
406.12819561,0.00050538
406.34618645,0.00216691
406.56419205,0.00455537
406.78221239,0.00501229
407.00024747,0.00848074
407.21829729,0.00056769
407.43636184,0.00939458
407.65444113,0.00818997
407.87253515,0.00702690
408.09064390,0.00563536
408.30876737,0.00478383
408.52690556,0.00715151
408.74505847,0.00499152
408.96322610,0.00754612
409.18140844,0.00505383
409.39960550,0.00305999
409.61781726,0.00690228
409.83604372,0.00505383
410.05428489,0.00962304
410.27254076,0.00287307
410.49081133,0.00791997
410.70909659,0.00787843
410.92739654,0.00418152
411.14571118,0.00777459
411.36404051,0.00497075
411.58238452,0.01053688
411.80074321,0.00494998
412.01911658,0.00835612
412.23750462,0.00717228
412.45590734,0.00742151
412.67432472,0.00588459
412.89275677,0.00636228
413.11120349,0.00349614
413.32966486,0.00370383
413.54814090,0.00430614
413.76663159,0.00686074
413.98513693,0.00297691
414.20365692,0.00170999
414.42219156,0.00704767
414.64074084,0.00308076
414.85930477,0.00681920
415.07788333,0.00251999
415.29647653,0.00642459
415.51508437,0.00170999
415.73370683,0.00316383
415.95234392,0.00555229
416.17099564,0.00600921
416.38966198,0.00613382
416.60834294,0.00588459
416.82703851,0.00688151
417.04574870,-0.00123923
417.26447350,0.00376614
417.48321291,0.00677767
417.70196692,0.00125307
417.92073554,0.00642459
418.13951875,0.00710997
418.35831657,0.00063000
418.57712898,0.00262384
418.79595598,0.01134688
419.01479757,0.00818997
419.23365374,0.00528229
419.45252450,0.00295614
419.67140984,0.00698536
419.89030975,0.00877150
420.10922425,0.01182457
420.32815331,0.00532383
420.54709694,0.00762920
420.76605514,0.00607152
420.98502791,0.00580152
421.20401523,0.00164769
421.42301712,0.00295614
421.64203356,0.00850151
421.86106455,0.00482537
422.08011009,0.00507460
422.29917018,0.00906227
422.51824482,0.00449306
422.73733399,0.00357922
422.95643771,0.00910381
423.17555596,0.00563536
423.39468875,0.00322614
423.61383606,0.00642459
423.83299790,0.00555229
424.05217427,0.00553152
424.27136516,0.00904150
424.49057057,0.00758766
424.70979050,0.00733843
424.92902494,0.00613382
425.14827390,0.00507460
425.36753736,0.00602998
425.58681532,0.00949843
425.80610779,0.00870920
426.02541476,0.01072380
426.24473623,0.00397383
426.46407219,0.00802382
426.68342265,0.00511613
426.90278759,0.00856381
427.12216702,0.00960227
427.34156093,0.00497075
427.56096933,0.01136765
427.78039220,0.01344456
427.99982955,0.00775382
428.21928137,0.00756689
428.43874766,0.00374537
428.65822841,0.00719305
428.87772363,0.00785766
429.09723331,0.00654921
429.31675745,0.00177230
429.53629605,0.00353768
429.75584910,0.00536536
429.97541660,0.00879227
430.19499854,0.00617536
430.41459494,0.01120150
430.63420577,0.00829381
430.85383104,0.00920766
431.07347075,0.00827305
431.29312489,0.01292533
431.51279347,0.00702690
431.73247647,0.00509537
431.95217390,0.00507460
432.17188574,0.00995535
432.39161201,0.00513690
432.61135270,0.00569767
432.83110780,0.01130534
433.05087731,0.01331995
433.27066123,0.00698536
433.49045956,0.00864689
433.71027229,0.00910381
433.93009942,0.00931150
434.14994095,0.00744228
434.36979687,0.00538613
434.58966718,0.00796151
434.80955189,0.00719305
435.02945098,0.00785766
435.24936445,0.01533456
435.46929230,0.00848074
435.68923454,0.01020458
435.90919115,0.01336149
436.12916213,0.00993458
436.34914748,0.01126380
436.56914720,0.01101457
436.78916128,0.00914535
437.00918972,0.00974765
437.22923252,0.00939458
437.44928968,0.01142996
437.66936119,0.00854304
437.88944706,0.01105611
438.10954727,0.01080688
438.32966182,0.01292533
438.54979072,0.01155457
438.76993395,0.01728686
438.99009153,0.01394302
439.21026343,0.01514763
439.43044967,0.01574994
439.65065024,0.01844993
439.87086513,0.01149226
440.09109434,0.01178303
440.31133788,0.01064073
440.53159573,0.01830454
440.75186789,0.01064073
440.97215437,0.01352764
441.19245516,0.01537609
441.41277025,0.01336149
441.63309964,0.01329918
441.85344334,0.01518917
442.07380133,0.01290457
442.29417362,0.01329918
442.51456020,0.01371456
442.73496107,0.01543840
442.95537623,0.01458687
443.17580567,0.01531379
443.39624939,0.01620686
443.61670739,0.01334072
443.83717967,0.01429610
444.05766622,0.01375610
444.27816704,0.01703763
444.49868212,0.00978919
444.71921147,0.01284226
444.93975509,0.01541763
445.16031296,0.01315380
445.38088508,0.01633148
445.60147147,0.01641455
445.82207210,0.01267611
446.04268698,0.01691301
446.26331610,0.02200145
446.48395947,0.01032919
446.70461707,0.01358995
446.92528892,0.01280072
447.14597499,0.01776455
447.36667530,0.01074457
447.58738984,0.02148223
447.80811860,0.01514763
448.02886158,0.01396379
448.24961879,0.01691301
448.47039021,0.01786839
448.69117585,0.02171069
448.91197570,0.01664301
449.13278975,0.01086919
449.35361802,0.01307072
449.57446049,0.01701686
449.79531715,0.01018381
450.01618802,0.01126380
450.23707308,0.01057842
450.45797234,0.01990377
450.67888578,0.01402610
450.89981341,0.01226072
451.12075522,0.01539686
451.34171122,0.01784762
451.56268139,0.01988300
451.78366574,0.01849147
452.00466426,0.01635224
452.22567696,0.01088996
452.44670382,0.01356918
452.66774484,0.00835612
452.88880003,0.02141992
453.10986938,0.01531379
453.33095288,0.01697532
453.55205053,0.01352764
453.77316234,0.01030842
453.99428830,0.01223995
454.21542840,0.01317456
454.43658264,0.01392225
454.65775102,0.01417148
454.87893354,0.01622763
455.10013019,0.01469071
455.32134098,0.02027761
455.54256589,0.02121223
455.76380493,0.01375610
455.98505809,0.01757762
456.20632537,0.02002838
456.42760677,0.01608225
456.64890229,0.01454533
456.87021191,0.02006992
457.09153565,0.01606148
457.31287349,0.01701686
457.53422544,0.02127453
457.75559149,0.02357991
457.97697163,0.01469071
458.19836587,0.01961300
458.41977420,0.01774378
458.64119663,0.02303991
458.86263313,0.01851224
459.08408373,0.02405760
459.30554840,0.02133684
459.52702716,0.02850220
459.74851999,0.01550071
459.97002689,0.02430683
460.19154786,0.02019454
460.41308290,0.02183530
460.63463201,0.01759839
460.85619518,0.01701686
461.07777241,0.01982069
461.29936369,0.01936377
461.52096903,0.02474298
461.74258841,0.02108761
461.96422185,0.01990377
462.18586933,0.02183530
462.40753086,0.02522067
462.62920642,0.02376683
462.85089602,0.02102530
463.07259966,0.02106684
463.29431733,0.01840839
463.51604902,0.02212607
463.73779475,0.02100453
463.95955449,0.02463914
464.18132826,0.02627990
464.40311604,0.02154453
464.62491784,0.02335145
464.84673365,0.02399529
465.06856347,0.02623836
465.29040730,0.02164838
465.51226513,0.02258299
465.73413696,0.01950916
465.95602279,0.02370452
466.17792261,0.02472221
466.39983643,0.02808682
466.62176424,0.02328914
466.84370603,0.02675759
467.06566181,0.02501298
467.28763157,0.02823220
467.50961531,0.02825297
467.73161303,0.02449375
467.95362472,0.02480529
468.17565038,0.02935373
468.39769001,0.02474298
468.61974360,0.02665374
468.84181116,0.02721451
469.06389267,0.03313372
469.28598814,0.02937450
469.50809757,0.03462910
469.73022094,0.03448371
469.95235827,0.03132680
470.17450954,0.02555298
470.39667475,0.02617605
470.61885390,0.02831528
470.84104699,0.02754682
471.06325402,0.03159680
471.28547498,0.02478452
471.50770986,0.03003912
471.72995867,0.02538683
471.95222141,0.02239607
472.17449806,0.02347606
472.39678864,0.01986223
472.61909313,0.02312299
472.84141153,0.02187684
473.06374384,0.03026758
473.28609005,0.02733913
473.50845017,0.02347606
473.73082420,0.02625913
473.95321212,0.02470144
474.17561393,0.02688220
474.39802964,0.02692374
474.62045924,0.02376683
474.84290273,0.02013223
475.06536010,0.02733913
475.28783136,0.02924989
475.51031649,0.02802451
475.73281550,0.02424452
475.95532838,0.02389145
476.17785513,0.02499221
476.40039575,0.02630067
476.62295024,0.02760912
476.84551859,0.02781682
477.06810080,0.02918758
477.29069686,0.02789989
477.51330678,0.02617605
477.73593055,0.02947835
477.95856817,0.02846066
478.18121963,0.02806605
478.40388494,0.02798297
478.62656409,0.03066219
478.84925707,0.02590605
479.07196389,0.02808682
479.29468455,0.02933296
479.51741903,0.03309218
479.74016733,0.02314376
479.96292946,0.02719374
480.18570542,0.02590605
480.40849519,0.02239607
480.63129877,0.02686144
480.85411617,0.02403683
481.07694738,0.02166915
481.29979239,0.02540759
481.52265121,0.02274914
481.74552383,0.02401606
481.96841025,0.02416145
482.19131046,0.02505452
482.41422447,0.02216761
482.63715227,0.02320606
482.86009385,0.02279068
483.08304922,0.02276991
483.30601837,0.02324760
483.52900130,0.02617605
483.75199801,0.02036069
483.97500849,0.02644605
484.19803274,0.02686144
484.42107076,0.02306068
484.64412255,0.02862681
484.86718810,0.02584375
485.09026741,0.02044377
485.31336047,0.02075530
485.53646729,0.02387068
485.75958786,0.02127453
485.98272218,0.02033992
486.20587024,0.01851224
486.42903205,0.02160684
486.65220760,0.01867839
486.87539689,0.02854374
487.09859991,0.02389145
487.32181666,0.02445221
487.54504715,0.02690297
487.76829136,0.02654990
487.99154929,0.02981065
488.21482094,0.02727682
488.43810631,0.02405760
488.66140540,0.03203295
488.88471820,0.03024681
489.10804471,0.03261449
489.33138493,0.03205372
489.55473885,0.03039219
489.77810647,0.03336218
490.00148780,0.03629063
490.22488281,0.03450448
490.44829153,0.03778601
490.67171393,0.03161757
490.89515002,0.03824293
491.11859979,0.03793139
491.34206325,0.03867908
491.56554038,0.03290526
491.78903120,0.03491987
492.01253568,0.03491987
492.23605384,0.03923985
492.45958567,0.04046523
492.68313116,0.04027831
492.90669031,0.03494063
493.13026312,0.03363218
493.35384960,0.03298833
493.57744972,0.03153449
493.80106350,0.03207449
494.02469092,0.03427602
494.24833200,0.03602063
494.47198671,0.03394372
494.69565507,0.03016373
494.91933706,0.03822216
495.14303269,0.03398525
495.36674195,0.03153449
495.59046484,0.03564679
495.81420136,0.03313372
496.03795150,0.03109834
496.26171526,0.02526221
496.48549264,0.02974835
496.70928364,0.02779605
496.93308825,0.03132680
497.15690647,0.03595832
497.38073830,0.03307141
497.60458373,0.03780678
497.82844276,0.04441137
498.05231539,0.03766139
498.27620162,0.04004985
498.50010144,0.03892831
498.72401485,0.03647755
498.94794185,0.04252137
499.17188244,0.03801447
499.39583661,0.04264599
499.61980435,0.03888677
499.84378568,0.04455675
500.06778058,0.04200215
500.29178904,0.04378829
500.51581108,0.03647755
500.73984668,0.04426598
500.96389585,0.04272907
501.18795858,0.03896985
501.41203486,0.04682059
501.63612470,0.04048600
501.86022809,0.04488906
502.08434503,0.04740213
502.30847551,0.04424521
502.53261954,0.04127523
502.75677711,0.03861677
502.98094822,0.04310291
503.20513286,0.04316522
503.42933104,0.03749524
503.65354274,0.03805601
503.87776797,0.03275987
504.10200673,0.03147219
504.32625901,0.03639448
504.55052480,0.03307141
504.77480411,0.03008065
504.99909694,0.02742220
505.22340327,0.03286372
505.44772312,0.03207449
505.67205646,0.02856451
505.89640331,0.03122296
506.12076366,0.02787912
506.34513750,0.02779605
506.56952484,0.02459760
506.79392567,0.02866835
507.01833999,0.02864758
507.24276779,0.03068296
507.46720907,0.03091142
507.69166384,0.03037142
507.91613208,0.02939527
508.14061380,0.03221988
508.36510898,0.02823220
508.58961764,0.03238603
508.81413976,0.03361141
509.03867534,0.03944754
509.26322439,0.03562602
509.48778689,0.03321680
509.71236285,0.03707986
509.93695226,0.03529371
510.16155512,0.03674755
510.38617142,0.03377756
510.61080117,0.03597909
510.83544436,0.03730832
511.06010099,0.03518986
511.28477105,0.04112984
511.50945454,0.03869985
511.73415147,0.03577140
511.95886182,0.03643601
512.18358560,0.03059988
512.40832280,0.02480529
512.63307341,0.03086988
512.85783745,0.03172142
513.08261489,0.02945758
513.30740575,0.03224065
513.53221001,0.03099450
513.75702768,0.03498217
513.98185875,0.02943681
514.20670322,0.02964450
514.43156109,0.02922912
514.65643235,0.03070373
514.88131700,0.02756759
515.10621504,0.03624909
515.33112647,0.03035065
515.55605128,0.03043373
515.78098946,0.03155526
516.00594103,0.02985219
516.23090597,0.02935373
516.45588428,0.03473294
516.68087596,0.02636298
516.90588100,0.03302987
517.13089941,0.02690297
517.35593118,0.02866835
517.58097631,0.02949912
517.80603479,0.02881374
518.03110663,0.02665374
518.25619181,0.02565682
518.48129034,0.02505452
518.70640222,0.02783759
518.93152743,0.02800374
519.15666598,0.02804528
519.38181787,0.02270760
519.60698310,0.02964450
519.83216165,0.02526221
520.05735353,0.02191838
520.28255873,0.02426529
520.50777726,0.02185607
520.73300910,0.02827374
520.95825426,0.02657067
521.18351273,0.02995604
521.40878452,0.02775451
521.63406961,0.02544913
521.85936801,0.02563606
522.08467971,0.02206376
522.31000471,0.02326837
522.53534300,0.02515836
522.76069459,0.02943681
522.98605947,0.03205372
523.21143764,0.03267680
523.43682910,0.03219911
523.66223383,0.03140988
523.88765185,0.02978989
524.11308315,0.03442141
524.33852772,0.03464987
524.56398556,0.02976912
524.78945667,0.03253141
525.01494104,0.03595832
525.24043868,0.03527294
525.46594959,0.03693447
525.69147374,0.04378829
525.91701116,0.03892831
526.14256182,0.03462910
526.36812574,0.03359064
526.59370290,0.03631140
526.81929331,0.03232372
527.04489696,0.03464987
527.27051384,0.03390218
527.49614396,0.03226141
527.72178732,0.03043373
527.94744390,0.03329987
528.17311372,0.03251064
528.39879675,0.03612448
528.62449301,0.03498217
528.85020249,0.04046523
529.07592518,0.03734986
529.30166109,0.03855447
529.52741021,0.04092215
529.75317254,0.04362214
529.97894807,0.03489910
530.20473680,0.04270830
530.43053874,0.04301983
530.65635387,0.05597978
530.88218219,0.04532521
531.10802371,0.05219980
531.33387841,0.05064211
531.55974630,0.05253211
531.78562738,0.05365364
532.01152163,0.05685209
532.23742906,0.05207518
532.46334967,0.05122365
532.68928344,0.05253211
532.91523039,0.05020596
533.14119051,0.05377825
533.36716378,0.05045519
533.59315022,0.05084980
533.81914982,0.05261518
534.04516257,0.06387206
534.27118847,0.05516979
534.49722752,0.05633286
534.72327973,0.05948977
534.94934507,0.05932362
535.17542356,0.06225207
535.40151518,0.06580359
535.62761994,0.05462979
535.85373784,0.05280210
536.07986886,0.06117207
536.30601301,0.05633286
536.53217029,0.05951054
536.75834069,0.05315518
536.98452420,0.05446364
537.21072084,0.05595902
537.43693059,0.05789055
537.66315345,0.05197134
537.88938941,0.05211672
538.11563848,0.05419364
538.34190066,0.05641594
538.56817593,0.05298903
538.79446431,0.05334210
539.02076577,0.05423518
539.24708033,0.06073592
539.47340798,0.05982208
539.69974871,0.05560594
539.92610252,0.05411056
540.15246942,0.05340441
540.37884939,0.05471287
540.60524244,0.06283360
540.83164856,0.05990515
541.05806775,0.06750666
541.28450001,0.06472360
541.51094533,0.07112050
541.73740371,0.07033127
541.96387515,0.06802589
542.19035965,0.06353976
542.41685719,0.07139049
542.64336779,0.07136973
542.86989144,0.07446433
543.09642813,0.05953131
543.32297786,0.06918896
543.54954063,0.06019592
543.77611643,0.06862820
544.00270527,0.06383052
544.22930714,0.07485894
544.45592204,0.06464052
544.68254996,0.06960435
544.90919091,0.06401745
545.13584487,0.06773512
545.36251185,0.06445360
545.58919184,0.06455744
545.81588485,0.06528436
546.04259086,0.06518052
546.26930988,0.06443283
546.49604191,0.06588667
546.72278693,0.06316591
546.94954495,0.06596975
547.17631596,0.06486898
547.40309997,0.06771435
547.62989696,0.06646821
547.85670694,0.07390356
548.08352991,0.08289660
548.31036585,0.06750666
548.53721477,0.07477587
548.76407667,0.08219045
548.99095154,0.07645817
549.21783938,0.07309357
549.44474018,0.07527433
549.67165395,0.08208661
549.89858069,0.08073661
550.12552038,0.07708124
550.35247302,0.07425664
550.57943862,0.07344664
550.80641717,0.07436048
551.03340866,0.07971892
551.26041310,0.07772509
551.48743048,0.08605352
551.71446081,0.08578352
551.94150406,0.08447506
552.16856025,0.08931427
552.39562937,0.09508810
552.62271142,0.08393506
552.84980640,0.08734120
553.07691429,0.08906504
553.30403511,0.08856658
553.53116884,0.08950119
553.75831549,0.09199349
553.98547505,0.09166119
554.21264752,0.09313580
554.43983289,0.09284503
554.66703116,0.09562809
554.89424234,0.09479733
555.12146641,0.09996885
555.34870338,0.09706117
555.57595324,0.10217038
555.80321599,0.10364499
556.03049162,0.09926270
556.25778014,0.10125653
556.48508154,0.11126726
556.71239582,0.11531725
556.93972297,0.11245111
557.16706300,0.10968881
557.39441589,0.11546263
557.62178165,0.12196338
557.84916028,0.11315726
558.07655177,0.11594032
558.30395611,0.11205649
558.53137331,0.11527571
558.75880337,0.11533802
558.98624627,0.11839108
559.21370202,0.11330264
559.44117062,0.11014573
559.66865206,0.11419571
559.89614634,0.11438264
560.12365345,0.11263803
560.35117340,0.11321956
560.57870618,0.11209803
560.80625179,0.10975112
561.03381022,0.10900343
561.26138148,0.11785109
561.48896555,0.11741493
561.71656244,0.11527571
561.94417215,0.11155803
562.17179467,0.10846343
562.39942999,0.10997958
562.62707812,0.10663574
562.85473906,0.11255495
563.08241279,0.11338572
563.31009933,0.10962650
563.53779866,0.12192184
563.76551078,0.11346879
563.99323568,0.11834954
564.22097338,0.11899339
564.44872386,0.11789262
564.67648712,0.11257572
564.90426316,0.11386341
565.13205197,0.11450725
565.35985356,0.11585725
565.58766792,0.11758109
565.81549504,0.11315726
566.04333493,0.12015646
566.27118758,0.10865035
566.49905298,0.10607498
566.72693115,0.10304268
566.95482207,0.10991727
567.18272573,0.10902420
567.41064215,0.11272110
567.63857131,0.10788189
567.86651321,0.11070650
568.09446785,0.10887881
568.32243523,0.11357264
568.55041534,0.10781959
568.77840819,0.11456956
569.00641376,0.10786112
569.23443206,0.10715497
569.46246308,0.10676036
569.69050682,0.10443421
569.91856327,0.10711343
570.14663244,0.10227422
570.37471433,0.10246114
570.60280892,0.10680190
570.83091622,0.10117346
571.05903622,0.10233653
571.28716892,0.10320883
571.51531432,0.10430960
571.74347241,0.10592959
571.97164320,0.10173422
572.19982667,0.09911731
572.42802284,0.10179653
572.65623168,0.10322960
572.88445321,0.10659421
573.11268742,0.09834885
573.34093430,0.09947039
573.56919385,0.10310499
573.79746608,0.10557652
574.02575097,0.10796497
574.25404853,0.10881650
574.48235874,0.10804805
574.71068162,0.11517186
574.93901715,0.10879574
575.16736534,0.11681263
575.39572618,0.11870262
575.62409966,0.11567032
575.85248579,0.11178649
576.08088456,0.11353110
576.30929597,0.11567032
576.53772002,0.11247188
576.76615671,0.11652186
576.99460602,0.11866108
577.22306796,0.11467341
577.45154253,0.12300183
577.68002972,0.12424798
577.90852953,0.12372875
578.13704196,0.12350029
578.36556700,0.12217107
578.59410465,0.12262799
578.82265492,0.12468414
579.05121779,0.11884800
579.27979326,0.11697878
579.50838133,0.11677109
579.73698201,0.11747724
579.96559527,0.11459033
580.19422113,0.11884800
580.42285958,0.11735263
580.65151062,0.11639724
580.88017424,0.11629340
581.10885044,0.11814185
581.33753922,0.11934646
581.56624057,0.11415418
581.79495450,0.11315726
582.02368100,0.10767420
582.25242007,0.10765343
582.48117170,0.10838035
582.70993589,0.10931496
582.93871264,0.10833881
583.16750195,0.10495344
583.39630381,0.10102807
583.62511822,0.10302191
583.85394518,0.10133961
584.08278469,0.10001038
584.31163674,0.10167192
584.54050133,0.10217038
584.76937845,0.10991727
584.99826811,0.10734189
585.22717030,0.11299110
585.45608502,0.10979265
585.68501226,0.11606494
585.91395203,0.12094569
586.14290432,0.12507875
586.37186912,0.12630413
586.60084644,0.13027104
586.82983628,0.13540102
587.05883862,0.13490256
587.28785347,0.13631486
587.51688082,0.14231714
587.74592067,0.13955485
587.97497302,0.14368791
588.20403787,0.14603482
588.43311520,0.15278480
588.66220503,0.15982554
588.89130735,0.15556786
589.12042215,0.15668940
589.34954943,0.15974246
589.57868919,0.16152861
589.80784142,0.16607705
590.03700613,0.16341860
590.26618331,0.15683478
590.49537296,0.15932708
590.72457507,0.15191249
590.95378964,0.15058327
591.18301667,0.15141403
591.41225616,0.15124788
591.64150811,0.14233791
591.87077250,0.14470560
592.10004934,0.14404098
592.32933863,0.14310637
592.55864036,0.13938869
592.78795453,0.13957562
593.01728114,0.14983558
593.24662018,0.14844404
593.47597165,0.14024023
593.70533555,0.14260791
593.93471188,0.14435252
594.16410063,0.14235868
594.39350180,0.14312714
594.62291539,0.13870331
594.85234140,0.13886947
595.08177981,0.14179792
595.31123064,0.13365641
595.54069387,0.13137180
595.77016951,0.13610717
595.99965755,0.13405102
596.22915798,0.13554640
596.45867081,0.13270103
596.68819604,0.13585794
596.91773365,0.12960642
597.14728365,0.13486102
597.37684603,0.13317872
597.60642080,0.13965869
597.83600795,0.14674097
598.06560747,0.15135173
598.29521936,0.14647098
598.52484363,0.15110250
598.75448026,0.15646094
598.98412926,0.15614940
599.21379062,0.15556786
599.44346434,0.16647167
599.67315042,0.16624321
599.90284885,0.16501783
600.13255963,0.17494548
600.36228276,0.17540240
600.59201824,0.18229776
600.82176606,0.18701236
601.05152622,0.18983696
601.28129871,0.19432310
601.51108354,0.20049154
601.74088070,0.20632767
601.97069019,0.21008688
602.20051201,0.20117692
602.43034615,0.20759459
602.66019261,0.20568382
602.89005139,0.20040846
603.11992249,0.19463464
603.34980589,0.19802001
603.57970161,0.19947385
603.80960963,0.20850843
604.03952996,0.21301533
604.26946259,0.22601682
604.49940751,0.23617294
604.72936474,0.24105369
604.95933425,0.24053446
605.18931606,0.24558136
605.41931015,0.24653674
605.64931653,0.25048288
605.87933519,0.24772059
606.10936612,0.25523902
606.33940934,0.25860362
606.56946483,0.26977742
606.79953259,0.26371283
607.02961261,0.27052511
607.25970490,0.27303818
607.48980946,0.26921666
607.71992627,0.26875974
607.95005534,0.28616428
608.18019667,0.28670428
608.41035024,0.28971581
608.64051607,0.30730728
608.87069414,0.31688186
609.10088445,0.31661186
609.33108700,0.33071411
609.56130179,0.33387102
609.79152882,0.34319637
610.02176808,0.34485790
610.25201956,0.33812870
610.48228328,0.34934404
610.71255921,0.34944789
610.94284737,0.34766174
611.17314775,0.34932327
611.40346034,0.33522102
611.63378514,0.33223026
611.86412215,0.32055800
612.09447137,0.30874035
612.32483280,0.30024577
612.55520642,0.28869812
612.78559225,0.27457510
613.01599027,0.26431514
613.24640048,0.26360899
613.47682288,0.25567517
613.70725747,0.25469902
613.93770425,0.24990135
614.16816321,0.25646440
614.39863434,0.25216518
614.62911766,0.24765828
614.85961314,0.23935062
615.09012080,0.23910139
615.32064063,0.23058604
615.55117262,0.22420991
615.78171677,0.21610994
616.01227308,0.22063761
616.24284156,0.21581917
616.47342218,0.21394995
616.70401496,0.21675378
616.93461988,0.21739763
617.16523695,0.22431375
617.39586617,0.21326456
617.62650752,0.21189380
617.85716101,0.19984769
618.08782664,0.20497767
618.31850440,0.19388695
618.54919429,0.19569386
618.77989630,0.19133234
619.01061044,0.17986777
619.24133670,0.17097857
619.47207508,0.16429091
619.70282557,0.15961785
619.93358818,0.16219322
620.16436289,0.14645021
620.39514972,0.13727024
620.62594864,0.13025027
620.85675967,0.12611721
621.08758280,0.12659490
621.31841802,0.11891031
621.54926534,0.11629340
621.78012475,0.11417495
622.01099624,0.10802728
622.24187982,0.11164111
622.47277549,0.11382187
622.70368323,0.11037419
622.93460305,0.10518190
623.16553494,0.10536883
623.39647890,0.09832808
623.62743493,0.09668732
623.85840303,0.09296964
624.08938319,0.09791270
624.32037541,0.10061269
624.55137968,0.09604348
624.78239602,0.09222195
625.01342440,0.08453737
625.24446483,0.08528506
625.47551731,0.08300045
625.70658183,0.08316660
625.93765839,0.08484890
626.16874699,0.08559659
626.39984763,0.07984354
626.63096029,0.08503583
626.86208499,0.07967739
627.09322171,0.08345737
627.32437046,0.08565890
627.55553123,0.09319810
627.78670401,0.09203503
628.01788882,0.10389422
628.24908563,0.10933573
628.48029446,0.10163038
628.71151529,0.10572190
628.94274813,0.11274187
629.17399296,0.11751878
629.40524980,0.12019800
629.63651863,0.12709336
629.86779946,0.12757105
630.09909228,0.13174565
630.33039709,0.13926408
630.56171388,0.15504863
630.79304265,0.15646094
631.02438340,0.16163246
631.25573613,0.16807089
631.48710084,0.17035550
631.71847751,0.16539167
631.94986615,0.17469625
632.18126676,0.17818547
632.41267933,0.18798851
632.64410387,0.18807158
632.87554035,0.20036692
633.10698880,0.20869535
633.33844919,0.21000381
633.56992154,0.21546609
633.80140583,0.22477067
634.03290207,0.22896604
634.26441024,0.22801066
634.49593035,0.24059677
634.72746240,0.23999446
634.95900638,0.24223753
635.19056229,0.24946519
635.42213013,0.26697359
635.65370989,0.27050434
635.88530158,0.27372356
636.11690518,0.27920662
636.34852069,0.28965350
636.58014812,0.29607117
636.81178746,0.31102496
637.04343871,0.30641421
637.27510187,0.28853197
637.50677692,0.28840735
637.73846387,0.28934196
637.97016272,0.27461664
638.20187347,0.28381737
638.43359610,0.27764893
638.66533062,0.27978815
638.89707703,0.28676659
639.12883532,0.28552044
639.36060549,0.28797120
639.59238754,0.29173205
639.82418146,0.30122176
640.05598725,0.28759465
640.28780491,0.29374615
640.51963444,0.29994848
640.75147583,0.29520984
640.98332908,0.30828244
641.21519419,0.30786170
641.44707115,0.30141800
641.67895997,0.29398201
641.91086063,0.28581983
642.14277314,0.28516149
642.37469750,0.28151900
642.60663369,0.26746794
642.83858172,0.27344731
643.07054159,0.27811980
643.30251329,0.27417324
643.53449683,0.27462179
643.76649218,0.26701871
643.99849937,0.25972288
644.23051837,0.26217731
644.46254919,0.25501110
644.69459183,0.25369423
644.92664628,0.24682082
645.15871254,0.24312777
645.39079061,0.23912116
645.62288049,0.24447220
645.85498217,0.23780848
646.08709564,0.24083970
646.31922091,0.23447691
646.55135798,0.24395712
646.78350684,0.24586988
647.01566748,0.23932064
647.24783991,0.23318460
647.48002413,0.23568983
647.71222012,0.22716333
647.94442789,0.23049723
648.17664744,0.22638152
648.40887875,0.23198837
648.64112184,0.22364744
648.87337669,0.22162047
649.10564331,0.20952671
649.33792168,0.21996353
649.57021181,0.21429830
649.80251370,0.21258367
650.03482734,0.22099284
650.26715273,0.22073276
650.49948987,0.21735457
650.73183875,0.21826194
650.96419937,0.21319442
651.19657173,0.21907283
651.42895582,0.21897299
651.66135165,0.22017948
651.89375921,0.21994011
652.12617849,0.21393527
652.35860950,0.21900946
652.59105224,0.21994515
652.82350669,0.22974405
653.05597285,0.23600637
653.28845073,0.23683145
653.52094032,0.24265128
653.75344162,0.24793641
653.98595462,0.24853382
654.21847933,0.25362604
654.45101573,0.24040041
654.68356383,0.24984142
654.91612363,0.25152248
655.14869511,0.24005901
655.38127829,0.24906071
655.61387315,0.24028729
655.84647969,0.24547314
656.07909792,0.24562139
656.31172782,0.24191589
656.54436939,0.23136181
656.77702264,0.22411096
657.00968756,0.22980454
657.24236414,0.23354706
657.47505238,0.24466969
657.70775229,0.23818974
657.94046385,0.24280077
658.17318707,0.24917353
658.40592195,0.25056856
658.63866847,0.25640398
658.87142663,0.25816661
659.10419645,0.25919808
659.33697790,0.26030464
659.56977099,0.27269494
659.80257572,0.27608152
660.03539208,0.27394739
660.26822007,0.26987322
660.50105969,0.26889833
660.73391093,0.27902089
660.96677380,0.28386511
661.19964828,0.28269559
661.43253438,0.28537032
661.66543209,0.27642345
661.89834142,0.27961658
662.13126235,0.26717562
662.36419489,0.27155803
662.59713903,0.28227878
662.83009477,0.27067474
663.06306210,0.26642834
663.29604103,0.28269705
663.52903155,0.29043387
663.76203367,0.27929801
663.99504736,0.28527476
664.22807264,0.28717963
664.46110950,0.28041550
664.69415794,0.28281020
664.92721795,0.27765497
665.16028953,0.26677895
665.39337269,0.26360809
665.62646740,0.25530112
665.85957369,0.25030142
666.09269153,0.24266100
666.32582093,0.24177530
666.55896189,0.22805778
666.79211440,0.22919450
667.02527846,0.23162449
667.25845406,0.22169684
667.49164121,0.21534148
667.72483991,0.21384610
667.95805014,0.21083457
668.19127190,0.20510229
668.42450520,0.21305687
668.65775003,0.20587075
668.89100639,0.20121846
669.12427427,0.20923535
669.35755368,0.20726228
669.59084460,0.20287999
669.82414704,0.21124996
670.05746099,0.20663921
670.29078646,0.21465610
670.52412343,0.21129150
670.75747191,0.21467687
670.99083189,0.21631763
671.22420337,0.21577763
671.45758635,0.22555990
671.69098082,0.23770985
671.92438678,0.24990135
672.15780424,0.26821974
672.39123317,0.28130430
672.62467360,0.29094119
672.85812550,0.30282114
673.09158888,0.30707882
673.32506373,0.30606113
673.55855006,0.30230191
673.79204785,0.29501194
674.02555712,0.29422271
674.25907784,0.28853197
674.49261003,0.29320503
674.72615367,0.27661047
674.95970878,0.28851120
675.19327533,0.28886427
675.42685333,0.28963273
675.66044278,0.28952889
675.89404368,0.30732805
676.12765601,0.31393264
676.36127979,0.30653882
676.59491500,0.31133649
676.82856165,0.30105577
677.06221972,0.28903043
677.29588922,0.29690193
677.52957015,0.29501194
677.76326250,0.28404583
677.99696627,0.28088892
678.23068146,0.28213507
678.46440806,0.27931046
678.69814607,0.27002665
678.93189549,0.25447056
679.16565631,0.26051438
679.39942854,0.24470906
679.63321217,0.24745059
679.86700720,0.24834366
680.10081361,0.24738828
680.33463143,0.24416906
680.56846063,0.24005677
680.80230121,0.23918446
681.03615318,0.24161446
681.27001653,0.23174911
681.50389126,0.24080446
681.73777736,0.23149988
681.97167484,0.22674374
682.20558368,0.22792758
682.43950390,0.22711759
682.67343547,0.21700301
682.90737841,0.21729378
683.14133270,0.21419918
683.37529836,0.20960919
683.60927536,0.21615148
683.84326371,0.21359687
684.07726341,0.21745993
684.31127446,0.21390841
684.54529685,0.21851916
684.77933057,0.22221607
685.01337564,0.22283914
685.24743203,0.22647374
685.48149976,0.25062827
685.71557881,0.24952750
685.94966919,0.25507287
686.18377090,0.25748209
686.41788392,0.27139742
686.65200826,0.27027588
686.88614391,0.27615355
687.12029088,0.27667278
687.35444915,0.26601821
687.58861873,0.26830281
687.82279961,0.26338053
688.05699179,0.27258126
688.29119527,0.27397279
688.52541004,0.27758662
688.75963611,0.28255045
688.99387346,0.28485583
689.22812210,0.27762816
689.46238203,0.29152272
689.69665323,0.28890581
689.93093571,0.30126346
690.16522947,0.29106580
690.39953450,0.29974731
690.63385080,0.30618575
690.86817837,0.31376649
691.10251720,0.31052650
691.33686730,0.31432725
691.57122865,0.30385960
691.80560125,0.30996573
692.03998511,0.31036034
692.27438023,0.31409879
692.50878658,0.31789955
692.74320419,0.31850185
692.97763303,0.31900031
693.21207312,0.33077642
693.44652444,0.32408875
693.68098699,0.33970715
693.91546077,0.35090173
694.14994579,0.35883554
694.38444203,0.36028938
694.61894949,0.36454706
694.85346817,0.37397625
695.08799806,0.36577244
695.32253918,0.36458860
695.55709150,0.36824397
695.79165503,0.38529544
696.02622977,0.38386237
696.26081571,0.38834851
696.49541285,0.39121465
696.73002119,0.39337464
696.96464072,0.38770466
697.19927145,0.37929316
697.43391336,0.37621932
697.66856647,0.38249161
697.90323075,0.38639621
698.13790622,0.38650005
698.37259286,0.39869154
698.60729068,0.41015611
698.84199967,0.40976150
699.07671984,0.42378068
699.31145117,0.43819447
699.54619366,0.44012600
699.78094731,0.43960677
700.01571213,0.45748901
700.25048810,0.46185053
700.48527522,0.48299353
700.72007349,0.48567275
700.95488292,0.50897573
701.18970348,0.52021185
701.42453519,0.52800028
701.65937804,0.53701409
701.89423202,0.55213403
702.12909714,0.55581017
702.36397339,0.55038942
702.59886077,0.55491710
702.83375927,0.55487556
703.06866889,0.54447021
703.30358964,0.54413791
703.53852150,0.53209180
703.77346448,0.51979646
704.00841857,0.50768805
704.24338376,0.49231888
704.47836007,0.48947350
704.71334748,0.47636817
704.94834598,0.47248434
705.18335559,0.50048115
705.41837629,0.49285887
705.65340808,0.51088650
705.88845096,0.51558032
706.12350493,0.52345183
706.35856998,0.51919416
706.59364612,0.50482190
706.82873333,0.51115650
707.06383161,0.51655647
707.29894097,0.51265187
707.53406141,0.52839489
707.76919290,0.53769947
708.00433546,0.55574786
708.23948909,0.56970473
708.47465377,0.58837620
708.70982951,0.57117934
708.94501630,0.57753470
709.18021414,0.56700474
709.41542303,0.57512548
709.65064297,0.56337014
709.88587395,0.55398248
710.12111597,0.53003565
710.35636902,0.52430337
710.59163311,0.51931877
710.82690823,0.50760497
711.06219437,0.50802035
711.29749155,0.50293191
711.53279974,0.50509190
711.76811896,0.52679567
712.00344920,0.51566340
712.23879044,0.53242411
712.47414270,0.52746028
712.70950597,0.52203953
712.94488025,0.51009727
713.18026553,0.52901797
713.41566181,0.50640036
713.65106908,0.50457267
713.88648736,0.49929731
714.12191662,0.49032504
714.35735688,0.48230814
714.59280812,0.47967046
714.82827034,0.47877739
715.06374355,0.47127973
715.29922774,0.46313822
715.53472290,0.45840285
715.77022903,0.44652290
716.00574614,0.45312749
716.24127421,0.44932673
716.47681324,0.44444598
716.71236324,0.44616982
716.94792420,0.45115442
717.18349611,0.45933746
717.41907898,0.45183980
717.65467280,0.44745751
717.89027757,0.43509987
718.12589328,0.42645990
718.36151993,0.41408148
718.59715752,0.39910693
718.83280605,0.38834851
719.06846552,0.38095469
719.30413591,0.38922081
719.53981724,0.38585621
719.77550949,0.40679151
720.01121266,0.42400914
720.24692676,0.43063450
720.48265177,0.45888054
720.71838769,0.46602513
720.95413453,0.46664821
721.18989228,0.48909966
721.42566093,0.49302503
721.66144049,0.49956731
721.89723095,0.49676347
722.13303231,0.50567344
722.36884456,0.48978504
722.60466770,0.48675274
722.84050173,0.48423968
723.07634666,0.47150819
723.31220246,0.46945204
723.54806915,0.45418671
723.78394671,0.42818374
724.01983515,0.41169303
724.25573447,0.39019696
724.49164465,0.37484856
724.72756571,0.35810862
724.96349762,0.34020561
725.19944040,0.34161792
725.43539404,0.33320641
725.67135854,0.31902108
725.90733388,0.31684032
726.14332008,0.31914570
726.37931713,0.30452421
726.61532503,0.29916577
726.85134376,0.29623732
727.08737334,0.29183426
727.32341375,0.28975735
727.55946500,0.28772197
727.79552708,0.28714043
728.03159998,0.27958046
728.26768372,0.28541659
728.50377827,0.28959119
728.73988365,0.28869812
728.97599985,0.28811658
729.21212686,0.28726505
729.44826468,0.28784659
729.68441331,0.28836581
729.92057275,0.28171969
730.15674299,0.28313199
730.39292403,0.28460660
730.62911587,0.28012046
730.86531851,0.27278895
731.10153194,0.27262280
731.33775616,0.26215515
731.57399117,0.25814670
731.81023696,0.24445983
732.04649353,0.24605905
732.28276088,0.23089757
732.51903901,0.22894527
732.75532791,0.22032608
732.99162758,0.21372149
733.22793802,0.20674305
733.46425923,0.20385614
733.70059119,0.19613001
733.93693392,0.18834158
734.17328740,0.18443698
734.40965164,0.18182007
734.64602662,0.17741701
734.88241236,0.17536086
735.11880884,0.17837239
735.35521607,0.17563086
735.59163403,0.17529856
735.82806273,0.17363702
736.06450217,0.17189242
736.30095234,0.17797778
736.53741323,0.18310776
736.77388486,0.20792689
737.01036720,0.20821766
737.24686027,0.22211222
737.48336406,0.23773062
737.71987856,0.25320364
737.95640377,0.26759666
738.19293969,0.27555125
738.42948632,0.29189657
738.66604365,0.30296653
738.90261169,0.29775347
739.13919042,0.29939423
739.37577985,0.29451348
739.61237997,0.28338122
739.84899078,0.27519817
740.08561228,0.27046281
740.32224446,0.26360899
740.55888732,0.25214441
740.79554087,0.23131296
741.03220509,0.22404375
741.26887998,0.21592302
741.50556555,0.20925612
741.74226178,0.20013846
741.97896868,0.20119769
742.21568624,0.19230849
742.45241446,0.18040777
742.68915333,0.17571394
742.92590286,0.17089550
743.16266304,0.17104088
743.39943387,0.16605628
743.63621535,0.16692859
743.87300747,0.16017861
744.10981023,0.16130015
744.34662363,0.15791478
744.58344766,0.15899477
744.82028232,0.16022015
745.05712761,0.15793555
745.29398353,0.15538094
745.53085007,0.15116480
745.76772724,0.15577555
746.00461502,0.15781093
746.24151341,0.14856866
746.47842242,0.15380249
746.71534204,0.15228634
746.95227227,0.15355326
747.18921310,0.15668940
747.42616453,0.15482017
747.66312656,0.16385475
747.90009918,0.15793555
748.13708240,0.16921320
748.37407621,0.17367856
748.61108061,0.16501783
748.84809559,0.16441552
749.08512115,0.16373014
749.32215730,0.15816401
749.55920401,0.15963862
749.79626131,0.16227630
750.03332917,0.16100938
750.27040760,0.16360552
750.50749660,0.17066704
750.74459616,0.17056319
750.98170628,0.17232857
751.21882695,0.16989858
751.45595818,0.16906781
751.69309997,0.17442625
751.93025230,0.16566167
752.16741517,0.16150784
752.40458859,0.16142476
752.64177256,0.15855862
752.87896705,0.15583786
753.11617209,0.15631555
753.35338765,0.16011631
753.59061374,0.15552632
753.82785037,0.16082246
754.06509751,0.16613936
754.30235518,0.17305549
754.53962336,0.18273391
754.77690206,0.18726159
755.01419127,0.19488387
755.25149099,0.20960919
755.48880122,0.21201842
755.72612195,0.22807297
755.96345319,0.22938143
756.20079492,0.23571602
756.43814715,0.23187372
756.67550987,0.22969296
756.91288309,0.23220603
757.15026679,0.22670220
757.38766097,0.22786528
757.62506564,0.22300530
757.86248079,0.21251687
758.09990641,0.20699228
758.33734251,0.21070996
758.57478908,0.19893385
758.81224612,0.19748001
759.04971362,0.19100003
759.28719159,0.18491467
759.52468001,0.16869397
759.76217889,0.17556856
759.99968823,0.16746859
760.23720802,0.15286787
760.47473826,0.14080100
760.71227894,0.13211949
760.94983007,0.13409256
761.18739164,0.12825643
761.42496364,0.12649105
761.66254608,0.13454948
761.90013895,0.13862024
762.13774226,0.14300253
762.37535598,0.13492333
762.61298014,0.13656409
762.85061471,0.13714563
763.08825970,0.14119561
763.32591511,0.14728097
763.56358093,0.15361556
763.80125716,0.15685555
764.03894380,0.16161169
764.27664084,0.17590086
764.51434829,0.17652394
764.75206613,0.17907854
764.98979437,0.18105161
765.22753300,0.18539236
765.46528203,0.19627540
765.70304144,0.20921458
765.94081124,0.20765689
766.17859142,0.21178995
766.41638197,0.21735609
766.65418291,0.21278687
766.89199422,0.21035688
767.12981590,0.19079234
767.36764795,0.19758386
767.60549036,0.19374156
767.84334314,0.19677386
768.08120628,0.18705390
768.31907977,0.18346083
768.55696362,0.18229776
768.79485782,0.18169546
769.03276238,0.17654471
769.27067727,0.18223545
769.50860251,0.17120703
769.74653809,0.18647236
769.98448401,0.18618159
770.22244027,0.18638928
770.46040685,0.19280695
770.69838377,0.18757312
770.93637101,0.18908927
771.17436858,0.19089619
771.41237647,0.19118696
771.65039468,0.19523694
771.88842320,0.19642078
772.12646204,0.20099000
772.36451118,0.19656617
772.60257064,0.18659697
772.84064039,0.18152930
773.07872045,0.18229776
773.31681081,0.17403164
773.55491147,0.17583855
773.79302242,0.17779085
774.03114366,0.17093703
774.26927519,0.16896397
774.50741700,0.16549552
774.74556910,0.15870400
774.98373147,0.15700093
775.22190413,0.15826785
775.46008705,0.15909862
775.69828025,0.15498633
775.93648372,0.15806016
776.17469745,0.15648171
776.41292145,0.15596248
776.65115570,0.16096784
776.88940022,0.17205857
777.12765499,0.16206861
777.36592001,0.17527779
777.60419528,0.16582782
777.84248079,0.16541244
778.08077655,0.16387552
778.31908256,0.16470629
778.55739879,0.15270172
778.79572527,0.14861020
779.03406198,0.14167330
779.27240891,0.13749870
779.51076608,0.13006335
779.74913346,0.13290872
779.98751107,0.13135103
780.22589890,0.14620098
780.46429695,0.12732182
780.70270520,0.12865104
780.94112367,0.12175569
781.17955235,0.13295026
781.41799123,0.12156876
781.65644031,0.12331337
781.89489959,0.12512029
782.13336907,0.12200492
782.37184874,0.11911800
782.61033861,0.12256568
782.84883866,0.12854720
783.08734890,0.12258645
783.32586931,0.12096646
783.56439991,0.12848489
783.80294069,0.11895185
784.04149164,0.13157949
784.28005276,0.13533871
784.51862406,0.14861020
784.75720551,0.15108173
784.99579713,0.15440479
785.23439891,0.16001246
785.47301085,0.15286787
785.71163295,0.15540171
785.95026519,0.15826785
786.18890759,0.15866247
786.42756013,0.16098861
786.66622282,0.15405172
786.90489564,0.16472706
787.14357861,0.15106096
787.38227171,0.15533940
787.62097494,0.15126865
787.85968831,0.15137249
788.09841180,0.13820485
788.33714541,0.13934716
788.57588915,0.13247257
788.81464301,0.13004258
789.05340698,0.12777874
789.29218106,0.12628336
789.53096526,0.12397798
789.76975956,0.11465264
790.00856397,0.11967877
790.24737848,0.12792412
790.48620309,0.12131953
790.72503780,0.13139257
790.96388260,0.13033334
791.20273749,0.13427948
791.44160247,0.12715566
791.68047754,0.12158953
791.91936269,0.11780955
792.15825792,0.11139188
792.39716323,0.11371802
792.63607861,0.10993804
792.87500406,0.11166188
793.11393958,0.11490187
793.35288517,0.10900343
793.59184082,0.11199418
793.83080653,0.10742497
794.06978230,0.11855724
794.30876813,0.12568106
794.54776401,0.12329260
794.78676993,0.12420645
795.02578591,0.13328256
795.26481193,0.12536952
795.50384798,0.11861954
795.74289408,0.12194261
795.98195022,0.12165184
796.22101638,0.12260722
796.46009258,0.12642874
796.69917880,0.12933643
796.93827505,0.12563952
797.17738132,0.12399875
797.41649761,0.12846412
797.65562392,0.14009485
797.89476024,0.13984562
798.13390657,0.13623178
798.37306290,0.14593098
798.61222925,0.13486102
798.85140559,0.13612794
799.09059194,0.13182872
799.32978828,0.13980408
799.56899462,0.12497490
799.80821094,0.13587871
800.04743726,0.13587871
800.28667356,0.13191180
800.52591985,0.13282564
800.76517611,0.13697947
801.00444236,0.13832947
801.24371857,0.13388487
801.48300476,0.13949254
801.72230092,0.13903562
801.96160705,0.14206792
802.20092314,0.15153865
802.44024919,0.15114403
802.67958519,0.15662709
802.91893116,0.15627401
803.15828707,0.16161169
803.39765294,0.16730243
803.63702875,0.17984700
803.87641450,0.17725086
804.11581020,0.17909931
804.35521584,0.17858008
804.59463141,0.18560006
804.83405692,0.17793624
805.07349235,0.18784312
805.31293772,0.18491467
805.55239300,0.17841393
805.79185821,0.18049084
806.03133334,0.17808162
806.27081839,0.17426010
806.51031335,0.17652394
806.74981822,0.17376164
806.98933300,0.17168472
807.22885768,0.15565094
807.46839227,0.14717713
807.70793675,0.14530790
807.94749114,0.14389560
808.18705542,0.13646024
808.42662959,0.14086330
808.66621364,0.13616948
808.90580759,0.13228565
809.14541141,0.12993873
809.38502512,0.11872339
809.62464871,0.11697878
809.86428217,0.11332341
810.10392550,0.10576344
810.34357870,0.09762193
810.58324177,0.09693655
810.82291470,0.08966735
811.06259749,0.08524352
811.30229015,0.09062273
811.54199265,0.08952196
811.78170501,0.08457891
812.02142722,0.07936585
812.26115928,0.07473433
812.50090118,0.07404895
812.74065292,0.07120357
812.98041450,0.06650974
813.22018592,0.07323895
813.45996717,0.06347745
813.69975825,0.06312437
813.93955916,0.06086054
814.17936989,0.05620825
814.41919045,0.05319672
814.65902083,0.05614594
814.89886102,0.04814981
815.13871102,0.04663367
815.37857084,0.04723597
815.61844047,0.04839904
815.85831990,0.04634290
816.09820913,0.04351829
816.33810817,0.03776524
816.57801700,0.03896985
816.81793562,0.03778601
817.05786404,0.03442141
817.29780225,0.02877220
817.53775024,0.03032988
817.77770801,0.02947835
818.01767557,0.02528298
818.25765290,0.02449375
818.49764001,0.02536606
818.73763689,0.02831528
818.97764354,0.02638374
819.21765996,0.02933296
819.45768614,0.02393298
819.69772209,0.02401606
819.93776779,0.02227145
820.17782324,0.01986223
820.41788845,0.02229222
820.65796341,0.01678840
820.89804812,0.01593686
821.13814257,0.01807608
821.37824677,0.01861608
821.61836070,0.01772301
821.85848437,0.01643532
822.09861777,0.02185607
822.33876090,0.02403683
822.57891376,0.02588529
822.81907635,0.02895912
823.05924866,0.03514833
823.29943069,0.04414137
823.53962243,0.05435979
823.77982389,0.06954204
824.02003506,0.07882585
824.26025594,0.09427810
824.50048652,0.11355187
824.74072681,0.12154799
824.98097680,0.14094638
825.22123648,0.15249403
825.46150586,0.17887085
825.70178493,0.18117623
825.94207369,0.18819620
826.18237214,0.20319153
826.42268027,0.22207068
826.66299808,0.22256914
826.90332557,0.22690990
827.14366273,0.22985912
827.38400957,0.23926754
827.62436608,0.24522829
827.86473225,0.25199903
828.10510809,0.25494825
828.34549359,0.25613209
828.58588874,0.25714978
828.82629356,0.26400360
829.06670802,0.26599744
829.30713214,0.26626744
829.54756590,0.26136592
829.78800931,0.25363979
830.02846236,0.25733670
830.26892505,0.25517671
830.50939738,0.24740905
830.74987934,0.24423137
830.99037093,0.22975527
831.23087215,0.22231991
831.47138299,0.22088684
831.71190346,0.21606840
831.95243355,0.21895531
832.19297325,0.21432379
832.43352257,0.20782305
832.67408150,0.21089688
832.91465003,0.20460383
833.15522818,0.19623386
833.39581592,0.19494617
833.63641327,0.18938004
833.87702022,0.18190315
834.11763676,0.17264011
834.35826289,0.16655474
834.59889861,0.16449860
834.83954392,0.15187095
835.08019881,0.14854789
835.32086328,0.14171484
835.56153733,0.13897331
835.80222095,0.12935719
836.04291415,0.11982415
836.28361692,0.11315726
836.52432926,0.11110111
836.76505116,0.10615805
837.00578262,0.10403960
837.24652364,0.09699886
837.48727421,0.08914812
837.72803434,0.08516044
837.96880402,0.08135969
838.20958325,0.07919970
838.45037202,0.07992662
838.69117033,0.07791201
838.93197819,0.07836893
839.17279558,0.07436048
839.41362250,0.08368583
839.65445896,0.08663505
839.89530494,0.09261657
840.13616045,0.08921043
840.37702548,0.09544117
840.61790003,0.10349960
840.85878410,0.10200422
841.09967768,0.09512963
841.34058078,0.09681194
841.58149338,0.09747655
841.82241549,0.09531656
842.06334710,0.09230503
842.30428821,0.09407041
842.54523883,0.09147426
842.78619893,0.09342656
843.02716853,0.08457891
843.26814762,0.08806812
843.50913619,0.07533663
843.75013425,0.07546125
843.99114179,0.07195126
844.23215881,0.07795355
844.47318530,0.06574129
844.71422127,0.08034200
844.95526670,0.06916820
845.19632161,0.07118280
845.43738597,0.05840978
845.67845980,0.06671744
845.91954309,0.06088130
846.16063584,0.05938593
846.40173803,0.05664440
846.64284968,0.06659282
846.88397078,0.05843054
847.12510132,0.06106823
847.36624130,0.06297899
847.60739073,0.06046592
847.84854959,0.06173284
848.08971788,0.06343591
848.33089561,0.06061131
848.57208276,0.06310360
848.81327934,0.07120357
849.05448534,0.07010281
849.29570076,0.07294818
849.53692560,0.08310430
849.77815986,0.08216968
850.01940353,0.09132888
850.26065660,0.09411195
850.50191908,0.10439268
850.74319097,0.10325037
850.98447225,0.11180726
851.22576294,0.11965800
851.46706301,0.12528644
851.70837248,0.13226488
851.94969135,0.14296099
852.19101959,0.14495483
852.43235722,0.16634705
852.67370424,0.17031396
852.91506063,0.16755166
853.15642640,0.17388625
853.39780154,0.18184084
853.63918605,0.19037696
853.88057992,0.19031465
854.12198317,0.19947385
854.36339577,0.20371075
854.60481773,0.20074077
854.84624905,0.20260999
855.08768973,0.19299387
855.32913975,0.19039773
855.57059912,0.18171622
855.81206784,0.19002388
856.05354590,0.18497698
856.29503330,0.18597390
856.53653004,0.18206930
856.77803611,0.18742774
857.01955151,0.18335699
857.26107624,0.21235072
857.50261030,0.18236007
857.74415367,0.18196545
857.98570637,0.17097857
858.22726839,0.17187165
858.46883972,0.16682474
858.71042037,0.16466475
858.95201032,0.15889093
859.19360958,0.16078092
859.43521814,0.15091557
859.67683601,0.14221330
859.91846317,0.15384402
860.16009963,0.13349026
860.40174538,0.12748797
860.64340042,0.12069646
860.88506474,0.11421648
861.12673835,0.10925266
861.36842125,0.10283499
861.61011342,0.10609575
861.85181487,0.10838035
862.09352559,0.10651113
862.33524558,0.10563882
862.57697484,0.10898266
862.81871336,0.10983419
863.06046114,0.11263803
863.30221819,0.10759112
863.54398449,0.11621032
863.78576004,0.11490187
864.02754485,0.11049881
864.26933890,0.10734189
864.51114220,0.10410191
864.75295474,0.10175499
864.99477653,0.11020804
865.23660755,0.10127730
865.47844780,0.09803732
865.72029728,0.08997888
865.96215600,0.09319810
866.20402394,0.09361349
866.44590110,0.09573194
866.68778748,0.08756966
866.92968308,0.09444425
867.17158790,0.09336426
867.41350193,0.08813043
867.65542516,0.09685347
867.89735761,0.09920039
868.13929926,0.10019731
868.38125011,0.10001038
868.62321015,0.10366576
868.86517940,0.10449652
869.10715783,0.09969885
869.34914546,0.09793347
869.59114227,0.09915885
869.83314827,0.09668732
870.07516344,0.09494271
870.31718780,0.09172349
870.55922133,0.09982346
870.80126404,0.09305272
871.04331592,0.09269964
871.28537696,0.09236734
871.52744717,0.08725813
871.76952655,0.08557582
872.01161508,0.09533733
872.25371277,0.09105888
872.49581961,0.08678044
872.73793560,0.09016581
872.98006075,0.08871197
873.22219503,0.09124580
873.46433846,0.09124580
873.70649103,0.08700890
873.94865274,0.07508740
874.19082358,0.07325972
874.43300356,0.07236664
874.67519266,0.06599052
874.91739089,0.05714286
875.15959824,0.05830593
875.40181471,0.05288518
875.64404031,0.05583440
875.88627501,0.05051750
876.12851883,0.04860674
876.37077176,0.04914673
876.61303379,0.04256291
876.85530493,0.04264599
877.09758517,0.03743293
877.33987451,0.03697601
877.58217294,0.04088061
877.82448047,0.03880370
878.06679709,0.04893904
878.30912279,0.04285368
878.55145758,0.04802520
878.79380145,0.05172211
879.03615440,0.05240749
879.27851643,0.05548133
879.52088753,0.05828516
879.76326770,0.05803593
880.00565694,0.06694590
880.24805524,0.06950050
880.49046260,0.07249126
880.73287903,0.07062204
880.97530451,0.07394510
881.21773905,0.07271972
881.46018264,0.07112050
881.70263527,0.08327045
881.94509695,0.08206584
882.18756768,0.07888816
882.43004744,0.08270968
882.67253625,0.08420506
882.91503409,0.08233584
883.15754095,0.07957354
883.40005685,0.07404895
883.64258178,0.07801585
883.88511573,0.07317664
884.12765869,0.07207588
884.37021068,0.06906435
884.61277168,0.07371664
884.85534170,0.06576205
885.09792072,0.06434975
885.34050876,0.06046592
885.58310579,0.06530513
885.82571183,0.06499360
886.06832686,0.05965592
886.31095090,0.06214822
886.55358392,0.05791132
886.79622594,0.06121361
887.03887694,0.05408979
887.28153693,0.05554363
887.52420589,0.05622901
887.76688384,0.05589671
888.00957077,0.05354979
888.25226667,0.04841981
888.49497154,0.05240749
888.73768537,0.05481671
888.98040818,0.04879366
889.22313994,0.04366368
889.46588067,0.04696597
889.70863035,0.03965523
889.95138899,0.03930216
890.19415657,0.03703832
890.43693311,0.03666447
890.67971859,0.03386064
890.92251302,0.03230295
891.16531639,0.03082834
891.40812869,0.02553221
891.65094993,0.02659144
891.89378010,0.02775451
892.13661920,0.02492990
892.37946723,0.02767143
892.62232418,0.02434837
892.86519005,0.03012219
893.10806484,0.02924989
893.35094854,0.03687217
893.59384116,0.03041296
893.83674269,0.03928139
894.07965312,0.04046523
894.32257246,0.04409983
894.56550070,0.04482675
894.80843784,0.05222057
895.05138388,0.05039288
895.29433881,0.05795285
895.53730263,0.04935443
895.78027533,0.05583440
896.02325692,0.05114057
896.26624740,0.05134826
896.50924675,0.05616671
896.75225498,0.05683132
896.99527208,0.05832670
897.23829806,0.05635363
897.48133290,0.05928208
897.72437661,0.05612517
897.96742918,0.05606286
898.21049061,0.05494133
898.45356090,0.05778670
898.69664005,0.06202361
898.93972804,0.05651978
899.18282488,0.06200284
899.42593057,0.06106823
899.66904511,0.05462979
899.91216848,0.05597978
900.15530069,0.04949981
900.39844174,0.05730901
900.64159162,0.05305133
900.88475033,0.05608363
901.12791786,0.06331129
901.37109422,0.06254284
901.61427940,0.05948977
901.85747340,0.06403822
902.10067621,0.06617744
902.34388784,0.07400741
902.58710827,0.07103742
902.83033752,0.06810897
903.07357557,0.07350895
903.31682242,0.06987435
903.56007807,0.07309357
903.80334251,0.07816124
904.04661575,0.07639586
904.28989778,0.08520198
904.53318860,0.08702967
904.77648820,0.08480737
905.01979659,0.08927273
905.26311375,0.08312506
905.50643969,0.08416352
905.74977441,0.08582505
905.99311789,0.08555506
906.23647015,0.08837966
906.47983117,0.08435044
906.72320095,0.08106892
906.96657950,0.08374814
907.20996680,0.07899200
907.45336285,0.08686351
907.69676766,0.08630274
907.94018122,0.08794351
908.18360352,0.08198276
908.42703457,0.08470352
908.67047435,0.07693586
908.91392288,0.07487971
909.15738014,0.07784970
909.40084613,0.07421510
909.64432085,0.07828585
909.88780430,0.07693586
910.13129648,0.07560663
910.37479737,0.07662432
910.61830699,0.07965662
910.86182531,0.07797432
911.10535236,0.07257434
911.34888811,0.07818201
911.59243257,0.06580359
911.83598573,0.06727820
912.07954760,0.06397591
912.32311816,0.06557513
912.56669743,0.07325972
912.81028538,0.06956281
913.05388203,0.06337360
913.29748736,0.07400741
913.54110138,0.07263664
913.78472408,0.07211741
914.02835547,0.07128665
914.27199552,0.07274049
914.51564426,0.07413202
914.75930166,0.07475510
915.00296774,0.07379972
915.24664247,0.08123507
915.49032588,0.07674894
915.73401794,0.07876354
915.97771866,0.07892970
916.22142803,0.08324968
916.46514606,0.08671813
916.70887274,0.08445429
916.95260806,0.07755893
917.19635202,0.08877427
917.44010463,0.08597044
917.68386588,0.09070580
917.92763576,0.09139119
918.17141427,0.09953269
918.41520141,0.10937727
918.65899718,0.10331268
918.90280158,0.10887881
919.14661459,0.11380110
919.39043623,0.12055107
919.63426648,0.13284641
919.87810534,0.13450794
920.12195281,0.14073869
920.36580890,0.13315795
920.60967358,0.13504794
920.85354687,0.13299180
921.09742876,0.13801793
921.34131924,0.13841254
921.58521832,0.13749870
921.82912599,0.12998027
922.07304225,0.12628336
922.31696709,0.11677109
922.56090052,0.11870262
922.80484252,0.11633494
923.04879310,0.11618955
923.29275226,0.10916958
923.53671999,0.10823497
923.78069629,0.09130811
924.02468115,0.09674963
924.26867458,0.08954273
924.51267656,0.08256430
924.75668711,0.07901277
925.00070621,0.07550279
925.24473386,0.06812974
925.48877006,0.06601128
925.73281481,0.05971823
925.97686810,0.05018519
926.22092994,0.04900135
926.46500031,0.04630136
926.70907921,0.04058984
926.95316665,0.04528367
927.19726262,0.04135830
927.44136712,0.03803524
927.68548014,0.03479525
927.92960168,0.03643601
928.17373175,0.03155526
928.41787032,0.02995604
928.66201741,0.02929143
928.90617302,0.02711066
929.15033713,0.02659144
929.39450974,0.02596836
929.63869086,0.02507529
929.88288047,0.02654990
930.12707859,0.02447298
930.37128520,0.02933296
930.61550029,0.02077607
930.85972388,0.02434837
931.10395595,0.01714147
931.34819651,0.02162761
931.59244554,0.02200145
931.83670306,0.02096300
932.08096904,0.02519990
932.32524350,0.02808682
932.56952643,0.03041296
932.81381782,0.03423448
933.05811768,0.02958219
933.30242600,0.04314445
933.54674278,0.04050677
933.79106801,0.05055904
934.03540169,0.04619751
934.27974382,0.04812905
934.52409440,0.05319672
934.76845343,0.05816055
935.01282089,0.05886670
935.25719680,0.06594898
935.50158114,0.06669667
935.74597391,0.06364360
935.99037511,0.06410052
936.23478474,0.06239745
936.47920279,0.06113053
936.72362927,0.07045588
936.96806417,0.05880439
937.21250748,0.06324899
937.45695920,0.06108900
937.70141934,0.05597978
937.94588788,0.05502440
938.19036483,0.05363287
938.43485019,0.06380975
938.67934394,0.05857593
938.92384608,0.05431825
939.16835663,0.05633286
939.41287556,0.05926131
939.65740288,0.05957285
939.90193859,0.05168057
940.14648268,0.05317595
940.39103515,0.04783828
940.63559600,0.05276057
940.88016523,0.05240749
941.12474282,0.05361210
941.36932879,0.05057981
941.61392312,0.05066288
941.85852581,0.04997750
942.10313687,0.04883520
942.34775628,0.04960366
942.59238405,0.04991519
942.83702017,0.04829520
943.08166464,0.05656132
943.32631746,0.05361210
943.57097862,0.05363287
943.81564813,0.05456748
944.06032597,0.05583440
944.30501215,0.05363287
944.54970666,0.05676901
944.79440950,0.05234518
945.03912067,0.05132749
945.28384016,0.05631209
945.52856798,0.05109903
945.77330412,0.05057981
946.01804857,0.04567829
946.26280133,0.04432829
946.50756241,0.04690367
946.75233179,0.04985289
946.99710948,0.05143134
947.24189548,0.05398595
947.48668977,0.05124442
947.73149236,0.05552286
947.97630324,0.05132749
948.22112242,0.05114057
948.46594988,0.05394441
948.71078563,0.05030981
948.95562966,0.05186749
949.20048198,0.04382983
949.44534257,0.04106753
949.69021144,0.04189830
949.93508857,0.04594828
950.17997398,0.04345599
950.42486766,0.03734986
950.66976959,0.04576136
950.91467979,0.03670601
951.15959825,0.03980062
951.40452496,0.03543909
951.64945993,0.03604140
951.89440314,0.04436983
952.13935461,0.03514833
952.38431431,0.03452525
952.62928226,0.03211603
952.87425845,0.03514833
953.11924287,0.03957216
953.36423553,0.03332064
953.60923642,0.02729759
953.85424553,0.03001835
954.09926287,0.02684067
954.34428843,0.02403683
954.58932222,0.02488837
954.83436421,0.02754682
955.07941443,0.02357991
955.32447285,0.02015300
955.56953948,0.02382914
955.81461432,0.02308145
956.05969736,0.01838762
956.30478860,0.01385995
956.54988803,0.01672609
956.79499567,0.01628994
957.04011149,0.01890685
957.28523550,0.01363149
957.53036770,0.01313303
957.77550808,0.01614455
958.02065664,0.01685070
958.26581338,0.01120150
958.51097830,0.01371456
958.75615139,0.01307072
959.00133264,0.01948839
959.24652207,0.00864689
959.49171965,0.01849147
959.73692540,0.01319533
959.98213931,0.01265534
960.22736137,0.01354841
960.47259159,0.01909377
960.71782995,0.05209595
960.96307647,0.02038146
961.20833112,0.02146146
961.45359392,0.02800374
961.69886486,0.02532452
961.94414394,0.02935373
962.18943115,0.02873066
962.43472648,0.02854374
962.68002995,0.03109834
962.92534154,0.03525217
963.17066126,0.03001835
963.41598909,0.03271834
963.66132504,0.03386064
963.90666911,0.03689294
964.15202128,0.03705909
964.39738157,0.04418291
964.64274996,0.04191907
964.88812645,0.04858597
965.13351104,0.04065215
965.37890374,0.04468137
965.62430452,0.04268753
965.86971340,0.04164907
966.11513036,0.04520060
966.36055542,0.04293676
966.60598855,0.04447368
966.85142977,0.04264599
967.09687907,0.04065215
967.34233644,0.03977985
967.58780188,0.04362214
967.83327539,0.03988369
968.07875697,0.04474367
968.32424661,0.05014365
968.56974432,0.04250061
968.81525008,0.04077677
969.06076390,0.04403752
969.30628577,0.05033058
969.55181570,0.05359133
969.79735367,0.05693517
970.04289968,0.05228288
970.28845374,0.05674824
970.53401583,0.05585517
970.77958597,0.06304130
971.02516413,0.05645748
971.27075033,0.06200284
971.51634455,0.05921977
971.76194680,0.06902281
972.00755708,0.06320745
972.25317537,0.07348818
972.49880168,0.07259511
972.74443600,0.07386202
972.99007834,0.07369587
973.23572868,0.07296895
973.48138703,0.07440202
973.72705338,0.06771435
973.97272774,0.07028973
974.21841009,0.06567898
974.46410043,0.06827512
974.70979877,0.06505590
974.95550510,0.05639517
975.20121941,0.06040361
975.44694171,0.05784901
975.69267199,0.05591748
975.93841024,0.05915746
976.18415647,0.05849285
976.42991068,0.05944823
976.67567285,0.05548133
976.92144299,0.05585517
977.16722110,0.05685209
977.41300717,0.06293745
977.65880119,0.06119284
977.90460317,0.05558517
978.15041311,0.06164976
978.39623099,0.05492056
978.64205683,0.05703901
978.88789061,0.05346672
979.13373233,0.05109903
979.37958199,0.04270830
979.62543958,0.03996677
979.87130511,0.04129600
980.11717857,0.04331060
980.36305996,0.03905293
980.60894928,0.04106753
980.85484651,0.04142061
981.10075167,0.04355983
981.34666475,0.04081830
981.59258573,0.04193984
981.83851463,0.03809755
982.08445144,0.04042369
982.33039616,0.03159680
982.57634878,0.03070373
982.82230930,0.02777528
983.06827771,0.02823220
983.31425403,0.02758836
983.56023823,0.02428606
983.80623032,0.03080757
984.05223031,0.02260376
984.29823817,0.02519990
984.54425391,0.02704836
984.79027754,0.02092146
985.03630904,0.02582298
985.28234841,0.02428606
985.52839565,0.02746374
985.77445076,0.02490913
986.02051374,0.03116065
986.26658457,0.02436914
986.51266327,0.03595832
986.75874982,0.03155526
987.00484422,0.03203295
987.25094647,0.03674755
987.49705658,0.03687217
987.74317452,0.03537679
987.98930031,0.03815985
988.23543394,0.04181522
988.48157541,0.04173215
988.72772471,0.04416214
988.97388184,0.04929212
989.22004680,0.04563675
989.46621959,0.04738136
989.71240020,0.04349753
989.95858862,0.04952058
990.20478487,0.04420368
990.45098893,0.05672747
990.69720080,0.05062134
990.94342048,0.05427671
991.18964797,0.05022673
991.43588326,0.05157672
991.68212635,0.04985289
991.92837724,0.05016442
992.17463593,0.04866904
992.42090240,0.04665444
992.66717667,0.03969677
992.91345872,0.03776524
993.15974856,0.03280141
993.40604618,0.03635294
993.65235158,0.03180449
993.89866475,0.03284295
994.14498570,0.03109834
994.39131441,0.02748451
994.63765090,0.03041296
994.88399515,0.02598913
995.13034716,0.02613451
995.37670693,0.02825297
995.62307445,0.02297760
995.86944973,0.02144069
996.11583276,0.02235453
996.36222354,0.02355914
996.60862206,0.02141992
996.85502833,0.02069300
997.10144233,0.01855377
997.34786408,0.01836685
997.59429355,0.02075530
997.84073076,0.01755686
998.08717570,0.01209457
998.33362836,0.01577071
998.58008875,0.01269687
998.82655685,0.01404687
999.07303267,0.02339299
999.31951621,0.01595763
999.56600746,0.01115996
999.81250642,0.01284226
1000.05901309,0.01186611
1000.30552746,0.01221918
1000.55204953,0.00904150
1000.79857929,0.01612378
1001.04511676,0.01529302
1001.29166191,0.01616532
1001.53821476,0.00976842
1001.78477529,0.01340303
1002.03134351,0.01242688
1002.27791941,0.01402610
1002.52450299,0.01402610
1002.77109424,0.01201149
1003.01769317,0.01107688
1003.26429976,0.01348610
1003.51091403,0.01132611
1003.75753596,0.01342379
1004.00416555,0.00972689
1004.25080280,0.01645609
1004.49744771,0.01182457
1004.74410027,0.01016304
1004.99076048,0.01103534
1005.23742834,0.01221918
1005.48410384,0.01761916
1005.73078699,0.01263457
1005.97747778,0.01662224
1006.22417620,0.01336149
1006.47088226,0.01327841
1006.71759595,0.01739070
1006.96431727,0.02017377
1007.21104622,0.01668455
1007.45778279,0.01944685
1007.70452698,0.01269687
1007.95127879,0.01701686
1008.19803821,0.01641455
1008.44480524,0.02200145
1008.69157988,0.02110838
1008.93836213,0.02092146
1009.18515199,0.01500225
1009.43194944,0.01892762
1009.67875450,0.01903147
1009.92556715,0.01473225
1010.17238739,0.01917685
1010.41921522,0.01712070
1010.66605064,0.01616532
1010.91289364,0.01693378
1011.15974422,0.01280072
1011.40660239,0.01331995
1011.65346813,0.01373533
1011.90034144,0.02463914
1012.14722232,0.01614455
1012.39411078,0.01402610
1012.64100679,0.01668455
1012.88791037,0.01697532
1013.13482151,0.01720378
1013.38174020,0.01919762
1013.62866645,0.02241684
1013.87560025,0.02330991
1014.12254160,0.01705840
1014.36949049,0.01996608
1014.61644693,0.02499221
1014.86341091,0.01759839
1015.11038242,0.01734916
1015.35736147,0.02052684
1015.60434805,0.01878224
1015.85134216,0.01807608
1016.09834379,0.01741147
1016.34535295,0.01963377
1016.59236963,0.02002838
1016.83939383,0.01863685
1017.08642554,0.02025685
1017.33346476,0.02056838
1017.58051150,0.01813839
1017.82756574,0.01539686
1018.07462748,0.01510610
1018.32169673,0.01894839
1018.56877347,0.01228149
1018.81585771,0.02098377
1019.06294945,0.01491917
1019.31004867,0.00937381
1019.55715538,0.00812766
1019.80426957,0.01390148
1020.05139125,0.01736993
1020.29852041,0.01579148
1020.54565704,0.00978919
1020.79280114,0.01213611
1021.03995272,0.00733843
1021.28711177,0.01302918
1021.53427828,0.00972689
1021.78145225,0.01203226
1022.02863368,0.00881304
1022.27582257,0.00798228
1022.52301891,0.01601994
1022.77022270,0.01174149
1023.01743395,0.00821074
1023.26465263,0.00956073
1023.51187876,0.00156461
1023.75911234,0.00814843
1024.00635335,0.00737997
1024.25360179,0.00524075
1024.50085766,0.00534459
1024.74812097,0.00669459
1024.99539170,0.00600921
1025.24266985,0.00632074
1025.48995543,0.00389075
1025.73724842,0.00530306
1025.98454883,0.00891689
1026.23185665,0.00357922
1026.47917188,0.00289384
1026.72649452,0.00791997
1026.97382456,0.00816920
1027.22116200,0.00108692
1027.46850685,0.00328845
1027.71585908,0.00490844
1027.96321872,0.00397383
1028.21058574,0.00291460
1028.45796014,-0.01214303
1028.70534194,-0.01311918
1028.95273111,-0.01436533
1029.20012767,-0.01239226
1029.44753160,-0.01270380
1029.69494290,-0.01232995
