198.80933475,0.00892408
199.01143578,0.00925620
199.21355429,0.00307041
199.41569028,-0.00016779
199.61784374,0.00136828
199.82001468,0.00203252
200.02220309,0.00466875
200.22440896,0.00033039
200.42663230,0.00244768
200.62887310,0.00165889
200.83113136,0.00257222
201.03340708,-0.00012628
201.23570025,0.00199101
201.43801087,0.00446117
201.64033894,0.00406678
201.84268445,0.00375541
202.04504741,0.00313268
202.24742780,0.00238540
202.44982564,0.00157585
202.65224090,-0.00101886
202.85467360,0.00394223
203.05712372,0.00361011
203.25959128,-0.00014703
203.46207625,0.00230237
203.66457864,0.00138904
203.86709846,0.00417057
204.06963568,0.00668225
204.27219032,0.00346480
204.47476237,0.00277980
204.67735182,0.00128525
204.87995868,0.01083378
205.08258293,0.00581042
205.28522459,0.00346480
205.48788364,0.00213631
205.69056008,0.00174192
205.89325391,0.00632937
206.09596513,0.00236465
206.29869374,0.00670300
206.50143972,0.00587270
206.70420308,0.00487633
206.90698382,0.00248919
207.10978194,0.00188722
207.31259742,0.00672376
207.51543027,0.00010206
207.71828048,0.00363087
207.92114806,0.00120222
208.12403299,0.00842589
208.32693528,0.00211555
208.52985493,0.00398375
208.73279193,-0.00186992
208.93574627,0.00977514
209.13871796,0.00518769
209.34170699,0.00369314
209.54471336,-0.00093583
209.74773707,0.00471027
209.95077811,0.00070403
210.15383649,0.00226086
210.35691219,0.00280056
210.56000522,0.00437814
210.76311557,-0.00060370
210.96624324,0.00759558
211.16938823,0.00024736
211.37255053,0.00230237
211.57573015,-0.00110189
211.77892707,0.00477254
211.98214130,0.00170040
212.18537284,0.00261374
212.38862167,0.00172116
212.59188781,0.00165889
212.79517124,0.00097388
212.99847196,-0.00066598
213.20178997,0.00294586
213.40512527,0.00701437
213.60847785,0.00136828
213.81184772,0.00238540
214.01523486,-0.00240962
214.21863928,0.00500087
214.42206097,0.00282132
214.62549993,0.00255147
214.82895616,-0.00004325
215.03242966,0.00352708
215.23592042,0.00244768
215.43942843,0.00302889
215.64295370,0.00211555
215.84649623,0.00450269
216.05005601,0.00707664
216.25363303,0.00441966
216.45722731,0.00280056
216.66083882,0.00109843
216.86446757,0.00167964
217.06811356,0.00024736
217.27177679,0.00610103
217.47545724,0.00221934
217.67915493,-0.00039613
217.88286984,0.00313268
218.08660198,0.00331950
218.29035133,0.00909014
218.49411790,0.00875802
218.69790169,0.00201177
218.90170269,0.00134752
219.10552090,0.00564436
219.30935632,0.00612179
219.51320894,0.00284207
219.71707876,0.00055873
219.92096578,0.00618406
220.12486999,0.00066252
220.32879140,0.00591421
220.53272999,-0.00025082
220.73668578,0.00425360
220.94065875,0.00603876
221.14464890,-0.00128871
221.34865623,0.00327799
221.55268073,0.00153434
221.75672241,-0.00147553
221.96078126,0.00176267
222.16485728,-0.00193220
222.36895046,0.00087009
222.57306080,0.00365162
222.77718831,0.00205328
222.98133297,-0.00240962
223.18549478,0.00475178
223.38967375,-0.00110189
223.59386986,-0.00108113
223.79808312,-0.00118492
224.00231352,0.00307041
224.20656106,0.00508390
224.41082574,0.00371390
224.61510756,0.00935999
224.81940650,-0.00135098
225.02372258,0.00084934
225.22805578,0.00151358
225.43240610,-0.00068673
225.63677355,0.00375541
225.84115811,-0.00282478
226.04555979,0.00201177
226.24997858,0.00008130
226.45441448,0.00068327
226.65886748,0.00688982
226.86333759,0.00213631
227.06782480,0.00373465
227.27232911,0.00224010
227.47685052,0.00035115
227.68138902,0.00390072
227.88594461,-0.00099810
228.09051728,0.00290435
228.29510704,0.00255147
228.49971389,0.00682755
228.70433781,0.00402526
228.90897881,0.00618406
229.11363688,0.00140979
229.31831202,0.00466875
229.52300423,0.00425360
229.72771350,-0.00014703
229.93243984,0.00111919
230.13718324,0.00140979
230.34194369,0.00248919
230.54672120,0.00796922
230.75151576,0.00020585
230.95632737,0.00707664
231.16115602,0.00205328
231.36600172,-0.00020931
231.57086446,0.00128525
231.77574423,0.00282132
231.98064104,-0.00336448
232.18555488,0.00055873
232.39048575,0.00504239
232.59543365,0.00132676
232.80039857,-0.00182841
233.00538051,0.00562360
233.21037947,0.00446117
233.41539544,0.01880474
233.62042843,0.00298738
233.82547842,0.00282132
234.03054543,0.00740877
234.23562943,0.00066252
234.44073044,0.00084934
234.64584845,0.00307041
234.85098345,0.00226086
235.05613545,0.00319495
235.26130444,0.00392147
235.46649041,0.00234389
235.67169337,0.00610103
235.87691331,0.00834286
236.08215023,0.00099464
236.28740413,0.00475178
236.49267500,0.00352708
236.69796284,0.00095312
236.90326765,0.00375541
237.10858942,0.00464799
237.31392816,0.00346480
237.51928386,0.00495936
237.72465651,0.00068327
237.93004612,-0.00000173
238.13545268,0.00020585
238.34087619,0.00342329
238.54631664,0.00113994
238.75177404,0.00180419
238.95724838,-0.00114340
239.16273965,0.00551982
239.36824786,0.00564436
239.57377300,0.00263450
239.77931508,0.00578967
239.98487407,0.00338177
240.19045000,0.00500087
240.39604284,0.00317420
240.60165260,-0.00087355
240.80727928,0.00221934
241.01292287,0.00404602
241.21858337,0.00375541
241.42426077,0.00136828
241.62995508,0.00246844
241.83566630,-0.00068673
242.04139441,0.00242692
242.24713941,0.00323647
242.45290131,0.00188722
242.65868010,0.00437814
242.86447578,-0.00197371
243.07028835,0.00500087
243.27611779,0.00626709
243.48196412,0.00506315
243.68782732,0.00145131
243.89370739,-0.00027158
244.09960434,0.00132676
244.30551816,0.00520845
244.51144884,0.00128525
244.71739638,0.00161737
244.92336078,0.00253071
245.12934204,0.00105691
245.33534016,0.00132676
245.54135512,-0.00070749
245.74738694,0.00140979
245.95343560,0.00172116
246.15950110,0.00568588
246.36558345,0.00062100
246.57168263,0.00419132
246.77779865,0.00130600
246.98393150,0.00452345
247.19008118,0.00003979
247.39624769,0.00394223
247.60243102,0.00298738
247.80863117,0.00475178
248.01484814,0.00406678
248.22108192,0.00238540
248.42733252,-0.00025082
248.63359993,0.00014357
248.83988415,-0.00282478
249.04618517,0.00471027
249.25250299,-0.00093583
249.45883761,-0.00103961
249.66518903,0.00186646
249.87155724,0.00039267
250.07794224,0.00566512
250.28434403,0.00192874
250.49076260,0.00757483
250.69719796,-0.00205674
250.90365009,0.00022660
251.11011901,0.00062100
251.31660469,0.00402526
251.52310715,0.00288359
251.72962638,0.00456496
251.93616237,0.00234389
252.14271513,0.00242692
252.34928464,0.00062100
252.55587091,0.00060024
252.76247394,0.00250995
252.96909372,0.00288359
253.17573025,0.00084934
253.38238352,0.00014357
253.58905354,0.00290435
253.79574030,0.00107767
254.00244380,0.00248919
254.20916403,0.00942226
254.41590099,0.00495936
254.62265469,0.00157585
254.82942511,0.00053797
255.03621225,0.00174192
255.24301612,0.00138904
255.44983670,-0.00045840
255.65667400,0.00371390
255.86352802,0.00153434
256.07039874,0.00078706
256.27728617,-0.00076976
256.48419031,0.00454420
256.69111115,0.00533300
256.89804868,0.00296662
257.10500292,-0.00010552
257.31197384,0.00342329
257.51896146,0.00680679
257.72596577,-0.00162083
257.93298676,0.00157585
258.14002443,0.00491784
258.34707878,0.00213631
258.55414981,0.00271753
258.76123752,0.00028888
258.96834190,0.00493860
259.17546294,-0.00162083
259.38260065,-0.00284553
259.58975502,-0.00000173
259.79692606,0.00197025
260.00411375,0.00209480
260.21131810,-0.00224356
260.41853909,0.00334026
260.62577674,0.00082858
260.83303103,0.00298738
261.04030197,-0.00251341
261.24758955,0.00001903
261.45489377,-0.00049991
261.66221462,0.00385920
261.86955210,0.00334026
262.07690622,0.00248919
262.28427696,-0.00031310
262.49166433,-0.00195295
262.69906831,0.00456496
262.90648892,0.00030964
263.11392614,-0.00062446
263.32137998,0.00522921
263.52885042,0.00327799
263.73633747,0.00637088
263.94384113,0.00020585
264.15136139,0.00298738
264.35889825,0.00911090
264.56645171,0.00647467
264.77402176,0.00049645
264.98160840,0.00280056
265.18921163,0.00080782
265.39683144,-0.00149628
265.60446784,0.00691058
265.81212081,-0.00016779
266.01979037,0.00334026
266.22747650,0.00207404
266.43517920,0.00226086
266.64289847,-0.00056219
266.85063430,0.00018509
267.05838670,-0.00000173
267.26615566,0.00392147
267.47394117,-0.00203598
267.68174324,-0.00112265
267.88956187,0.00331950
268.09739704,0.00263450
268.30524876,0.00292510
268.51311702,0.00763710
268.72100183,-0.00294932
268.92890317,-0.00118492
269.13682105,-0.00272099
269.34475546,-0.00093583
269.55270640,0.00089085
269.76067387,0.00390072
269.96865786,-0.00110189
270.17665838,-0.00126795
270.38467541,0.00120222
270.59270896,0.00367238
270.80075902,0.00132676
271.00882560,0.00188722
271.21690868,-0.00079052
271.42500826,0.00300814
271.63312435,0.00350632
271.84125694,0.00163813
272.04940602,0.00726346
272.25757160,0.00055873
272.46575367,0.00549906
272.67395223,0.00197025
272.88216727,0.00105691
273.09039880,0.00950529
273.29864681,0.00064176
273.50691129,0.00155510
273.71519225,0.00219859
273.92348968,0.00111919
274.13180358,0.00161737
274.34013395,-0.00253417
274.54848077,0.00244768
274.75684406,0.00087009
274.96522381,0.00186646
275.17362001,-0.00396645
275.38203267,0.00591421
275.59046177,0.00097388
275.79890732,0.00379693
276.00736932,0.00311192
276.21584776,-0.00128871
276.42434263,-0.00060370
276.63285394,-0.00297008
276.84138169,-0.00056219
277.04992586,0.00255147
277.25848646,0.00170040
277.46706349,0.00047570
277.67565694,-0.00533646
277.88426680,0.00064176
278.09289309,-0.00008476
278.30153578,-0.00186992
278.51019489,0.00323647
278.71887041,0.00180419
278.92756233,0.00421208
279.13627065,0.00444042
279.34499537,0.00151358
279.55373649,0.00483481
279.76249401,0.01025257
279.97126791,0.00493860
280.18005820,-0.00020931
280.38886488,0.00387996
280.59768795,-0.00182841
280.80652739,0.00045494
281.01538321,0.00132676
281.22425540,0.00087009
281.43314397,0.00280056
281.64204891,-0.00166235
281.85097021,0.00423284
282.05990788,0.00138904
282.26886190,0.00170040
282.47783229,-0.00164159
282.68681903,0.00433663
282.89582212,-0.00027158
283.10484156,0.00257222
283.31387735,-0.00043764
283.52292949,-0.00031310
283.73199796,0.00080782
283.94108277,0.00290435
284.15018392,0.00006054
284.35930141,0.00219859
284.56843522,0.00199101
284.77758536,0.00394223
284.98675183,0.00122297
285.19593461,0.00852968
285.40513372,0.00423284
285.61434914,0.00392147
285.82358088,-0.00392493
286.03282893,0.00163813
286.24209328,0.00417057
286.45137395,0.00039267
286.66067091,0.00410829
286.86998417,0.00390072
287.07931373,0.00454420
287.28865959,0.00404602
287.49802174,0.00255147
287.70740017,-0.00099810
287.91679489,0.00313268
288.12620590,0.00109843
288.33563318,-0.00122643
288.54507675,0.00238540
288.75453658,-0.00054143
288.96401269,0.00118146
289.17350507,-0.00031310
289.38301372,0.00394223
289.59253863,0.00053797
289.80207980,0.00385920
290.01163723,0.00213631
290.22121091,0.00282132
290.43080085,0.00346480
290.64040703,0.00277980
290.85002947,0.00566512
291.05966815,0.00259298
291.26932307,0.00539527
291.47899422,-0.00020931
291.68868162,0.00377617
291.89838525,0.00082858
292.10810511,0.00757483
292.31784119,0.00313268
292.52759350,-0.00180765
292.73736204,0.00365162
292.94714679,0.00047570
293.15694776,0.00084934
293.36676494,-0.00012628
293.57659834,0.00180419
293.78644794,-0.00058295
293.99631375,-0.00079052
294.20619576,0.00500087
294.41609397,0.00734649
294.62600838,0.00323647
294.83593898,0.00379693
295.04588578,0.00003979
295.25584876,-0.00286629
295.46582793,-0.00068673
295.67582328,0.00394223
295.88583481,0.00037191
296.09586253,0.00138904
296.30590641,0.00298738
296.51596647,0.00097388
296.72604270,-0.00193220
296.93613509,0.00392147
297.14624365,-0.00394569
297.35636837,0.00072479
297.56650925,0.00182495
297.77666629,-0.00006400
297.98683947,-0.00261720
298.19702881,0.00203252
298.40723429,0.00107767
298.61745592,0.00319495
298.82769369,0.00402526
299.03794760,0.00628785
299.24821765,-0.00222280
299.45850383,0.00383844
299.66880614,0.00138904
299.87912458,-0.00189068
300.08945914,-0.00226432
300.29980983,0.00317420
300.51017663,0.00053797
300.72055955,0.00877877
300.93095859,0.00350632
301.14137374,0.00055873
301.35180499,-0.00081128
301.56225235,0.00016433
301.77271582,-0.00353054
301.98319538,0.00915241
302.19369105,-0.00261720
302.40420280,-0.00058295
302.61473065,0.00591421
302.82527459,0.00369314
303.03583461,-0.00238886
303.24641072,0.00064176
303.45700291,0.00109843
303.66761117,0.00178343
303.87823552,0.00485557
304.08887593,0.00113994
304.29953241,-0.00004325
304.51020496,-0.00184916
304.72089358,0.00485557
304.93159825,0.00290435
305.14231899,-0.00004325
305.35305578,0.00338177
305.56380862,0.00221934
305.77457752,0.00161737
305.98536246,0.00331950
306.19616344,0.00188722
306.40698047,0.00250995
306.61781354,0.00157585
306.82866264,0.00265525
307.03952778,0.00182495
307.25040895,0.00230237
307.46130614,0.00275904
307.67221937,0.00051721
307.88314861,-0.00135098
308.09409387,0.00373465
308.30505515,0.00045494
308.51603245,0.00450269
308.72702576,-0.00060370
308.93803507,-0.00027158
309.14906039,0.00138904
309.36010172,0.00180419
309.57115904,0.00547830
309.78223236,0.00294586
309.99332168,0.00211555
310.20442699,0.00361011
310.41554829,0.00176267
310.62668557,-0.00176613
310.83783884,0.00244768
311.04900809,-0.00319841
311.26019332,0.00045494
311.47139452,0.00157585
311.68261169,0.00313268
311.89384484,0.00500087
312.10509395,0.00311192
312.31635903,0.00317420
312.52764007,0.00089085
312.73893706,-0.00031310
312.95025002,0.00097388
313.16157892,-0.00070749
313.37292378,0.00570664
313.58428458,0.00234389
313.79566133,0.00111919
314.00705402,0.00325723
314.21846266,0.00207404
314.42988722,-0.00193220
314.64132772,0.00255147
314.85278416,0.00014357
315.06425652,0.00975438
315.27574480,-0.00294932
315.48724901,0.00385920
315.69876914,0.00045494
315.91030518,0.00192874
316.12185715,-0.00014703
316.33342502,0.00082858
316.54500880,0.00358935
316.75660848,0.00352708
316.96822407,0.00199101
317.17985556,0.00089085
317.39150295,0.00043418
317.60316624,0.00111919
317.81484541,0.00068327
318.02654048,0.00292510
318.23825143,0.00394223
318.44997826,0.00120222
318.66172098,0.00012282
318.87347957,0.00788619
319.08525404,0.00288359
319.29704439,0.00263450
319.50885060,0.00140979
319.72067268,0.00300814
319.93251063,0.00176267
320.14436443,0.00224010
320.35623410,0.00724270
320.56811962,0.00458572
320.78002100,-0.00230583
320.99193822,0.00045494
321.20387130,-0.00054143
321.41582021,0.00170040
321.62778498,0.00545754
321.83976558,0.00192874
322.05176201,0.00464799
322.26377428,-0.00045840
322.47580239,0.00568588
322.68784632,0.00435739
322.89990607,0.00082858
323.11198165,-0.00172462
323.32407305,0.00290435
323.53618027,0.00128525
323.74830330,-0.00049991
323.96044215,0.00261374
324.17259680,0.00543679
324.38476726,0.00444042
324.59695352,0.00066252
324.80915558,0.00190798
325.02137344,0.00070403
325.23360710,0.00018509
325.44585655,0.00468951
325.65812178,0.00462724
325.87040281,0.00076630
326.08269962,0.00408754
326.29501221,-0.00157931
326.50734058,0.00379693
326.71968472,-0.00118492
326.93204464,0.00855044
327.14442032,0.00643315
327.35681178,0.00317420
327.56921900,-0.00004325
327.78164198,0.00155510
327.99408072,-0.00153780
328.20653522,0.00197025
328.41900547,-0.00135098
328.63149147,0.00207404
328.84399322,0.00157585
329.05651071,0.00122297
329.26904395,0.00047570
329.48159293,0.00275904
329.69415764,0.00184570
329.90673809,0.00199101
330.11933427,0.00053797
330.33194617,0.00410829
330.54457381,0.00093237
330.75721716,-0.00068673
330.96987624,-0.00137174
331.18255104,0.00267601
331.39524154,0.00649543
331.60794777,0.00161737
331.82066970,-0.00083204
332.03340733,0.00070403
332.24616067,0.00759558
332.45892971,0.00197025
332.67171445,0.00282132
332.88451489,0.00074555
333.09733102,0.00309117
333.31016283,0.00126449
333.52301034,-0.00004325
333.73587352,-0.00076976
333.94875239,-0.00419478
334.16164694,0.00006054
334.37455717,-0.00263796
334.58748306,0.00329874
334.80042463,0.00404602
335.01338187,-0.00060370
335.22635477,0.00350632
335.43934333,-0.00025082
335.65234755,0.00427435
335.86536743,0.00273829
336.07840296,0.00049645
336.29145415,-0.00037537
336.50452098,0.00055873
336.71760345,0.00153434
336.93070157,0.00089085
337.14381533,0.00020585
337.35694473,0.00033039
337.57008976,0.00581042
337.78325042,0.00138904
337.99642671,-0.00008476
338.20961863,0.00128525
338.42282617,0.00280056
338.63604933,-0.00162083
338.84928810,0.00197025
339.06254250,0.00363087
339.27581250,0.00170040
339.48909812,0.00155510
339.70239934,0.00510466
339.91571616,0.00109843
340.12904859,0.00172116
340.34239661,-0.00164159
340.55576023,0.00367238
340.76913945,0.00421208
340.98253425,0.00273829
341.19594464,0.00111919
341.40937061,-0.00128871
341.62281217,0.00049645
341.83626930,0.00726346
342.04974201,-0.00018855
342.26323030,0.00035115
342.47673415,0.00448193
342.69025357,0.00668225
342.90378856,-0.00047916
343.11733911,0.00495936
343.33090522,0.00230237
343.54448688,0.00221934
343.75808410,0.00003979
343.97169687,0.00186646
344.18532519,-0.00039613
344.39896906,0.00327799
344.61262847,-0.00193220
344.82630341,0.00273829
345.03999390,0.00385920
345.25369992,0.00419132
345.46742147,0.00769937
345.68115855,0.00246844
345.89491115,0.00201177
346.10867928,-0.00041688
346.32246293,0.00246844
346.53626210,-0.00157931
346.75007679,-0.00058295
346.96390698,0.00340253
347.17775269,0.00224010
347.39161390,-0.00008476
347.60549061,0.00346480
347.81938283,-0.00000173
348.03329055,0.00170040
348.24721376,0.00224010
348.46115246,0.00302889
348.67510665,-0.00184916
348.88907634,0.00219859
349.10306150,-0.00130946
349.31706215,-0.00255493
349.53107828,0.00186646
349.74510988,0.00213631
349.95915696,0.00500087
350.17321950,0.00481405
350.38729752,0.00630861
350.60139100,0.00066252
350.81549994,0.00035115
351.02962435,0.00010206
351.24376421,0.00336102
351.45791952,-0.00213977
351.67209028,0.00122297
351.88627650,-0.00010552
352.10047816,0.00136828
352.31469526,0.00313268
352.52892780,0.00365162
352.74317578,0.00300814
352.95743919,0.00265525
353.17171804,0.00255147
353.38601232,0.00412905
353.60032202,-0.00128871
353.81464714,0.00649543
354.02898769,-0.00251341
354.24334365,-0.00211901
354.45771503,-0.00342675
354.67210182,0.00512542
354.88650403,0.00404602
355.10092164,0.00400450
355.31535465,0.00003979
355.52980306,0.00965060
355.74426687,0.00078706
355.95874608,0.00211555
356.17324069,0.00277980
356.38775068,-0.00110189
356.60227606,0.00392147
356.81681682,-0.00361357
357.03137297,-0.00243038
357.24594449,0.00489709
357.46053139,0.00456496
357.67513367,0.00498012
357.88975132,0.00244768
358.10438433,-0.00110189
358.31903271,0.00163813
358.53369645,0.00132676
358.74837556,-0.00458918
358.96307002,0.00153434
359.17777983,-0.00130946
359.39250499,0.00180419
359.60724551,0.00284207
359.82200137,0.00298738
360.03677257,-0.00029234
360.25155911,-0.00043764
360.46636100,0.00093237
360.68117821,-0.00332296
360.89601076,-0.00054143
361.11085864,0.00452345
361.32572184,-0.00355129
361.54060037,0.00188722
361.75549422,0.00186646
361.97040338,0.00639164
362.18532786,0.00417057
362.40026766,0.00091161
362.61522276,0.00242692
362.83019318,0.00686907
363.04517889,0.00118146
363.26017991,-0.00000173
363.47519623,0.00010206
363.69022784,0.00412905
363.90527474,0.00043418
364.12033694,0.00485557
364.33541442,-0.00076976
364.55050719,-0.00155856
364.76561524,0.00033039
364.98073857,0.00087009
365.19587718,-0.00054143
365.41103106,0.00192874
365.62620021,-0.00112265
365.84138463,0.00265525
366.05658432,0.00197025
366.27179927,0.00410829
366.48702948,0.00197025
366.70227494,0.00182495
366.91753566,0.00076630
367.13281163,0.00049645
367.34810285,-0.00186992
367.56340932,0.00111919
367.77873103,0.00213631
367.99406798,0.00371390
368.20942017,-0.00240962
368.42478759,0.00205328
368.64017025,0.00068327
368.85556813,0.00377617
369.07098125,0.00095312
369.28640958,0.00153434
369.50185314,0.00093237
369.71731191,0.00288359
369.93278590,-0.00380039
370.14827511,0.00228162
370.36377952,-0.00245114
370.57929914,0.00055873
370.79483397,0.00479330
371.01038400,0.00209480
371.22594922,-0.00135098
371.44152965,0.00201177
371.65712526,0.00269677
371.87273607,-0.00118492
372.08836206,0.00302889
372.30400324,0.00369314
372.51965960,0.00030964
372.73533114,0.00387996
372.95101786,-0.00033385
373.16671976,0.00402526
373.38243682,0.00253071
373.59816905,0.00157585
373.81391645,-0.00157931
374.02967901,0.00242692
374.24545673,-0.00033385
374.46124961,-0.00178689
374.67705764,0.00016433
374.89288082,0.00014357
375.10871916,0.00095312
375.32457264,0.00165889
375.54044126,-0.00006400
375.75632503,0.00510466
375.97222393,0.00020585
376.18813797,-0.00151704
376.40406713,0.00132676
376.62001143,-0.00137174
376.83597086,-0.00265871
377.05194541,0.00072479
377.26793508,0.00188722
377.48393987,0.00246844
377.69995978,0.00377617
377.91599480,-0.00047916
378.13204493,0.00176267
378.34811016,0.00342329
378.56419050,0.00531224
378.78028595,0.00437814
378.99639649,0.00055873
379.21252213,-0.00203598
379.42866286,0.00313268
379.64481868,-0.00209826
379.86098960,0.00421208
380.07717559,0.00143055
380.29337667,0.00230237
380.50959283,-0.00004325
380.72582407,0.00371390
380.94207038,0.00267601
381.15833176,-0.00064522
381.37460821,-0.00008476
381.59089972,0.00170040
381.80720630,0.00265525
382.02352794,-0.00037537
382.23986464,0.00267601
382.45621639,0.00263450
382.67258319,0.00161737
382.88896505,0.00078706
383.10536195,0.00390072
383.32177389,-0.00023006
383.53820087,0.00209480
383.75464289,0.00130600
383.97109995,0.00161737
384.18757204,-0.00093583
384.40405916,0.00053797
384.62056131,-0.00348902
384.83707848,0.00074555
385.05361067,0.00361011
385.27015788,0.00319495
385.48672011,0.00390072
385.70329735,0.00336102
385.91988960,0.00429511
386.13649686,0.00018509
386.35311912,0.00288359
386.56975639,0.00105691
386.78640865,0.00147207
387.00307592,0.00012282
387.21975817,-0.00218129
387.43645542,0.00062100
387.65316765,0.00244768
387.86989487,0.00277980
388.08663707,0.00226086
388.30339426,-0.00012628
388.52016641,0.00311192
388.73695355,0.00421208
388.95375565,0.00433663
389.17057273,-0.00274174
389.38740477,0.00500087
389.60425177,0.00263450
389.82111374,-0.00261720
390.03799066,0.00452345
390.25488253,-0.00027158
390.47178936,-0.00195295
390.68871114,0.00203252
390.90564787,0.00026812
391.12259954,-0.00020931
391.33956614,0.00153434
391.55654769,-0.00247189
391.77354418,0.00140979
391.99055559,0.00066252
392.20758194,0.00304965
392.42462321,0.00244768
392.64167941,0.00250995
392.85875053,0.00452345
393.07583657,-0.00133022
393.29293752,0.00394223
393.51005339,0.00423284
393.72718417,0.00363087
393.94432986,0.00385920
394.16149045,0.00190798
394.37866594,0.00028888
394.59585634,0.00346480
394.81306163,0.00504239
395.03028181,0.00437814
395.24751689,0.00983742
395.46476685,0.00244768
395.68203170,0.00172116
395.89931143,0.00558209
396.11660604,0.00203252
396.33391553,0.00336102
396.55123990,0.00174192
396.76857913,0.00400450
396.98593324,0.00336102
397.20330221,-0.00180765
397.42068604,0.00219859
397.63808474,-0.00054143
397.85549829,0.00464799
398.07292670,0.00423284
398.29036996,0.00512542
398.50782807,0.00493860
398.72530103,0.00560285
398.94278883,0.00199101
399.16029147,0.00701437
399.37780895,-0.00010552
399.59534127,0.00680679
399.81288841,0.00358935
400.03045039,0.00757483
400.24802720,0.00850892
400.46561883,0.00311192
400.68322529,0.00248919
400.90084656,0.00172116
401.11848265,0.00566512
401.33613355,0.00296662
401.55379926,0.00211555
401.77147978,0.00597648
401.98917511,0.00715967
402.20688524,0.00192874
402.42461017,0.00313268
402.64234989,0.00394223
402.86010441,-0.00072825
403.07787372,0.00556133
403.29565782,0.00483481
403.51345670,0.00317420
403.73127037,0.00560285
403.94909882,0.00288359
404.16694205,0.00772013
404.38480005,0.00230237
404.60267282,0.00421208
404.82056036,0.00342329
405.03846267,0.00682755
405.25637974,0.00695210
405.47431157,0.00516694
405.69225816,0.00215707
405.91021951,0.00479330
406.12819561,0.00093237
406.34618645,0.00377617
406.56419205,0.00290435
406.78221239,0.00394223
407.00024747,0.00807301
407.21829729,0.00055873
407.43636184,0.00794847
407.65444113,0.00421208
407.87253515,0.00701437
408.09064390,0.00458572
408.30876737,0.00576891
408.52690556,0.00871650
408.74505847,0.00392147
408.96322610,0.00620482
409.18140844,0.00450269
409.39960550,0.00352708
409.61781726,0.00678603
409.83604372,0.00325723
410.05428489,0.00747104
410.27254076,0.00176267
410.49081133,0.00865423
410.70909659,0.00782392
410.92739654,0.00236465
411.14571118,0.00595573
411.36404051,0.00475178
411.58238452,0.00906938
411.80074321,0.00678603
412.01911658,0.00819756
412.23750462,0.01019030
412.45590734,0.00524997
412.67432472,0.00527072
412.89275677,0.00614255
413.11120349,0.00329874
413.32966486,0.00250995
413.54814090,0.00346480
413.76663159,0.00568588
413.98513693,0.00311192
414.20365692,0.00354784
414.42219156,0.00529148
414.64074084,0.00188722
414.85930477,0.00493860
415.07788333,0.00145131
415.29647653,0.00502163
415.51508437,0.00255147
415.73370683,0.00321571
415.95234392,0.00253071
416.17099564,0.00479330
416.38966198,0.00745028
416.60834294,0.00452345
416.82703851,0.00699361
417.04574870,0.00082858
417.26447350,0.00518769
417.48321291,0.00487633
417.70196692,0.00331950
417.92073554,0.00483481
418.13951875,0.01004499
418.35831657,0.00024736
418.57712898,0.00226086
418.79595598,0.00892408
419.01479757,0.00871650
419.23365374,0.00512542
419.45252450,0.00060024
419.67140984,0.00736725
419.89030975,0.00753331
420.10922425,0.01083378
420.32815331,0.00406678
420.54709694,0.00836362
420.76605514,0.00471027
420.98502791,0.00387996
421.20401523,0.00078706
421.42301712,0.00493860
421.64203356,0.00906938
421.86106455,0.00325723
422.08011009,0.00448193
422.29917018,0.00772013
422.51824482,0.00597648
422.73733399,0.00292510
422.95643771,0.00707664
423.17555596,0.00354784
423.39468875,0.00387996
423.61383606,0.00535375
423.83299790,0.00350632
424.05217427,0.00535375
424.27136516,0.00678603
424.49057057,0.00518769
424.70979050,0.00479330
424.92902494,0.00628785
425.14827390,0.00471027
425.36753736,0.00595573
425.58681532,0.01108288
425.80610779,0.00676528
426.02541476,0.01048090
426.24473623,0.00263450
426.46407219,0.00759558
426.68342265,0.00118146
426.90278759,0.00635012
427.12216702,0.00626709
427.34156093,0.00429511
427.56096933,0.01014878
427.78039220,0.01066772
427.99982955,0.00915241
428.21928137,0.00421208
428.43874766,0.00294586
428.65822841,0.00828059
428.87772363,0.00846741
429.09723331,0.00691058
429.31675745,0.00271753
429.53629605,0.00157585
429.75584910,0.00566512
429.97541660,0.00888256
430.19499854,0.00385920
430.41459494,0.00888256
430.63420577,0.00807301
430.85383104,0.00709740
431.07347075,0.00890332
431.29312489,0.01131121
431.51279347,0.00649543
431.73247647,0.00489709
431.95217390,0.00564436
432.17188574,0.00859195
432.39161201,0.00597648
432.61135270,0.00720119
432.83110780,0.00776165
433.05087731,0.01095833
433.27066123,0.00529148
433.49045956,0.00925620
433.71027229,0.00819756
433.93009942,0.01068848
434.14994095,0.00855044
434.36979687,0.00825983
434.58966718,0.00842589
434.80955189,0.00817680
435.02945098,0.00884105
435.24936445,0.01450790
435.46929230,0.00915241
435.68923454,0.00954681
435.90919115,0.01210000
436.12916213,0.01016954
436.34914748,0.01099985
436.56914720,0.01041863
436.78916128,0.00850892
437.00918972,0.00809377
437.22923252,0.00688982
437.44928968,0.00875802
437.66936119,0.01143576
437.88944706,0.01245288
438.10954727,0.01205849
438.32966182,0.01315865
438.54979072,0.01068848
438.76993395,0.01897080
438.99009153,0.01330395
439.21026343,0.01459093
439.43044967,0.01311713
439.65065024,0.01830655
439.87086513,0.01133197
440.09109434,0.01189243
440.31133788,0.01126970
440.53159573,0.01826504
440.75186789,0.01118667
440.97215437,0.01417577
441.19245516,0.01427956
441.41277025,0.01444562
441.63309964,0.01382289
441.85344334,0.01612700
442.07380133,0.01284728
442.29417362,0.01608548
442.51456020,0.01342850
442.73496107,0.01571184
442.95537623,0.01434183
443.17580567,0.01724791
443.39624939,0.01716488
443.61670739,0.01382289
443.83717967,0.01629306
444.05766622,0.01689503
444.27816704,0.02023702
444.49868212,0.01019030
444.71921147,0.01290955
444.93975509,0.01506835
445.16031296,0.01728943
445.38088508,0.01652139
445.60147147,0.01560805
445.82207210,0.01276425
446.04268698,0.01650063
446.26331610,0.02005020
446.48395947,0.00830135
446.70461707,0.01361532
446.92528892,0.01361532
447.14597499,0.01749700
447.36667530,0.00931847
447.58738984,0.01868019
447.80811860,0.01415501
448.02886158,0.01297183
448.24961879,0.01581563
448.47039021,0.01720640
448.69117585,0.02328840
448.91197570,0.01820276
449.13278975,0.01104136
449.35361802,0.01297183
449.57446049,0.01733094
449.79531715,0.01085454
450.01618802,0.01052242
450.23707308,0.01102060
450.45797234,0.01990490
450.67888578,0.01297183
450.89981341,0.01147727
451.12075522,0.01743473
451.34171122,0.01924065
451.56268139,0.02094278
451.78366574,0.01741397
452.00466426,0.01706109
452.22567696,0.01016954
452.44670382,0.01255667
452.66774484,0.00830135
452.88880003,0.01928216
453.10986938,0.01550426
453.33095288,0.01432108
453.55205053,0.01440411
453.77316234,0.00992045
453.99428830,0.01550426
454.21542840,0.01332471
454.43658264,0.01564957
454.65775102,0.01465320
454.87893354,0.01517214
455.10013019,0.01317940
455.32134098,0.01919913
455.54256589,0.02108808
455.76380493,0.01222455
455.98505809,0.01542123
456.20632537,0.01814049
456.42760677,0.01519290
456.64890229,0.01336622
456.87021191,0.01940671
457.09153565,0.01625154
457.31287349,0.01556654
457.53422544,0.02173157
457.75559149,0.01998793
457.97697163,0.01465320
458.19836587,0.01720640
458.41977420,0.02009171
458.64119663,0.02052763
458.86263313,0.01596093
459.08408373,0.02121263
459.30554840,0.01882550
459.52702716,0.02739842
459.74851999,0.01527593
459.97002689,0.02434704
460.19154786,0.01928216
460.41308290,0.02237506
460.63463201,0.01971808
460.85619518,0.01724791
461.07777241,0.01984262
461.29936369,0.01789140
461.52096903,0.02378658
461.74258841,0.02183536
461.96422185,0.01982186
462.18586933,0.02098430
462.40753086,0.02588311
462.62920642,0.02154475
462.85089602,0.02058990
463.07259966,0.02129566
463.29431733,0.01797443
463.51604902,0.02179384
463.73779475,0.01969732
463.95955449,0.02447159
464.18132826,0.02644357
464.40311604,0.02220900
464.62491784,0.02270718
464.84673365,0.02440931
465.06856347,0.02526038
465.29040730,0.02422249
465.51226513,0.02474144
465.73413696,0.01890853
465.95602279,0.02606993
466.17792261,0.02588311
466.39983643,0.02966101
466.62176424,0.02648508
466.84370603,0.03152920
467.06566181,0.02596614
467.28763157,0.02903828
467.50961531,0.02675493
467.73161303,0.02775130
467.95362472,0.02455462
468.17565038,0.02949495
468.39769001,0.02243733
468.61974360,0.02675493
468.84181116,0.02783433
469.06389267,0.03150844
469.28598814,0.02858161
469.50809757,0.03250481
469.73022094,0.03329361
469.95235827,0.02845706
470.17450954,0.02706630
470.39667475,0.02513583
470.61885390,0.02787585
470.84104699,0.02991010
471.06325402,0.03684317
471.28547498,0.02559250
471.50770986,0.03022147
471.72995867,0.02870616
471.95222141,0.02341294
472.17449806,0.02461689
472.39678864,0.02513583
472.61909313,0.02694175
472.84141153,0.02416022
473.06374384,0.03422770
473.28609005,0.02957798
473.50845017,0.02496977
473.73082420,0.02741918
473.95321212,0.02870616
474.17561393,0.03094799
474.39802964,0.02814570
474.62045924,0.02993086
474.84290273,0.02420174
475.06536010,0.03167451
475.28783136,0.03038753
475.51031649,0.02729463
475.73281550,0.02245809
475.95532838,0.02048611
476.17785513,0.02476219
476.40039575,0.02604917
476.62295024,0.02854009
476.84551859,0.02658887
477.06810080,0.02748145
477.29069686,0.02712857
477.51330678,0.02571705
477.73593055,0.03271239
477.95856817,0.02903828
478.18121963,0.03412391
478.40388494,0.03269163
478.62656409,0.03368800
478.84925707,0.03206890
479.07196389,0.03034601
479.29468455,0.03154996
479.51741903,0.03491271
479.74016733,0.02773054
479.96292946,0.02548871
480.18570542,0.03030450
480.40849519,0.02472068
480.63129877,0.02874767
480.85411617,0.02650584
481.07694738,0.02675493
481.29979239,0.02671342
481.52265121,0.02629826
481.74552383,0.02905904
481.96841025,0.02503204
482.19131046,0.02920434
482.41422447,0.02594538
482.63715227,0.02646433
482.86009385,0.02665114
483.08304922,0.02542644
483.30601837,0.02353749
483.52900130,0.02762676
483.75199801,0.02345446
483.97500849,0.02719084
484.19803274,0.02764751
484.42107076,0.02505280
484.64412255,0.03055359
484.86718810,0.03074041
485.09026741,0.02445083
485.31336047,0.02306006
485.53646729,0.02667190
485.75958786,0.02285249
485.98272218,0.02339219
486.20587024,0.02021626
486.42903205,0.02264491
486.65220760,0.02092202
486.87539689,0.02984783
487.09859991,0.02461689
487.32181666,0.02380734
487.54504715,0.03078192
487.76829136,0.02553023
487.99154929,0.03167451
488.21482094,0.02802115
488.43810631,0.02690024
488.66140540,0.03302376
488.88471820,0.02984783
489.10804471,0.03119708
489.33138493,0.03518256
489.55473885,0.03524483
489.77810647,0.03501649
490.00148780,0.03756969
490.22488281,0.03705075
490.44829153,0.04153441
490.67171393,0.04074562
490.89515002,0.04064183
491.11859979,0.03985304
491.34206325,0.04089092
491.56554038,0.03628271
491.78903120,0.04001910
492.01253568,0.03578453
492.23605384,0.04130607
492.45958567,0.04251002
492.68313116,0.04163820
492.90669031,0.03763196
493.13026312,0.03422770
493.35384960,0.03298224
493.57744972,0.03410316
493.80106350,0.03437301
494.02469092,0.03694696
494.24833200,0.03572226
494.47198671,0.03667711
494.69565507,0.03302376
494.91933706,0.04060031
495.14303269,0.03345967
495.36674195,0.03194436
495.59046484,0.03431073
495.81420136,0.03497498
496.03795150,0.03179905
496.26171526,0.03061586
496.48549264,0.03426922
496.70928364,0.03418619
496.93308825,0.03557695
497.15690647,0.03725832
497.38073830,0.03447679
497.60458373,0.03993607
497.82844276,0.04622565
498.05231539,0.03798484
498.27620162,0.03651105
498.50010144,0.03823394
498.72401485,0.03690544
498.94794185,0.04603883
499.17188244,0.03615817
499.39583661,0.04049652
499.61980435,0.03524483
499.84378568,0.04033046
500.06778058,0.03786030
500.29178904,0.03864909
500.51581108,0.03273315
500.73984668,0.03848303
500.96389585,0.03383331
501.18795858,0.03640726
501.41203486,0.04101547
501.63612470,0.03864909
501.86022809,0.04138910
502.08434503,0.04217790
502.30847551,0.03979076
502.53261954,0.03866985
502.75677711,0.03626196
502.98094822,0.03848303
503.20513286,0.04008137
503.42933104,0.03740363
503.65354274,0.03624120
503.87776797,0.03134238
504.10200673,0.03240102
504.32625901,0.03738287
504.55052480,0.03192360
504.77480411,0.03015919
504.99909694,0.02785509
505.22340327,0.03321057
505.44772312,0.02984783
505.67205646,0.02679645
505.89640331,0.02808343
506.12076366,0.02586235
506.34513750,0.02474144
506.56952484,0.02592463
506.79392567,0.02480371
507.01833999,0.02729463
507.24276779,0.02934964
507.46720907,0.02700403
507.69166384,0.02843631
507.91613208,0.02594538
508.14061380,0.03042904
508.36510898,0.02924586
508.58961764,0.02876843
508.81413976,0.03304451
509.03867534,0.03435225
509.26322439,0.03433149
509.48778689,0.02986859
509.71236285,0.03416543
509.93695226,0.03316906
510.16155512,0.03557695
510.38617142,0.03308603
510.61080117,0.03316906
510.83544436,0.03568074
511.06010099,0.03321057
511.28477105,0.04076637
511.50945454,0.04068334
511.73415147,0.03613741
511.95886182,0.03734136
512.18358560,0.03402012
512.40832280,0.02864388
512.63307341,0.03285769
512.85783745,0.03287845
513.08261489,0.03225572
513.30740575,0.02856085
513.53221001,0.03142541
513.75702768,0.03047056
513.98185875,0.02530189
514.20670322,0.03026298
514.43156109,0.02972328
514.65643235,0.03177829
514.88131700,0.02893449
515.10621504,0.03725832
515.33112647,0.03069889
515.55605128,0.03069889
515.78098946,0.03227648
516.00594103,0.02966101
516.23090597,0.02812494
516.45588428,0.03381255
516.68087596,0.02584159
516.90588100,0.03165375
517.13089941,0.02588311
517.35593118,0.02685872
517.58097631,0.02544720
517.80603479,0.02673418
518.03110663,0.02523962
518.25619181,0.02712857
518.48129034,0.02185612
518.70640222,0.02577932
518.93152743,0.02420174
519.15666598,0.02486598
519.38181787,0.02281097
519.60698310,0.02845706
519.83216165,0.02252036
520.05735353,0.02173157
520.28255873,0.02268643
520.50777726,0.02065217
520.73300910,0.02482447
520.95825426,0.02449234
521.18351273,0.02598690
521.40878452,0.02484523
521.63406961,0.02328840
521.85936801,0.02339219
522.08467971,0.02212597
522.31000471,0.02389037
522.53534300,0.02297703
522.76069459,0.02986859
522.98605947,0.02854009
523.21143764,0.02995162
523.43682910,0.03238027
523.66223383,0.03181981
523.88765185,0.03671862
524.11308315,0.03534862
524.33852772,0.03607514
524.56398556,0.03389558
524.78945667,0.03688469
525.01494104,0.03808863
525.24043868,0.03597135
525.46594959,0.04130607
525.69147374,0.04342336
525.91701116,0.03651105
526.14256182,0.03615817
526.36812574,0.03698847
526.59370290,0.04001910
526.81929331,0.03717529
527.04489696,0.03746590
527.27051384,0.03582604
527.49614396,0.03343891
527.72178732,0.03323133
527.94744390,0.03163299
528.17311372,0.03283694
528.39879675,0.03655256
528.62449301,0.03815090
528.85020249,0.03871136
529.07592518,0.03775651
529.30166109,0.04082865
529.52741021,0.04273835
529.75317254,0.04794853
529.97894807,0.03966622
530.20473680,0.04394230
530.43053874,0.04772020
530.65635387,0.06017481
530.88218219,0.04745035
531.10802371,0.05560812
531.33387841,0.05517221
531.55974630,0.05718571
531.78562738,0.05776692
532.01152163,0.05793298
532.23742906,0.05293038
532.46334967,0.05434190
532.68928344,0.05340781
532.91523039,0.05166416
533.14119051,0.05436266
533.36716378,0.05263977
533.59315022,0.05191325
533.81914982,0.05199628
534.04516257,0.06326771
534.27118847,0.05243220
534.49722752,0.05415508
534.72327973,0.05434190
534.94934507,0.05400978
535.17542356,0.05994648
535.40151518,0.05978042
535.62761994,0.05459100
535.85373784,0.05255674
536.07986886,0.06065224
536.30601301,0.05280583
536.53217029,0.05334553
536.75834069,0.04740883
536.98452420,0.05490236
537.21072084,0.05245295
537.43693059,0.05768389
537.66315345,0.05440418
537.88938941,0.05369841
538.11563848,0.05639691
538.34190066,0.05834814
538.56817593,0.05569115
538.79446431,0.05758010
539.02076577,0.05753859
539.24708033,0.06225058
539.47340798,0.06266574
539.69974871,0.05824435
539.92610252,0.05822359
540.15246942,0.05822359
540.37884939,0.06052770
540.60524244,0.06225058
540.83164856,0.05865950
541.05806775,0.06451317
541.28450001,0.06100512
541.51094533,0.07123866
541.73740371,0.07179912
541.96387515,0.06841562
542.19035965,0.06476226
542.41685719,0.07287852
542.64336779,0.07157079
542.86989144,0.07375034
543.09642813,0.06123346
543.32297786,0.06735698
543.54954063,0.06162785
543.77611643,0.07136321
544.00270527,0.06633985
544.22930714,0.07327292
544.45592204,0.06428484
544.68254996,0.06764758
544.90919091,0.06395271
545.13584487,0.06988941
545.36251185,0.06384893
545.58919184,0.06378665
545.81588485,0.06378665
546.04259086,0.06681728
546.26930988,0.06523969
546.49604191,0.06540575
546.72278693,0.06065224
546.94954495,0.06391120
547.17631596,0.06876850
547.40309997,0.06988941
547.62989696,0.06368286
547.85670694,0.07036684
548.08352991,0.08234403
548.31036585,0.06984790
548.53721477,0.07399944
548.76407667,0.07981159
548.99095154,0.07509959
549.21783938,0.07296155
549.44474018,0.07437307
549.67165395,0.07530717
549.89858069,0.08022674
550.12552038,0.07661491
550.35247302,0.07335595
550.57943862,0.07246337
550.80641717,0.07175761
551.03340866,0.07725839
551.26041310,0.08109857
551.48743048,0.08203266
551.71446081,0.08230251
551.94150406,0.08637102
552.16856025,0.09056407
552.39562937,0.09239075
552.62271142,0.08745042
552.84980640,0.08811467
553.07691429,0.08635026
553.30403511,0.08365176
553.53116884,0.08581056
553.75831549,0.08888270
553.98547505,0.09305500
554.21264752,0.09537986
554.43983289,0.09398909
554.66703116,0.09953140
554.89424234,0.10193929
555.12146641,0.10797978
555.34870338,0.10814584
555.57595324,0.11341829
555.80321599,0.11698861
556.03049162,0.11316920
556.25778014,0.11155010
556.48508154,0.11715467
556.71239582,0.11889832
556.93972297,0.11642816
557.16706300,0.11047070
557.39441589,0.11289935
557.62178165,0.11833786
557.84916028,0.11018009
558.07655177,0.11495436
558.30395611,0.11341829
558.53137331,0.11584694
558.75880337,0.11258798
558.98624627,0.11619982
559.21370202,0.11157086
559.44117062,0.10538506
559.66865206,0.11144631
559.89614634,0.11725846
560.12365345,0.10920448
560.35117340,0.11306541
560.57870618,0.11173692
560.80625179,0.10559264
561.03381022,0.10756462
561.26138148,0.11227662
561.48896555,0.10741932
561.71656244,0.10569643
561.94417215,0.10411884
562.17179467,0.10667204
562.39942999,0.10430566
562.62707812,0.10831190
562.85473906,0.11350132
563.08241279,0.11439390
563.31009933,0.10764765
563.53779866,0.11968711
563.76551078,0.11445617
563.99323568,0.11352208
564.22097338,0.10953660
564.44872386,0.11173692
564.67648712,0.11034615
564.90426316,0.10930827
565.13205197,0.10501143
565.35985356,0.10378672
565.58766792,0.10580022
565.81549504,0.10609083
566.04333493,0.10783447
566.27118758,0.09938609
566.49905298,0.09876336
566.72693115,0.09793305
566.95482207,0.09938609
567.18272573,0.09459106
567.41064215,0.09803684
567.63857131,0.09739335
567.86651321,0.09955215
568.09446785,0.09511001
568.32243523,0.09745563
568.55041534,0.09386455
568.77840819,0.10494915
569.00641376,0.10357914
569.23443206,0.10289414
569.46246308,0.10299793
569.69050682,0.10565491
569.91856327,0.10629840
570.14663244,0.10445097
570.37471433,0.09965594
570.60280892,0.10173171
570.83091622,0.10175247
571.05903622,0.10389051
571.28716892,0.10239596
571.51531432,0.10714947
571.74347241,0.10978569
571.97164320,0.10359990
572.19982667,0.10600779
572.42802284,0.10357914
572.65623168,0.10432642
572.88445321,0.10878933
573.11268742,0.10042398
573.34093430,0.09606486
573.56919385,0.10366218
573.79746608,0.10534355
574.02575097,0.10474158
574.25404853,0.10708719
574.48235874,0.11020085
574.71068162,0.11536951
574.93901715,0.10957812
575.16736534,0.11823407
575.39572618,0.11630361
575.62409966,0.12087030
575.85248579,0.12554078
576.08088456,0.12433684
576.30929597,0.12923565
576.53772002,0.12697306
576.76615671,0.13116612
576.99460602,0.13513083
577.22306796,0.12350653
577.45154253,0.12919413
577.68002972,0.12817701
577.90852953,0.12228182
578.13704196,0.12668245
578.36556700,0.12734670
578.59410465,0.12925641
578.82265492,0.12097409
579.05121779,0.12298759
579.27979326,0.11680179
579.50838133,0.12074575
579.73698201,0.11636588
579.96559527,0.11605452
580.19422113,0.11680179
580.42285958,0.11084434
580.65151062,0.10870629
580.88017424,0.11078206
581.10885044,0.10623613
581.33753922,0.11028388
581.56624057,0.10422263
581.79495450,0.10424339
582.02368100,0.10245823
582.25242007,0.10746083
582.48117170,0.10812508
582.70993589,0.10901766
582.93871264,0.11296162
583.16750195,0.11119722
583.39630381,0.11121797
583.62511822,0.10683810
583.85394518,0.11069903
584.08278469,0.11018009
584.31163674,0.11020085
584.54050133,0.10449248
584.76937845,0.11439390
584.99826811,0.11455996
585.22717030,0.11703013
585.45608502,0.11233889
585.68501226,0.12145152
585.91395203,0.12641260
586.14290432,0.13336643
586.37186912,0.13579508
586.60084644,0.13735191
586.82983628,0.14156572
587.05883862,0.14480392
587.28785347,0.14887242
587.51688082,0.14839500
587.74592067,0.14310179
587.97497302,0.13801615
588.20403787,0.13484023
588.43311520,0.13855585
588.66220503,0.14478316
588.89130735,0.14297724
589.12042215,0.14781378
589.34954943,0.15140486
589.57868919,0.15076137
589.80784142,0.15574322
590.03700613,0.15524504
590.26618331,0.15514125
590.49537296,0.15302396
590.72457507,0.14820818
590.95378964,0.14891394
591.18301667,0.15698868
591.41225616,0.15196532
591.64150811,0.14822894
591.87077250,0.15289942
592.10004934,0.15134259
592.32933863,0.14453407
592.55864036,0.14312254
592.78795453,0.13496477
593.01728114,0.14621544
593.24662018,0.14378679
593.47597165,0.13971828
593.70533555,0.14428498
593.93471188,0.14785530
594.16410063,0.15242199
594.39350180,0.15375048
594.62291539,0.15358442
594.85234140,0.15424867
595.08177981,0.15458079
595.31123064,0.14571726
595.54069387,0.14868561
595.77016951,0.15325230
595.99965755,0.15900218
596.22915798,0.16304993
596.45867081,0.16101567
596.68819604,0.15889839
596.91773365,0.15997779
597.14728365,0.15277487
597.37684603,0.15468458
597.60642080,0.15487140
597.83600795,0.16718071
598.06560747,0.16786571
598.29521936,0.16388024
598.52484363,0.16742980
598.75448026,0.17104164
598.98412926,0.16769965
599.21379062,0.17205877
599.44346434,0.17210028
599.67315042,0.17463272
599.90284885,0.18482474
600.13255963,0.19833800
600.36228276,0.20348591
600.59201824,0.20471061
600.82176606,0.20325757
601.05152622,0.20639198
601.28129871,0.20730532
601.51108354,0.21535931
601.74088070,0.21618961
601.97069019,0.21982221
602.20051201,0.22225086
602.43034615,0.21834841
602.66019261,0.22613255
602.89005139,0.22714968
603.11992249,0.22704589
603.34980589,0.23053318
603.57970161,0.23117667
603.80960963,0.22723271
604.03952996,0.23144652
604.26946259,0.24226127
604.49940751,0.24915283
604.72936474,0.24419174
604.95933425,0.25104178
605.18931606,0.25438376
605.41931015,0.25587832
605.64931653,0.25251557
605.87933519,0.24828100
606.10936612,0.25465361
606.33940934,0.25515180
606.56946483,0.26403609
606.79953259,0.26563443
607.02961261,0.27256750
607.25970490,0.27856647
607.48980946,0.28045542
607.71992627,0.27447721
607.95005534,0.28026860
608.18019667,0.27883632
608.41035024,0.28518818
608.64051607,0.28128573
608.87069414,0.29567081
609.10088445,0.28718092
609.33108700,0.30440980
609.56130179,0.31358470
609.79152882,0.32784523
610.02176808,0.33305541
610.25201956,0.33890908
610.48228328,0.34492881
610.71255921,0.34472123
610.94284737,0.34945399
611.17314775,0.35358477
611.40346034,0.35551523
611.63378514,0.35667766
611.86412215,0.34210576
612.09447137,0.33521421
612.32483280,0.32759614
612.55520642,0.31792305
612.78559225,0.28987942
613.01599027,0.26237548
613.24640048,0.25232875
613.47682288,0.23829655
613.70725747,0.23304486
613.93770425,0.21689538
614.16816321,0.22032039
614.39863434,0.21554613
614.62911766,0.21627265
614.85961314,0.20730532
615.09012080,0.21689538
615.32064063,0.21650098
615.55117262,0.22403602
615.78171677,0.21616886
616.01227308,0.21506870
616.24284156,0.21577446
616.47342218,0.21639719
616.70401496,0.22364163
616.93461988,0.21467430
617.16523695,0.22164889
617.39586617,0.21448748
617.62650752,0.20738835
617.85716101,0.19669814
618.08782664,0.19526586
618.31850440,0.17666697
618.54919429,0.17573288
618.77989630,0.16325750
619.01061044,0.15514125
619.24133670,0.15294093
619.47207508,0.15283714
619.70282557,0.14669287
619.93358818,0.14897621
620.16436289,0.14112981
620.39514972,0.14671363
620.62594864,0.13897101
620.85675967,0.13926161
621.08758280,0.13151900
621.31841802,0.12309137
621.54926534,0.12545775
621.78012475,0.11864923
622.01099624,0.11773589
622.24187982,0.11472602
622.47277549,0.11520345
622.70368323,0.11362587
622.93460305,0.10773068
623.16553494,0.11009706
623.39647890,0.10671356
623.62743493,0.11038767
623.85840303,0.10800053
624.08938319,0.11128025
624.32037541,0.11055373
624.55137968,0.10839493
624.78239602,0.10040322
625.01342440,0.09959367
625.24446483,0.09660456
625.47551731,0.09608562
625.70658183,0.09326257
625.93765839,0.09048104
626.16874699,0.09403061
626.39984763,0.08759572
626.63096029,0.09151893
626.86208499,0.09274363
627.09322171,0.10264505
627.32437046,0.10854023
627.55553123,0.11086509
627.78670401,0.11468451
628.01788882,0.12701458
628.24908563,0.13629326
628.48029446,0.12815625
628.71151529,0.13170582
628.94274813,0.14212618
629.17399296,0.14725333
629.40524980,0.14247906
629.63651863,0.14764772
629.86779946,0.15024243
630.09909228,0.15800581
630.33039709,0.16952633
630.56171388,0.18368307
630.79304265,0.18075624
631.02438340,0.18561354
631.25573613,0.19045008
631.48710084,0.18787613
631.71847751,0.19211069
631.94986615,0.19684345
632.18126676,0.20273863
632.41267933,0.21660477
632.64410387,0.21166444
632.87554035,0.21998827
633.10698880,0.23725867
633.33844919,0.23783989
633.56992154,0.23831731
633.80140583,0.23746625
634.03290207,0.22835362
634.26441024,0.21812008
634.49593035,0.22503239
634.72746240,0.23441487
634.95900638,0.24116112
635.19056229,0.25089647
635.42213013,0.25903349
635.65370989,0.26181502
635.88530158,0.25197587
636.11690518,0.25465361
636.34852069,0.26370397
636.58014812,0.28288407
636.81178746,0.30123387
637.04343871,0.31638699
637.27510187,0.32089140
637.50677692,0.32668280
637.73846387,0.31740411
637.97016272,0.32213687
638.20187347,0.33409330
638.43359610,0.33724846
638.66533062,0.34403623
638.89707703,0.34411926
639.12883532,0.33961484
639.36060549,0.34467972
639.59238754,0.34439899
639.82418146,0.35130581
640.05598725,0.35050393
640.28780491,0.35117693
640.51963444,0.35068510
640.75147583,0.31505682
640.98332908,0.32229514
641.21519419,0.32205654
641.44707115,0.32028570
641.67895997,0.30937485
641.91086063,0.29986960
642.14277314,0.29244812
642.37469750,0.29166327
642.60663369,0.29298994
642.83858172,0.30597385
643.07054159,0.30635485
643.30251329,0.30476779
643.53449683,0.30888571
643.76649218,0.29876106
643.99849937,0.29438253
644.23051837,0.29432481
644.46254919,0.29129458
644.69459183,0.28778982
644.92664628,0.27595373
645.15871254,0.27088575
645.39079061,0.25835035
645.62288049,0.26930505
645.85498217,0.25512087
646.08709564,0.24919315
646.31922091,0.25768137
646.55135798,0.26494024
646.78350684,0.27409960
647.01566748,0.25819053
647.24783991,0.25047809
647.48002413,0.24587353
647.71222012,0.25375230
647.94442789,0.25560981
648.17664744,0.25544881
648.40887875,0.26197877
648.64112184,0.25161196
648.87337669,0.25104943
649.10564331,0.24266589
649.33792168,0.25311405
649.57021181,0.24499903
649.80251370,0.24839203
650.03482734,0.24371740
650.26715273,0.24874292
650.49948987,0.24603045
650.73183875,0.24711277
650.96419937,0.24001801
651.19657173,0.23944357
651.42895582,0.24617597
651.66135165,0.25051912
651.89375921,0.23566674
652.12617849,0.23840992
652.35860950,0.23362848
652.59105224,0.23147217
652.82350669,0.23446774
653.05597285,0.23516530
653.28845073,0.22939810
653.52094032,0.23008290
653.75344162,0.23617120
653.98595462,0.24097405
654.21847933,0.24184405
654.45101573,0.23864662
654.68356383,0.24484499
654.91612363,0.24727450
655.14869511,0.25293908
655.38127829,0.26942865
655.61387315,0.25246824
655.84647969,0.25955552
656.07909792,0.26146226
656.31172782,0.25513715
656.54436939,0.25346716
656.77702264,0.25022886
657.00968756,0.25114877
657.24236414,0.26232045
657.47505238,0.27202447
657.70775229,0.26861665
657.94046385,0.26692374
658.17318707,0.27343300
658.40592195,0.26649123
658.63866847,0.26257213
658.87142663,0.26665661
659.10419645,0.26546064
659.33697790,0.25880903
659.56977099,0.26093643
659.80257572,0.25407609
660.03539208,0.25972015
660.26822007,0.25021761
660.50105969,0.25409356
660.73391093,0.25489474
660.96677380,0.26011198
661.19964828,0.26797275
661.43253438,0.26279735
661.66543209,0.25919770
661.89834142,0.26570559
662.13126235,0.26497726
662.36419489,0.26864558
662.59713903,0.28744029
662.83009477,0.27969261
663.06306210,0.27179109
663.29604103,0.27084782
663.52903155,0.27150595
663.76203367,0.25800996
663.99504736,0.24822328
664.22807264,0.24139933
664.46110950,0.24123096
664.69415794,0.23465740
664.92721795,0.23431623
665.16028953,0.22978329
665.39337269,0.23579175
665.62646740,0.22808925
665.85957369,0.22350919
666.09269153,0.21318552
666.32582093,0.22207874
666.55896189,0.21826042
666.79211440,0.21353263
667.02527846,0.22567588
667.25845406,0.21560840
667.49164121,0.20566547
667.72483991,0.21093792
667.95805014,0.20437849
668.19127190,0.19395813
668.42450520,0.20178378
668.65775003,0.19615844
668.89100639,0.20018544
669.12427427,0.20076665
669.35755368,0.20267636
669.59084460,0.20269712
669.82414704,0.20755442
670.05746099,0.21511021
670.29078646,0.21654250
670.52412343,0.22009206
670.75747191,0.22663073
670.99083189,0.22681755
671.22420337,0.22814604
671.45758635,0.22858196
671.69098082,0.23883625
671.92438678,0.24132718
672.15780424,0.24278022
672.39123317,0.25073041
672.62467360,0.26092244
672.85812550,0.27094840
673.09158888,0.28290483
673.32506373,0.27485085
673.55855006,0.27688510
673.79204785,0.27545282
674.02555712,0.27312796
674.25907784,0.27580570
674.49261003,0.28018557
674.72615367,0.27846269
674.95970878,0.28001951
675.19327533,0.28275953
675.42685333,0.28807350
675.66044278,0.28439938
675.89404368,0.29330443
676.12765601,0.29805795
676.36127979,0.29689551
676.59491500,0.28923593
676.82856165,0.29718612
677.06221972,0.28192922
677.29588922,0.28689031
677.52957015,0.28635061
677.76326250,0.27686434
677.99696627,0.25967698
678.23068146,0.25922031
678.46440806,0.26310199
678.69814607,0.25237027
678.93189549,0.24703554
679.16565631,0.25374028
679.39942854,0.24280097
679.63321217,0.23653215
679.86700720,0.23727943
680.10081361,0.22953681
680.33463143,0.23771534
680.56846063,0.23802670
680.80230121,0.23491305
681.03615318,0.24587311
681.27001653,0.23267122
681.50389126,0.23817201
681.73777736,0.23221455
681.97167484,0.22395299
682.20558368,0.23321092
682.43950390,0.23088606
682.67343547,0.22079782
682.90737841,0.21772568
683.14133270,0.21714447
683.37529836,0.20985852
683.60927536,0.20695244
683.84326371,0.20234424
684.07726341,0.19200691
684.31127446,0.20134787
684.54529685,0.19837952
684.77933057,0.19327312
685.01337564,0.19945892
685.24743203,0.20493895
685.48149976,0.21805781
685.71557881,0.23032560
685.94966919,0.23719640
686.18377090,0.24236506
686.41788392,0.25488195
686.65200826,0.26839521
686.88614391,0.27497539
687.12029088,0.27381296
687.35444915,0.27171644
687.58861873,0.26949536
687.82279961,0.26546837
688.05699179,0.26607034
688.29119527,0.26198108
688.52541004,0.26281139
688.75963611,0.26768944
688.99387346,0.27269205
689.22812210,0.27082386
689.46238203,0.28302938
689.69665323,0.28020633
689.93093571,0.29309686
690.16522947,0.29845234
690.39953450,0.30538541
690.63385080,0.30418146
690.86817837,0.30964074
691.10251720,0.31572274
691.33686730,0.32093292
691.57122865,0.32564492
691.80560125,0.33392723
692.03998511,0.32508446
692.27438023,0.33405178
692.50878658,0.32396354
692.74320419,0.32979645
692.97763303,0.32101595
693.21207312,0.33158161
693.44652444,0.32612234
693.68098699,0.33127025
693.91546077,0.34152455
694.14994579,0.34714988
694.38444203,0.35333567
694.61894949,0.35979132
694.85346817,0.37359518
695.08799806,0.37444625
695.32253918,0.37403109
695.55709150,0.38034143
695.79165503,0.38121325
696.02622977,0.39495484
696.26081571,0.39883653
696.49541285,0.41002493
696.73002119,0.40608097
696.96464072,0.42027923
697.19927145,0.41915831
697.43391336,0.42233424
697.66856647,0.41313858
697.90323075,0.40921538
698.13790622,0.39781940
698.37259286,0.41008720
698.60729068,0.41264040
698.84199967,0.41866013
699.07671984,0.43547385
699.31145117,0.42814639
699.54619366,0.43387551
699.78094731,0.42401561
700.01571213,0.45423881
700.25048810,0.45766383
700.48527522,0.47395861
700.72007349,0.47929334
700.95488292,0.48554140
701.18970348,0.49753935
701.42453519,0.49224614
701.65937804,0.49002506
701.89423202,0.50017558
702.12909714,0.51188291
702.36397339,0.52340343
702.59886077,0.53021195
702.83375927,0.52836452
703.06866889,0.51644960
703.30358964,0.51761204
703.53852150,0.51848386
703.77346448,0.51958402
704.00841857,0.51343974
704.24338376,0.50405726
704.47836007,0.48985900
704.71334748,0.47896122
704.94834598,0.46943344
705.18335559,0.46453462
705.41837629,0.44730574
705.65340808,0.44049722
705.88845096,0.44410905
706.12350493,0.45863944
706.35856998,0.45504836
706.59364612,0.46922586
706.82873333,0.48388079
707.06383161,0.50140028
707.29894097,0.52390162
707.53406141,0.52751345
707.76919290,0.55092813
708.00433546,0.58648605
708.23948909,0.60327902
708.47465377,0.63518359
708.70982951,0.61660546
708.94501630,0.64649653
709.18021414,0.62696355
709.41542303,0.63474768
709.65064297,0.62291580
709.88587395,0.60610207
710.12111597,0.58858258
710.35636902,0.55941802
710.59163311,0.54399506
710.82690823,0.54694265
711.06219437,0.53475789
711.29749155,0.51900280
711.53279974,0.51827628
711.76811896,0.51483050
712.00344920,0.51580612
712.23879044,0.51800643
712.47414270,0.51559854
712.70950597,0.51013927
712.94488025,0.50345529
713.18026553,0.51065821
713.41566181,0.49668828
713.65106908,0.50123422
713.88648736,0.49893011
714.12191662,0.49704116
714.35735688,0.49565040
714.59280812,0.48213714
714.82827034,0.48377700
715.06374355,0.47362649
715.29922774,0.46615372
715.53472290,0.46546872
715.77022903,0.45722791
716.00574614,0.46457614
716.24127421,0.45039863
716.47681324,0.43987449
716.71236324,0.42347591
716.94792420,0.41299328
717.18349611,0.40973432
717.41907898,0.40035184
717.65467280,0.38889360
717.89027757,0.39433211
718.12589328,0.38735753
718.36151993,0.38648571
718.59715752,0.38189826
718.83280605,0.37643898
719.06846552,0.36340315
719.30413591,0.36439952
719.53981724,0.35590963
719.77550949,0.35036732
720.01121266,0.36020647
720.24692676,0.37255730
720.48265177,0.37942809
720.71838769,0.38897663
720.95413453,0.38688010
721.18989228,0.39032588
721.42566093,0.38582146
721.66144049,0.38181523
721.89723095,0.38389099
722.13303231,0.38503267
722.36884456,0.38445145
722.60466770,0.38582146
722.84050173,0.38424388
723.07634666,0.39319044
723.31220246,0.39657394
723.54806915,0.39020133
723.78394671,0.38503267
724.01983515,0.36813591
724.25573447,0.35312810
724.49164465,0.34831231
724.72756571,0.32836417
724.96349762,0.32385975
725.19944040,0.31526607
725.43539404,0.30312282
725.67135854,0.30362101
725.90733388,0.29571233
726.14332008,0.29432156
726.37931713,0.28933972
726.61532503,0.28244816
726.85134376,0.27665677
727.08737334,0.27725874
727.32341375,0.27470554
727.55946500,0.27244296
727.79552708,0.27036719
728.03159998,0.26739884
728.26768372,0.26623641
728.50377827,0.28215755
728.73988365,0.28549954
728.97599985,0.28278029
729.21212686,0.28031012
729.44826468,0.28541651
729.68441331,0.28520893
729.92057275,0.27047097
730.15674299,0.27252599
730.39292403,0.27740404
730.62911587,0.25946940
730.86531851,0.25465361
731.10153194,0.25297224
731.33775616,0.24331992
731.57399117,0.23900232
731.81023696,0.21969766
732.04649353,0.22544754
732.28276088,0.21174747
732.51903901,0.21293066
732.75532791,0.20246878
732.99162758,0.20340288
733.22793802,0.19509980
733.46425923,0.18339246
733.70059119,0.17990517
733.93693392,0.17430060
734.17328740,0.16994148
734.40965164,0.16608055
734.64602662,0.16385948
734.88241236,0.15829642
735.11880884,0.16346508
735.35521607,0.15640747
735.59163403,0.15379200
735.82806273,0.15906445
736.06450217,0.16236492
736.30095234,0.16371417
736.53741323,0.17778789
736.77388486,0.18922537
737.01036720,0.19673966
737.24686027,0.21043973
737.48336406,0.22779316
737.71987856,0.24628827
737.95640377,0.25297224
738.19293969,0.26274911
738.42948632,0.26310199
738.66604365,0.26725353
738.90261169,0.26505322
739.13919042,0.26903869
739.37577985,0.27213159
739.61237997,0.27177871
739.84899078,0.27605479
740.08561228,0.26870657
740.32224446,0.25585756
740.55888732,0.25187208
740.79554087,0.24574857
741.03220509,0.24358977
741.26887998,0.22999348
741.50556555,0.22488709
741.74226178,0.21519325
741.97896868,0.21278535
742.21568624,0.20305000
742.45241446,0.18744021
742.68915333,0.17996745
742.92590286,0.18376610
743.16266304,0.17290983
743.39943387,0.16886208
743.63621535,0.16736753
743.87300747,0.16261402
744.10981023,0.16084961
744.34662363,0.16120249
744.58344766,0.16502191
744.82028232,0.16736753
745.05712761,0.16423312
745.29398353,0.16506342
745.53085007,0.15798505
745.76772724,0.16352735
746.00461502,0.16508418
746.24151341,0.15709247
746.47842242,0.15918900
746.71534204,0.15923051
746.95227227,0.16004006
747.18921310,0.17197573
747.42616453,0.17359483
747.66312656,0.17425908
747.90009918,0.16695237
748.13708240,0.17797471
748.37407621,0.18335095
748.61108061,0.17847289
748.84809559,0.17643864
749.08512115,0.17126997
749.32215730,0.16228189
749.55920401,0.16751283
749.79626131,0.16159689
750.03332917,0.16425387
750.27040760,0.16444069
750.50749660,0.16834314
750.74459616,0.17193422
750.98170628,0.16130628
751.21882695,0.16381796
751.45595818,0.16014385
751.69309997,0.17203801
751.93025230,0.17139452
752.16741517,0.17334574
752.40458859,0.17183043
752.64177256,0.15528655
752.87896705,0.16209507
753.11617209,0.16064204
753.35338765,0.16664101
753.59061374,0.16464827
753.82785037,0.17087558
754.06509751,0.17612727
754.30235518,0.18108836
754.53962336,0.19416571
754.77690206,0.20574850
755.01419127,0.21652174
755.25149099,0.21988448
755.48880122,0.22293586
755.72612195,0.23080303
755.96345319,0.22864423
756.20079492,0.22974439
756.43814715,0.22287359
756.67550987,0.23020106
756.91288309,0.23163334
757.15026679,0.22708740
757.38766097,0.22324723
757.62506564,0.22052797
757.86248079,0.21701992
758.09990641,0.20043453
758.33734251,0.19912679
758.57478908,0.19057462
758.81224612,0.19327312
759.04971362,0.18090154
759.28719159,0.18301883
759.52468001,0.17220407
759.76217889,0.17716516
759.99968823,0.16919420
760.23720802,0.16819783
760.47473826,0.15910597
760.71227894,0.15439397
760.94983007,0.15404109
761.18739164,0.14893470
761.42496364,0.14324709
761.66254608,0.15005561
761.90013895,0.14571726
762.13774226,0.14926682
762.37535598,0.14592483
762.61298014,0.14702499
762.85061471,0.14557195
763.08825970,0.15487140
763.32591511,0.15945885
763.56358093,0.16064204
763.80125716,0.16539555
764.03894380,0.17996745
764.27664084,0.18542672
764.51434829,0.18158654
764.75206613,0.19034629
764.98979437,0.19960422
765.22753300,0.20807336
765.46528203,0.21859751
765.70304144,0.21546310
765.94081124,0.21344960
766.17859142,0.21602355
766.41638197,0.22100540
766.65418291,0.21454976
766.89199422,0.21865978
767.12981590,0.20809412
767.36764795,0.20348591
767.60549036,0.19858709
767.84334314,0.20030998
768.08120628,0.20076665
768.31907977,0.19499601
768.55696362,0.19123887
768.79485782,0.18918386
769.03276238,0.18671369
769.27067727,0.18717036
769.50860251,0.18339246
769.74653809,0.19601314
769.98448401,0.19746618
770.22244027,0.19649057
770.46040685,0.19518283
770.69838377,0.19680193
770.93637101,0.20161772
771.17436858,0.20776199
771.41237647,0.21004534
771.65039468,0.21868054
771.88842320,0.21129080
772.12646204,0.21789175
772.36451118,0.21259853
772.60257064,0.21290990
772.84064039,0.20728457
773.07872045,0.20628820
773.31681081,0.20004013
773.55491147,0.19898149
773.79302242,0.19393737
774.03114366,0.18629854
774.26927519,0.18135821
774.50741700,0.18241685
774.74556910,0.17093785
774.98373147,0.16850920
775.22190413,0.16952633
775.46008705,0.16751283
775.69828025,0.16977542
775.93648372,0.16583146
776.17469745,0.16462751
776.41292145,0.16653722
776.65115570,0.16176295
776.88940022,0.16786571
777.12765499,0.15792278
777.36592001,0.16045522
777.60419528,0.15377124
777.84248079,0.15279563
778.08077655,0.15742459
778.31908256,0.15375048
778.55739879,0.13973904
778.79572527,0.13996738
779.03406198,0.13859737
779.27240891,0.13843131
779.51076608,0.13249461
779.74913346,0.13672918
779.98751107,0.13641781
780.22589890,0.15775672
780.46429695,0.13498553
780.70270520,0.13241158
780.94112367,0.13357401
781.17955235,0.13824449
781.41799123,0.12772034
781.65644031,0.13307582
781.89489959,0.12826004
782.13336907,0.13266067
782.37184874,0.12713912
782.61033861,0.13290976
782.84883866,0.13863888
783.08734890,0.13502705
783.32586931,0.12975459
783.56439991,0.12981687
783.80294069,0.12564457
784.04149164,0.13008672
784.28005276,0.12938095
784.51862406,0.13986359
784.75720551,0.13741418
784.99579713,0.13849358
785.23439891,0.13905404
785.47301085,0.14233375
785.71163295,0.13955222
785.95026519,0.14357921
786.18890759,0.14135814
786.42756013,0.14526059
786.66622282,0.14279042
786.90489564,0.15208987
787.14357861,0.13851434
787.38227171,0.14905924
787.62097494,0.13845206
787.85968831,0.13668766
788.09841180,0.12836383
788.33714541,0.13070945
788.57588915,0.12302910
788.81464301,0.11634512
789.05340698,0.12161758
789.29218106,0.12211576
789.53096526,0.12454441
789.76975956,0.11958332
790.00856397,0.11927196
790.24737848,0.12817701
790.48620309,0.12012302
790.72503780,0.13207945
790.96388260,0.13012823
791.20273749,0.14283194
791.44160247,0.13477795
791.68047754,0.13245309
791.91936269,0.12971308
792.15825792,0.12188743
792.39716323,0.12624654
792.63607861,0.12234410
792.87500406,0.11862847
793.11393958,0.12632957
793.35288517,0.11626209
793.59184082,0.11566012
793.83080653,0.10949509
794.06978230,0.11406178
794.30876813,0.12128545
794.54776401,0.11840014
794.78676993,0.11767362
795.02578591,0.11931347
795.26481193,0.12228182
795.50384798,0.11096888
795.74289408,0.11848317
795.98195022,0.12003999
796.22101638,0.12290455
796.46009258,0.12232334
796.69917880,0.12819777
796.93827505,0.12560305
797.17738132,0.13392689
797.41649761,0.13643857
797.65562392,0.14692120
797.89476024,0.14553044
798.13390657,0.14050708
798.37306290,0.14135814
798.61222925,0.13581584
798.85140559,0.14318482
799.09059194,0.13257764
799.32978828,0.14139966
799.56899462,0.13153975
799.80821094,0.13816146
800.04743726,0.12940171
800.28667356,0.12871671
800.52591985,0.13083399
800.76517611,0.13091702
801.00444236,0.13160203
801.24371857,0.13598190
801.48300476,0.13996738
801.72230092,0.14102602
801.96160705,0.14287345
802.20092314,0.15190305
802.44024919,0.14426422
802.67958519,0.15493367
802.91893116,0.16201204
803.15828707,0.16489736
803.39765294,0.16278008
803.63702875,0.17467423
803.87641450,0.16929799
804.11581020,0.17151907
804.35521584,0.17228710
804.59463141,0.17245316
804.83405692,0.16701465
805.07349235,0.17353256
805.31293772,0.17369862
805.55239300,0.16703540
805.79185821,0.16643343
806.03133334,0.16452372
806.27081839,0.15528655
806.51031335,0.15296169
806.74981822,0.14918379
806.98933300,0.14303951
807.22885768,0.13251537
807.46839227,0.13178885
807.70793675,0.13280597
807.94749114,0.13953146
808.18705542,0.13575356
808.42662959,0.13019050
808.66621364,0.12776185
808.90580759,0.12871671
809.14541141,0.13232855
809.38502512,0.12300834
809.62464871,0.12601821
809.86428217,0.12651639
810.10392550,0.12518790
810.34357870,0.12111939
810.58324177,0.11964560
810.82291470,0.10623613
811.06259749,0.10845720
811.30229015,0.10615310
811.54199265,0.09648001
811.78170501,0.09091695
812.02142722,0.08030977
812.26115928,0.07420701
812.50090118,0.07096881
812.74065292,0.06521893
812.98041450,0.06389044
813.22018592,0.06806274
813.45996717,0.05411357
813.69975825,0.05521373
813.93955916,0.05046022
814.17936989,0.05133204
814.41919045,0.04481412
814.65902083,0.05540055
814.89886102,0.04574822
815.13871102,0.04506322
815.37857084,0.04394230
815.61844047,0.04817687
815.85831990,0.04556140
816.09820913,0.04313275
816.33810817,0.04172123
816.57801700,0.04089092
816.81793562,0.03950015
817.05786404,0.04080789
817.29780225,0.03184057
817.53775024,0.03439376
817.77770801,0.03337664
818.01767557,0.02997237
818.25765290,0.02878919
818.49764001,0.02831176
818.73763689,0.03358421
818.97764354,0.03028374
819.21765996,0.02939116
819.45768614,0.02523962
819.69772209,0.02455462
819.93776779,0.02438856
820.17782324,0.02079748
820.41788845,0.02438856
820.65796341,0.01816125
820.89804812,0.01782913
821.13814257,0.02077672
821.37824677,0.02548871
821.61836070,0.02370355
821.85848437,0.02276946
822.09861777,0.02970253
822.33876090,0.03049132
822.57891376,0.03491271
822.81907635,0.03999834
823.05924866,0.04674459
823.29943069,0.05546282
823.53962243,0.06621530
823.77982389,0.07925113
824.02003506,0.09191332
824.26025594,0.10916296
824.50048652,0.12084954
824.74072681,0.13073020
824.98097680,0.14845727
825.22123648,0.15781899
825.46150586,0.18152427
825.70178493,0.18198094
825.94207369,0.18690051
826.18237214,0.19563950
826.42268027,0.20084968
826.66299808,0.20950564
826.90332557,0.21782947
827.14366273,0.22548906
827.38400957,0.23190319
827.62436608,0.23265046
827.86473225,0.24020626
828.10510809,0.24985859
828.34549359,0.24468992
828.58588874,0.24601842
828.82629356,0.24591463
829.06670802,0.23526593
829.30713214,0.24147248
829.54756590,0.22926696
829.78800931,0.23171637
830.02846236,0.23435259
830.26892505,0.23246364
830.50939738,0.23196546
830.74987934,0.22565512
830.99037093,0.22681755
831.23087215,0.22580043
831.47138299,0.21600280
831.71190346,0.22220934
831.95243355,0.21403081
832.19297325,0.20628820
832.43352257,0.20363121
832.67408150,0.20456531
832.91465003,0.19837952
833.15522818,0.18737794
833.39581592,0.18171109
833.63641327,0.17650091
833.87702022,0.17075103
834.11763676,0.15736232
834.35826289,0.15526579
834.59889861,0.15707171
834.83954392,0.14382831
835.08019881,0.13876343
835.32086328,0.13643857
835.56153733,0.14108829
835.80222095,0.13340795
836.04291415,0.12701458
836.28361692,0.11578467
836.52432926,0.11740377
836.76505116,0.10872705
837.00578262,0.11040842
837.24652364,0.09782926
837.48727421,0.09048104
837.72803434,0.08107781
837.96880402,0.08375555
838.20958325,0.07977007
838.45037202,0.07900204
838.69117033,0.07343898
838.93197819,0.07740370
839.17279558,0.07732067
839.41362250,0.08483495
839.65445896,0.07738294
839.89530494,0.08516707
840.13616045,0.08560298
840.37702548,0.08940164
840.61790003,0.08718057
840.85878410,0.09151893
841.09967768,0.08674466
841.34058078,0.09226620
841.58149338,0.08977528
841.82241549,0.08365176
842.06334710,0.08543692
842.30428821,0.08265539
842.54523883,0.07846234
842.78619893,0.08143069
843.02716853,0.07790188
843.26814762,0.08296676
843.50913619,0.07451838
843.75013425,0.08082872
843.99114179,0.08116084
844.23215881,0.08367252
844.47318530,0.07873219
844.71422127,0.09286818
844.95526670,0.08635026
845.19632161,0.08603890
845.43738597,0.07752824
845.67845980,0.08500101
845.91954309,0.07835855
846.16063584,0.07609596
846.40173803,0.07103109
846.64284968,0.07628278
846.88397078,0.07148776
847.12510132,0.07337671
847.36624130,0.07306534
847.60739073,0.07310686
847.84854959,0.07412398
848.08971788,0.07348049
848.33089561,0.07323140
848.57208276,0.07576384
848.81327934,0.08365176
849.05448534,0.08315358
849.29570076,0.08201190
849.53692560,0.09461182
849.77815986,0.09185105
850.01940353,0.10158641
850.26065660,0.09922003
850.50191908,0.10754386
850.74319097,0.10492839
850.98447225,0.10922524
851.22576294,0.11680179
851.46706301,0.12456517
851.70837248,0.12967156
851.94969135,0.14142041
852.19101959,0.14416043
852.43235722,0.16421236
852.67370424,0.16915269
852.91506063,0.17068876
853.15642640,0.17288907
853.39780154,0.18119215
853.63918605,0.18604945
853.88057992,0.19086523
854.12198317,0.19221448
854.36339577,0.19391661
854.60481773,0.19285797
854.84624905,0.19269191
855.08768973,0.19169554
855.32913975,0.18426429
855.57059912,0.17567060
855.81206784,0.18181488
856.05354590,0.17479878
856.29503330,0.17936547
856.53653004,0.17714440
856.77803611,0.17430060
857.01955151,0.16637116
857.26107624,0.20240651
857.50261030,0.16527100
857.74415367,0.16053825
857.98570637,0.15617913
858.22726839,0.15516201
858.46883972,0.15308624
858.71042037,0.15042925
858.95201032,0.14532286
859.19360958,0.14276966
859.43521814,0.13880495
859.67683601,0.13521386
859.91846317,0.15045001
860.16009963,0.12722215
860.40174538,0.12311213
860.64340042,0.12120242
860.88506474,0.11893984
861.12673835,0.11302389
861.36842125,0.11003479
861.61011342,0.10974418
861.85181487,0.10797978
862.09352559,0.11140479
862.33524558,0.11522421
862.57697484,0.10849872
862.81871336,0.11765286
863.06046114,0.11995696
863.30221819,0.11362587
863.54398449,0.12199122
863.78576004,0.11341829
864.02754485,0.10364142
864.26933890,0.10291490
864.51114220,0.10573794
864.75295474,0.10528128
864.99477653,0.10407733
865.23660755,0.09400985
865.47844780,0.09484016
865.72029728,0.09239075
865.96215600,0.09272287
866.20402394,0.08751269
866.44590110,0.08649557
866.68778748,0.07902280
866.92968308,0.08394237
867.17158790,0.08404616
867.41350193,0.08589359
867.65542516,0.08952619
867.89735761,0.08765800
868.13929926,0.09118680
868.38125011,0.09218317
868.62321015,0.09708199
868.86517940,0.09882563
869.10715783,0.09245302
869.34914546,0.09641774
869.59114227,0.09876336
869.83314827,0.09664608
870.07516344,0.09865957
870.31718780,0.09695744
870.55922133,0.10702492
870.80126404,0.10874781
871.04331592,0.11020085
871.28537696,0.09928230
871.52744717,0.09623092
871.76952655,0.09299272
872.01161508,0.10220914
872.25371277,0.09479864
872.49581961,0.08319509
872.73793560,0.08610117
872.98006075,0.08487647
873.22219503,0.08275918
873.46433846,0.07779809
873.70649103,0.07862840
873.94865274,0.07281625
874.19082358,0.07657339
874.43300356,0.07111412
874.67519266,0.06978562
874.91739089,0.06391120
875.15959824,0.06407726
875.40181471,0.05847268
875.64404031,0.06083906
875.88627501,0.05739328
876.12851883,0.05957284
876.37077176,0.05253598
876.61303379,0.04848823
876.85530493,0.05313796
877.09758517,0.04730505
877.33987451,0.04767868
877.58217294,0.04838445
877.82448047,0.04836369
878.06679709,0.05527600
878.30912279,0.05612706
878.55145758,0.05928223
878.79380145,0.06546803
879.03615440,0.06353756
879.27851643,0.07277473
879.52088753,0.07308610
879.76326770,0.07746597
880.00565694,0.08388010
880.24805524,0.07898128
880.49046260,0.07927189
880.73287903,0.07568081
880.97530451,0.08545768
881.21773905,0.08026826
881.46018264,0.07840007
881.70263527,0.08796936
881.94509695,0.08809391
882.18756768,0.08724284
882.43004744,0.08556147
882.67253625,0.08790709
882.91503409,0.08568602
883.15754095,0.08477268
883.40005685,0.08672390
883.64258178,0.08456510
883.88511573,0.07887749
884.12765869,0.07680172
884.37021068,0.07366731
884.61277168,0.07671869
884.85534170,0.06903835
885.09792072,0.06501136
885.34050876,0.06347529
885.58310579,0.06854016
885.82571183,0.06694182
886.06832686,0.06235437
886.31095090,0.06768910
886.55358392,0.06638136
886.79622594,0.06079755
887.03887694,0.05897087
887.28153693,0.05951057
887.52420589,0.06187694
887.76688384,0.06050694
888.00957077,0.05731025
888.25226667,0.04861278
888.49497154,0.05000355
888.73768537,0.04994127
888.98040818,0.04572746
889.22313994,0.04126456
889.46588067,0.04742959
889.70863035,0.04016440
889.95138899,0.04136835
890.19415657,0.04174199
890.43693311,0.03443528
890.67971859,0.03698847
890.92251302,0.02673418
891.16531639,0.02984783
891.40812869,0.02735691
891.65094993,0.02523962
891.89378010,0.02814570
892.13661920,0.02270718
892.37946723,0.02895525
892.62232418,0.02231279
892.86519005,0.03061586
893.10806484,0.02928737
893.35094854,0.03333512
893.59384116,0.02638129
893.83674269,0.03181981
894.07965312,0.03213117
894.32257246,0.03476740
894.56550070,0.03572226
894.80843784,0.04477261
895.05138388,0.04192880
895.29433881,0.04657853
895.53730263,0.04485564
895.78027533,0.05046022
896.02325692,0.04664080
896.26624740,0.05054325
896.50924675,0.05591949
896.75225498,0.05832738
896.99527208,0.05780844
897.23829806,0.05942754
897.48133290,0.06096361
897.72437661,0.06034088
897.96742918,0.06148255
898.21049061,0.05942754
898.45356090,0.05890860
898.69664005,0.06048618
898.93972804,0.05448721
899.18282488,0.06092209
899.42593057,0.05963511
899.66904511,0.05733101
899.91216848,0.06040315
900.15530069,0.05784995
900.39844174,0.05836890
900.64159162,0.05396826
900.88475033,0.05658373
901.12791786,0.06627758
901.37109422,0.06166937
901.61427940,0.06021633
901.85747340,0.06347529
902.10067621,0.06739849
902.34388784,0.07366731
902.58710827,0.06980638
902.83033752,0.06279028
903.07357557,0.07113487
903.31682242,0.06515666
903.56007807,0.06845713
903.80334251,0.06943274
904.04661575,0.06706637
904.28989778,0.07626202
904.53318860,0.07480899
904.77648820,0.07094806
905.01979659,0.07512035
905.26311375,0.07366731
905.50643969,0.07945871
905.74977441,0.08610117
905.99311789,0.08867512
906.23647015,0.09523455
906.47983117,0.09369848
906.72320095,0.09513076
906.96657950,0.09942761
907.20996680,0.09685365
907.45336285,0.10295641
907.69676766,0.09938609
907.94018122,0.10534355
908.18360352,0.10104671
908.42703457,0.10102595
908.67047435,0.09488167
908.91392288,0.09492319
909.15738014,0.09934458
909.40084613,0.09014892
909.64432085,0.09199635
909.88780430,0.09178878
910.13129648,0.08772027
910.37479737,0.08711830
910.61830699,0.08703527
910.86182531,0.08840527
911.10535236,0.08014371
911.34888811,0.08769951
911.59243257,0.07152927
911.83598573,0.07482974
912.07954760,0.07202746
912.32311816,0.07331443
912.56669743,0.08313282
912.81028538,0.07385413
913.05388203,0.07030457
913.29748736,0.07310686
913.54110138,0.06912138
913.78472408,0.06729470
914.02835547,0.06374514
914.27199552,0.06754379
914.51564426,0.06183543
914.75930166,0.05868026
915.00296774,0.05857647
915.24664247,0.06515666
915.49032588,0.06260346
915.73401794,0.06476226
915.97771866,0.06611151
916.22142803,0.07696779
916.46514606,0.07831704
916.70887274,0.07987386
916.95260806,0.07460141
917.19635202,0.08267615
917.44010463,0.08678617
917.68386588,0.09452879
917.92763576,0.09234923
918.17141427,0.10341308
918.41520141,0.10445097
918.65899718,0.10341308
918.90280158,0.10119201
919.14661459,0.10090140
919.39043623,0.10555113
919.63426648,0.11080282
919.87810534,0.11705089
920.12195281,0.12703533
920.36580890,0.13058490
920.60967358,0.13803691
920.85354687,0.14179405
921.09742876,0.14571726
921.34131924,0.13795388
921.58521832,0.14476240
921.82912599,0.13745570
922.07304225,0.13367780
922.31696709,0.12803170
922.56090052,0.12253092
922.80484252,0.11964560
923.04879310,0.11071979
923.29275226,0.10235444
923.53671999,0.09762169
923.78069629,0.08545768
924.02468115,0.09405136
924.26867458,0.07902280
924.51267656,0.07020078
924.75668711,0.06536424
925.00070621,0.06735698
925.24473386,0.06171088
925.48877006,0.06025785
925.73281481,0.06158634
925.97686810,0.05282659
926.22092994,0.05261902
926.46500031,0.05191325
926.70907921,0.04325730
926.95316665,0.04869581
927.19726262,0.04410836
927.44136712,0.04987900
927.68548014,0.04149289
927.92960168,0.04439897
928.17373175,0.03808863
928.41787032,0.03725832
928.66201741,0.03433149
928.90617302,0.03123859
929.15033713,0.02729463
929.39450974,0.02656811
929.63869086,0.03028374
929.88288047,0.02743994
930.12707859,0.02914207
930.37128520,0.03557695
930.61550029,0.02770979
930.85972388,0.02907979
931.10395595,0.03076117
931.34819651,0.02899676
931.59244554,0.03181981
931.83670306,0.03028374
932.08096904,0.03582604
932.32524350,0.04049652
932.56952643,0.04394230
932.81381782,0.04448200
933.05811768,0.04280063
933.30242600,0.05322099
933.54674278,0.05035643
933.79106801,0.05932375
934.03540169,0.05606479
934.27974382,0.06204301
934.52409440,0.06538499
934.76845343,0.06951577
935.01282089,0.06411878
935.25719680,0.07044987
935.50158114,0.07238034
935.74597391,0.06972335
935.99037511,0.07331443
936.23478474,0.07198594
936.47920279,0.06681728
936.72362927,0.08080796
936.96806417,0.06351680
937.21250748,0.06656818
937.45695920,0.06515666
937.70141934,0.06158634
937.94588788,0.06025785
938.19036483,0.06061073
938.43485019,0.06366211
938.67934394,0.05836890
938.92384608,0.05745556
939.16835663,0.05591949
939.41287556,0.05824435
939.65740288,0.05878405
939.90193859,0.04962991
940.14648268,0.05253598
940.39103515,0.04796929
940.63559600,0.05430039
940.88016523,0.05064703
941.12474282,0.05490236
941.36932879,0.05413433
941.61392312,0.05425887
941.85852581,0.05390599
942.10313687,0.05083385
942.34775628,0.05224538
942.59238405,0.04950536
942.83702017,0.04915248
943.08166464,0.05016961
943.32631746,0.05056400
943.57097862,0.04855051
943.81564813,0.04572746
944.06032597,0.04715974
944.30501215,0.04659928
944.54970666,0.05106219
944.79440950,0.04541610
945.03912067,0.04304972
945.28384016,0.04871657
945.52856798,0.04188729
945.77330412,0.04512549
946.01804857,0.03640726
946.26280133,0.03850379
946.50756241,0.03898121
946.75233179,0.03910576
946.99710948,0.03860757
947.24189548,0.03912652
947.48668977,0.03993607
947.73149236,0.04116077
947.97630324,0.03877364
948.22112242,0.03746590
948.46594988,0.04186653
948.71078563,0.03833772
948.95562966,0.04562367
949.20048198,0.03752817
949.44534257,0.03893970
949.69021144,0.04093244
949.93508857,0.04348563
950.17997398,0.04172123
950.42486766,0.03678090
950.66976959,0.04367245
950.91467979,0.03842075
951.15959825,0.03796409
951.40452496,0.03609589
951.64945993,0.03628271
951.89440314,0.03977000
952.13935461,0.03551468
952.38431431,0.03389558
952.62928226,0.03208966
952.87425845,0.03287845
953.11924287,0.03644877
953.36423553,0.03543165
953.60923642,0.03086496
953.85424553,0.03103102
954.09926287,0.03013844
954.34428843,0.02706630
954.58932222,0.02945343
954.83436421,0.02986859
955.07941443,0.02557174
955.32447285,0.02237506
955.56953948,0.02692099
955.81461432,0.02665114
956.05969736,0.02131642
956.30478860,0.01689503
956.54988803,0.02108808
956.79499567,0.01859716
957.04011149,0.01878398
957.28523550,0.01442486
957.53036770,0.01486078
957.77550808,0.01373986
958.02065664,0.01452865
958.26581338,0.01029408
958.51097830,0.01388516
958.75615139,0.01236985
959.00133264,0.01739321
959.24652207,0.01046015
959.49171965,0.01506835
959.73692540,0.01473623
959.98213931,0.01409274
960.22736137,0.01500608
960.47259159,0.02021626
960.71782995,0.05120749
960.96307647,0.02123339
961.20833112,0.02341294
961.45359392,0.02719084
961.69886486,0.02619448
961.94414394,0.02928737
962.18943115,0.03090647
962.43472648,0.03049132
962.68002995,0.03609589
962.92534154,0.03460134
963.17066126,0.03426922
963.41598909,0.03771499
963.66132504,0.03727908
963.90666911,0.04003985
964.15202128,0.03898121
964.39738157,0.04857127
964.64274996,0.04350639
964.88812645,0.05185098
965.13351104,0.04794853
965.37890374,0.04857127
965.62430452,0.05129052
965.86971340,0.05168492
966.11513036,0.05355311
966.36055542,0.05486085
966.60598855,0.05413433
966.85142977,0.04954688
967.09687907,0.04852975
967.34233644,0.04738808
967.58780188,0.04751262
967.83327539,0.04587277
968.07875697,0.04948460
968.32424661,0.05762162
968.56974432,0.04859202
968.81525008,0.05000355
969.06076390,0.04852975
969.30628577,0.05002430
969.55181570,0.05214159
969.79735367,0.05606479
970.04289968,0.04969218
970.28845374,0.05398902
970.53401583,0.05245295
970.77958597,0.06106740
971.02516413,0.05623085
971.27075033,0.05421736
971.51634455,0.05758010
971.76194680,0.06179391
972.00755708,0.05623085
972.25317537,0.06079755
972.49880168,0.05236992
972.74443600,0.05791223
972.99007834,0.05359463
973.23572868,0.05336629
973.48138703,0.05444569
973.72705338,0.05087537
973.97272774,0.05266053
974.21841009,0.05403054
974.46410043,0.05104143
974.70979877,0.05093764
974.95550510,0.04898642
975.20121941,0.05278508
975.44694171,0.05278508
975.69267199,0.05046022
975.93841024,0.05444569
976.18415647,0.05857647
976.42991068,0.05795374
976.67567285,0.05677055
976.92144299,0.05405130
977.16722110,0.05126977
977.41300717,0.06054845
977.65880119,0.05859723
977.90460317,0.05035643
978.15041311,0.05782920
978.39623099,0.05560812
978.64205683,0.05558736
978.88789061,0.05481933
979.13373233,0.05477781
979.37958199,0.04801081
979.62543958,0.04595580
979.87130511,0.04522928
980.11717857,0.04373472
980.36305996,0.04080789
980.60894928,0.03846227
980.85484651,0.03781878
981.10075167,0.03827545
981.34666475,0.03474664
981.59258573,0.03680166
981.83851463,0.03350118
982.08445144,0.03460134
982.33039616,0.03026298
982.57634878,0.02976480
982.82230930,0.02907979
983.06827771,0.03271239
983.31425403,0.03109329
983.56023823,0.03267087
983.80623032,0.03252557
984.05223031,0.02839479
984.29823817,0.03163299
984.54425391,0.03285769
984.79027754,0.02505280
985.03630904,0.03128011
985.28234841,0.03067814
985.52839565,0.03873212
985.77445076,0.03389558
986.02051374,0.04082865
986.26658457,0.03335588
986.51266327,0.04441973
986.75874982,0.04251002
987.00484422,0.04284214
987.25094647,0.04591428
987.49705658,0.04334033
987.74317452,0.04394230
987.98930031,0.03970773
988.23543394,0.04508397
988.48157541,0.04095319
988.72772471,0.04452352
988.97388184,0.05176795
989.22004680,0.04425367
989.46621959,0.04705595
989.71240020,0.04581049
989.95858862,0.04620489
990.20478487,0.03939637
990.45098893,0.05120749
990.69720080,0.04217790
990.94342048,0.04419139
991.18964797,0.04192880
991.43588326,0.04549913
991.68212635,0.04057955
991.92837724,0.03983228
992.17463593,0.04022667
992.42090240,0.03956243
992.66717667,0.03333512
992.91345872,0.03173678
993.15974856,0.02555099
993.40604618,0.02854009
993.65235158,0.02600766
993.89866475,0.02750221
994.14498570,0.02625675
994.39131441,0.02538493
994.63765090,0.02677569
994.88399515,0.02480371
995.13034716,0.02733615
995.37670693,0.02702478
995.62307445,0.02496977
995.86944973,0.02094278
996.11583276,0.02241658
996.36222354,0.02380734
996.60862206,0.02528114
996.85502833,0.02374507
997.10144233,0.02002944
997.34786408,0.01803670
997.59429355,0.02225051
997.84073076,0.02013323
998.08717570,0.01467396
998.33362836,0.01799519
998.58008875,0.01504760
998.82655685,0.01701958
999.07303267,0.02233354
999.31951621,0.01861792
999.56600746,0.01295107
999.81250642,0.01357380
1000.05901309,0.01230758
1000.30552746,0.01359456
1000.55204953,0.01234910
1000.79857929,0.01413426
1001.04511676,0.01328319
1001.29166191,0.01938595
1001.53821476,0.00803150
1001.78477529,0.01577411
1002.03134351,0.01396820
1002.27791941,0.01585715
1002.52450299,0.01691579
1002.77109424,0.01457017
1003.01769317,0.01253592
1003.26429976,0.01427956
1003.51091403,0.01425880
1003.75753596,0.01627230
1004.00416555,0.01535896
1004.25080280,0.02106733
1004.49744771,0.01733094
1004.74410027,0.01230758
1004.99076048,0.01502684
1005.23742834,0.01513063
1005.48410384,0.01735170
1005.73078699,0.01556654
1005.97747778,0.01758003
1006.22417620,0.01550426
1006.47088226,0.01523441
1006.71759595,0.01737246
1006.96431727,0.01917838
1007.21104622,0.01826504
1007.45778279,0.02096354
1007.70452698,0.01523441
1007.95127879,0.02079748
1008.19803821,0.01706109
1008.44480524,0.02266567
1008.69157988,0.02073520
1008.93836213,0.02154475
1009.18515199,0.01598169
1009.43194944,0.01957277
1009.67875450,0.01793291
1009.92556715,0.01625154
1010.17238739,0.02123339
1010.41921522,0.02079748
1010.66605064,0.02173157
1010.91289364,0.01851413
1011.15974422,0.01803670
1011.40660239,0.01760079
1011.65346813,0.01625154
1011.90034144,0.02413946
1012.14722232,0.01811973
1012.39411078,0.01596093
1012.64100679,0.01865943
1012.88791037,0.02065217
1013.13482151,0.01911610
1013.38174020,0.02198066
1013.62866645,0.02542644
1013.87560025,0.02546796
1014.12254160,0.01982186
1014.36949049,0.02598690
1014.61644693,0.02862313
1014.86341091,0.02198066
1015.11038242,0.02204294
1015.35736147,0.02573781
1015.60434805,0.02239582
1015.85134216,0.02183536
1016.09834379,0.02017475
1016.34535295,0.02098430
1016.59236963,0.02198066
1016.83939383,0.02077672
1017.08642554,0.02069369
1017.33346476,0.01868019
1017.58051150,0.01953126
1017.82756574,0.01365683
1018.07462748,0.01440411
1018.32169673,0.01637609
1018.56877347,0.01442486
1018.81585771,0.01755928
1019.06294945,0.01494381
1019.31004867,0.00985817
1019.55715538,0.00958832
1019.80426957,0.01330395
1020.05139125,0.01764231
1020.29852041,0.01423805
1020.54565704,0.00965060
1020.79280114,0.01099985
1021.03995272,0.00917317
1021.28711177,0.01664594
1021.53427828,0.01174712
1021.78145225,0.01411350
1022.02863368,0.00788619
1022.27582257,0.00599724
1022.52301891,0.01542123
1022.77022270,0.01355304
1023.01743395,0.01228682
1023.26465263,0.00950529
1023.51187876,0.00296662
1023.75911234,0.00919393
1024.00635335,0.00755407
1024.25360179,0.00647467
1024.50085766,0.00379693
1024.74812097,0.00875802
1024.99539170,0.00637088
1025.24266985,0.00614255
1025.48995543,0.00304965
1025.73724842,0.00510466
1025.98454883,0.00817680
1026.23185665,0.00363087
1026.47917188,0.00298738
1026.72649452,0.00828059
1026.97382456,0.00672376
1027.22116200,0.00259298
1027.46850685,0.00317420
1027.71585908,0.00599724
1027.96321872,0.00502163
1028.21058574,0.00307041
1028.45796014,-0.01187513
1028.70534194,-0.01229028
1028.95273111,-0.01305832
1029.20012767,-0.01280922
1029.44753160,-0.01320362
1029.69494290,-0.01291301
