195.95165235,-0.00051111
196.15151677,0.00073994
196.35139989,0.00162518
196.55130171,-0.00115327
196.75122222,0.00025415
196.95116143,-0.00059726
197.15111932,0.00162472
197.35109589,0.00286027
197.55109115,0.00227241
197.75110507,-0.00120456
197.95113767,-0.00244288
198.15118894,-0.00002515
198.35125887,-0.00112100
198.55134747,0.00074317
198.75145472,-0.00260740
198.95158062,-0.00059629
199.15172517,0.00060749
199.35188837,0.00134722
199.55207021,0.00046560
199.75227069,-0.00021581
199.95248980,0.00082896
200.15272755,0.00135147
200.35298392,-0.00098541
200.55325891,0.00013325
200.75355253,-0.00197743
200.95386476,0.00085394
201.15419561,0.00332560
201.35454506,0.00151156
201.55491312,-0.00007820
201.75529978,-0.00183789
201.95570504,-0.00199650
202.15612889,0.00208154
202.35657133,0.00039320
202.55703236,0.00137506
202.75751198,-0.00277269
202.95801017,0.00049423
203.15852694,-0.00126084
203.35906228,0.00433502
203.55961619,0.00082383
203.76018866,-0.00040875
203.96077969,0.00406093
204.16138928,0.00041673
204.36201743,0.00047055
204.56266412,0.00101575
204.76332936,0.00184482
204.96401315,0.00176178
205.16471547,0.00009037
205.36543633,-0.00015705
205.56617572,0.00124049
205.76693363,0.00261539
205.96771007,0.00222841
206.16850503,0.00050356
206.36931851,-0.00018805
206.57015050,0.00181543
206.77100100,-0.00210541
206.97187001,0.00027962
207.17275752,0.00316189
207.37366352,0.00200055
207.57458802,-0.00084986
207.77553101,-0.00013546
207.97649249,-0.00122698
208.17747245,0.00000413
208.37847089,-0.00090392
208.57948781,0.00019797
208.78052320,0.00480589
208.98157706,-0.00128530
209.18264938,-0.00051997
209.38374017,-0.00150090
209.58484941,0.00028448
209.78597710,0.00206133
209.98712325,-0.00024806
210.18828784,0.00033322
210.38947088,-0.00189677
210.59067235,-0.00271262
210.79189226,0.00109522
210.99313061,0.00446890
211.19438738,0.00123476
211.39566257,-0.00034804
211.59695619,-0.00010896
211.79826822,0.00168086
211.99959866,-0.00342163
212.20094752,0.00024578
212.40231478,0.00030501
212.60370044,0.00277720
212.80510450,0.00030705
213.00652696,0.00095163
213.20796781,-0.00024606
213.40942704,0.00236042
213.61090466,-0.00287105
213.81240066,-0.00106120
214.01391504,0.00203372
214.21544779,0.00055410
214.41699890,0.00112332
214.61856839,-0.00200321
214.82015623,-0.00277688
215.02176243,-0.00216032
215.22338699,-0.00210752
215.42502990,-0.00134029
215.62669115,0.00030104
215.82837075,0.00138074
216.03006868,0.00008917
216.23178496,-0.00197233
216.43351956,0.00052395
216.63527249,0.00022275
216.83704375,0.00174069
217.03883333,0.00146544
217.24064123,0.00079657
217.44246744,-0.00194901
217.64431195,0.00140272
217.84617478,-0.00172680
218.04805591,0.00035985
218.24995534,-0.00098404
218.45187306,0.00151606
218.65380907,0.00322179
218.85576337,-0.00084219
219.05773596,0.00205688
219.25972683,-0.00123584
219.46173597,-0.00381198
219.66376339,-0.00161427
219.86580907,-0.00051375
220.06787302,0.00014468
220.26995524,0.00066604
220.47205571,-0.00051797
220.67417443,0.00074626
220.87631141,0.00115020
221.07846663,-0.00029269
221.28064010,-0.00194008
221.48283181,0.00146189
221.68504175,0.00066168
221.88726993,0.00203291
222.08951633,0.00104574
222.29178096,-0.00134250
222.49406382,-0.00106756
222.69636488,-0.00331624
222.89868417,0.00030220
223.10102166,0.00115983
223.30337736,0.00178249
223.50575126,-0.00095080
223.70814337,-0.00057253
223.91055366,-0.00331835
224.11298215,0.00176326
224.31542883,-0.00461060
224.51789369,-0.00062726
224.72037673,-0.00079052
224.92287795,-0.00029390
225.12539735,0.00271617
225.32793491,-0.00092639
225.53049064,0.00136743
225.73306453,0.00222662
225.93565658,-0.00188714
226.13826679,0.00211387
226.34089514,-0.00138978
226.54354164,-0.00076310
226.74620629,0.00129814
226.94888908,-0.00046840
227.15159000,-0.00045543
227.35430906,0.00135027
227.55704625,-0.00002395
227.75980156,0.00204057
227.96257499,0.00313366
228.16536654,-0.00078651
228.36817621,0.00107882
228.57100398,-0.00037785
228.77384987,-0.00265254
228.97671385,-0.00293018
229.17959594,0.00112392
229.38249612,-0.00032556
229.58541439,-0.00158826
229.78835076,0.00239272
229.99130520,0.00118192
230.19427773,0.00035827
230.39726834,-0.00367430
230.60027702,0.00393031
230.80330377,-0.00326808
231.00634858,0.00084737
231.20941146,-0.00172459
231.41249240,-0.00265971
231.61559139,-0.00300887
231.81870844,-0.00073578
232.02184353,0.00201067
232.22499666,0.00085331
232.42816784,0.00061027
232.63135705,-0.00095901
232.83456430,0.00157262
233.03778958,-0.00128639
233.24103288,0.00019906
233.44429420,0.00093576
233.64757355,-0.00013332
233.85087090,0.00205781
234.05418627,-0.00194560
234.25751965,-0.00068006
234.46087103,0.00066112
234.66424040,-0.00086812
234.86762778,-0.00199819
235.07103315,-0.00079076
235.27445650,-0.00093285
235.47789784,-0.00101360
235.68135717,0.00011292
235.88483447,-0.00062143
236.08832974,0.00035732
236.29184299,-0.00034375
236.49537420,0.00019054
236.69892338,0.00110752
236.90249051,-0.00012998
237.10607560,-0.00122945
237.30967864,0.00153188
237.51329963,0.00054919
237.71693857,-0.00041026
237.92059544,-0.00204993
238.12427025,0.00255570
238.32796300,-0.00227900
238.53167367,-0.00103561
238.73540228,0.00228413
238.93914880,0.00160357
239.14291324,-0.00019473
239.34669560,0.00091444
239.55049587,0.00173711
239.75431405,0.00061419
239.95815013,-0.00156650
240.16200411,-0.00104331
240.36587599,0.00073994
240.56976576,0.00219651
240.77367342,0.00118526
240.97759896,0.00117714
241.18154239,0.00112504
241.38550369,-0.00002515
241.58948287,-0.00172346
241.79347992,0.00057823
241.99749484,0.00187280
242.20152762,0.00436977
242.40557826,0.00244725
242.60964676,-0.00051846
242.81373311,0.00189874
243.01783730,0.00373366
243.22195934,0.00123898
243.42609923,-0.00117141
243.63025695,0.00148755
243.83443250,-0.00021730
244.03862589,-0.00112806
244.24283710,0.00159995
244.44706613,0.00090832
244.65131298,-0.00156189
244.85557765,0.00464168
245.05986013,-0.00169420
245.26416042,-0.00101054
245.46847851,0.00000167
245.67281440,-0.00084402
245.87716809,0.00201060
246.08153957,0.00128714
246.28592885,-0.00065973
246.49033590,-0.00235686
246.69476074,-0.00243694
246.89920336,0.00063226
247.10366375,0.00041772
247.30814192,0.00291001
247.51263785,0.00104706
247.71715155,0.00153975
247.92168300,-0.00040790
248.12623221,0.00321803
248.33079918,0.00184538
248.53538389,0.00123687
248.73998635,0.00099295
248.94460655,0.00477811
249.14924448,0.00156686
249.35390016,0.00195664
249.55857356,-0.00154328
249.76326469,-0.00007602
249.96797354,-0.00122818
250.17270011,0.00140452
250.37744440,-0.00139351
250.58220640,-0.00369857
250.78698610,0.00002726
250.99178352,0.00244879
251.19659863,-0.00112391
251.40143144,-0.00169717
251.60628194,-0.00002954
251.81115014,0.00061117
252.01603602,-0.00010769
252.22093958,0.00000081
252.42586082,-0.00342662
252.63079974,0.00064133
252.83575632,-0.00039092
253.04073058,0.00167773
253.24572250,-0.00213142
253.45073208,0.00102777
253.65575931,0.00217621
253.86080420,-0.00249234
254.06586674,-0.00076450
254.27094692,0.00195183
254.47604475,0.00090467
254.68116021,-0.00040674
254.88629331,-0.00084311
255.09144404,0.00182074
255.29661240,-0.00071019
255.50179838,-0.00226701
255.70700198,0.00085958
255.91222319,-0.00082198
256.11746202,0.00154183
256.32271846,0.00053021
256.52799250,0.00143879
256.73328414,-0.00161276
256.93859338,-0.00018925
257.14392021,0.00008326
257.34926464,-0.00144796
257.55462665,0.00171014
257.76000624,-0.00120568
257.96540341,-0.00243613
258.17081816,0.00058473
258.37625048,-0.00100685
258.58170037,-0.00054634
258.78716782,-0.00139903
258.99265284,-0.00171952
259.19815541,0.00151852
259.40367553,0.00173964
259.60921320,0.00036203
259.81476842,-0.00197428
260.02034118,0.00228522
260.22593148,-0.00034732
260.43153931,0.00173092
260.63716468,0.00208762
260.84280757,0.00062832
261.04846799,-0.00139565
261.25414593,0.00349233
261.45984138,-0.00208458
261.66555434,0.00036309
261.87128482,0.00137632
262.07703280,-0.00004487
262.28279828,0.00184492
262.48858126,0.00152017
262.69438173,0.00038715
262.90019970,0.00060756
263.10603515,0.00126362
263.31188808,0.00063827
263.51775850,0.00030382
263.72364639,0.00261061
263.92955175,0.00214324
264.13547458,-0.00018960
264.34141487,0.00118380
264.54737263,0.00044417
264.75334784,-0.00029636
264.95934051,-0.00197729
265.16535062,-0.00252161
265.37137818,0.00099278
265.57742319,0.00172916
265.78348563,0.00041861
265.98956551,0.00162328
266.19566282,0.00107692
266.40177756,-0.00224495
266.60790972,0.00146245
266.81405931,-0.00145749
267.02022631,-0.00046246
267.22641072,-0.00112321
267.43261254,0.00310627
267.63883177,-0.00057812
267.84506840,0.00080543
268.05132243,-0.00018535
268.25759385,-0.00144659
268.46388266,0.00359336
268.67018886,-0.00013261
268.87651245,-0.00200051
269.08285341,-0.00013444
269.28921175,-0.00216770
269.49558746,0.00019259
269.70198054,0.00050195
269.90839099,-0.00056627
270.11481880,0.00179012
270.32126396,0.00021780
270.52772648,-0.00024331
270.73420635,-0.00004531
270.94070356,0.00080690
271.14721812,0.00250346
271.35375002,0.00220342
271.56029925,0.00041940
271.76686582,0.00231083
271.97344971,-0.00068847
272.18005093,0.00332778
272.38666947,0.00275597
272.59330532,0.00027775
272.79995849,0.00096306
273.00662897,0.00047210
273.21331676,0.00157304
273.42002184,0.00190187
273.62674423,0.00008418
273.83348391,0.00145967
274.04024088,-0.00216998
274.24701514,-0.00015817
274.45380668,-0.00189104
274.66061550,-0.00040597
274.86744160,0.00162767
275.07428498,0.00230521
275.28114562,0.00134908
275.48802352,0.00264151
275.69491869,-0.00035538
275.90183112,0.00071937
276.10876080,-0.00123852
276.31570773,-0.00134313
276.52267191,0.00223038
276.72965333,-0.00268177
276.93665199,0.00279984
277.14366789,0.00118087
277.35070102,-0.00106651
277.55775137,-0.00095939
277.76481895,-0.00166943
277.97190376,-0.00265430
278.17900578,0.00082945
278.38612501,0.00063764
278.59326146,0.00014018
278.80041511,-0.00115009
279.00758596,0.00184246
279.21477401,0.00028007
279.42197926,0.00195808
279.62920170,0.00063135
279.83644133,0.00086055
280.04369814,0.00140286
280.25097213,-0.00084841
280.45826330,-0.00065662
280.66557164,0.00080184
280.87289715,-0.00004663
281.08023982,0.00288934
281.28759966,0.00151385
281.49497666,0.00211388
281.70237081,0.00187041
281.90978211,-0.00045824
282.11721056,0.00046764
282.32465616,-0.00147948
282.53211889,0.00203574
282.73959876,0.00094450
282.94709576,0.00130078
283.15460989,-0.00002149
283.36214115,0.00013694
283.56968952,0.00178748
283.77725502,-0.00101701
283.98483763,-0.00029559
284.19243735,0.00014492
284.40005417,0.00294327
284.60768810,-0.00100720
284.81533913,0.00042095
285.02300725,0.00014332
285.23069247,0.00335660
285.43839477,0.00164785
285.64611416,-0.00103673
285.85385063,0.00011097
286.06160417,-0.00249025
286.26937479,0.00011141
286.47716248,0.00403932
286.68496724,-0.00068091
286.89278906,0.00278170
287.10062793,-0.00279609
287.30848386,0.00228269
287.51635685,0.00264019
287.72424688,0.00060769
287.93215395,0.00083374
288.14007806,0.00124112
288.34801921,0.00058312
288.55597740,-0.00064983
288.76395261,0.00121107
288.97194485,-0.00040249
289.17995411,-0.00026861
289.38798039,0.00035813
289.59602368,-0.00057105
289.80408398,0.00110103
290.01216129,-0.00133621
290.22025561,-0.00057017
290.42836692,-0.00180206
290.63649523,0.00024845
290.84464053,0.00019569
291.05280282,0.00008713
291.26098209,-0.00122931
291.46917835,-0.00117232
291.67739158,0.00135288
291.88562179,0.00052413
292.09386897,-0.00163805
292.30213311,0.00263875
292.51041422,-0.00257615
292.71871228,-0.00059968
292.92702730,-0.00007496
293.13535928,0.00157283
293.34370820,-0.00011091
293.55207406,-0.00145464
293.76045686,0.00309805
293.96885661,0.00187148
294.17727328,0.00049875
294.38570689,0.00216974
294.59415742,0.00096661
294.80262487,0.00286118
295.01110924,-0.00018327
295.21961052,0.00288101
295.42812872,0.00247593
295.63666382,0.00129396
295.84521583,0.00014223
296.05378474,-0.00329415
296.26237054,0.00384939
296.47097324,0.00036288
296.67959282,0.00005778
296.88822929,-0.00007735
297.09688264,0.00008759
297.30555287,-0.00073339
297.51423998,-0.00026934
297.72294395,0.00288336
297.93166479,0.00060851
298.14040250,0.00109973
298.34915706,-0.00109555
298.55792848,0.00020110
298.76671675,0.00489138
298.97552187,-0.00068108
299.18434383,0.00343679
299.39318264,-0.00073652
299.60203828,0.00182177
299.81091075,0.00008769
300.01980006,-0.00088176
300.22870619,-0.00383319
300.43762914,-0.00024395
300.64656892,0.00035933
300.85552550,-0.00007679
301.06449890,-0.00106457
301.27348911,0.00273006
301.48249612,0.00184109
301.69151993,0.00397910
301.90056054,-0.00019139
302.10961794,0.00124232
302.31869213,-0.00188668
302.52778310,0.00362822
302.73689086,0.00183708
302.94601539,0.00104163
303.15515670,-0.00249118
303.36431478,-0.00019079
303.57348963,0.00172934
303.78268124,0.00173542
303.99188961,0.00200501
304.20111474,-0.00255158
304.41035662,-0.00202114
304.61961524,-0.00139372
304.82889062,0.00227847
305.03818273,0.00371320
305.24749158,-0.00145077
305.45681716,0.00057737
305.66615948,0.00035514
305.87551852,0.00304762
306.08489429,0.00162693
306.29428677,0.00272347
306.50369597,-0.00134029
306.71312188,0.00241712
306.92256450,-0.00100942
307.13202382,0.00013763
307.34149984,0.00118730
307.55099256,0.00258206
307.76050198,0.00206191
307.97002808,0.00252826
308.17957087,0.00228006
308.38913034,0.00269838
308.59870649,-0.00184091
308.80829931,0.00165165
309.01790881,0.00008671
309.22753497,0.00025601
309.43717780,-0.00400437
309.64683728,0.00272510
309.85651343,-0.00136820
310.06620622,-0.00129170
310.27591567,0.00135277
310.48564176,-0.00197124
310.69538449,-0.00150255
310.90514386,0.00113127
311.11491986,-0.00158510
311.32471250,0.00063460
311.53452176,0.00162075
311.74434764,0.00080044
311.95419014,0.00014018
312.16404926,0.00099239
312.37392499,0.00031299
312.58381733,0.00140881
312.79372628,0.00184580
313.00365182,0.00346451
313.21359397,0.00014021
313.42355270,0.00002378
313.63352803,0.00137189
313.84351994,-0.00139235
314.05352843,-0.00205454
314.26355351,0.00118403
314.47359516,-0.00057313
314.68365338,-0.00081548
314.89372816,-0.00128499
315.10381952,-0.00101220
315.31392743,0.00145732
315.52405190,0.00102125
315.73419292,0.00118632
315.94435049,0.00019194
316.15452461,0.00061031
316.36471526,-0.00029724
316.57492246,0.00217175
316.78514619,-0.00205415
316.99538646,-0.00285731
317.20564324,0.00273009
317.41591656,-0.00101237
317.62620639,0.00233939
317.83651274,0.00118280
318.04683560,0.00011490
318.25717497,-0.00067500
318.46753084,0.00151652
318.67790322,0.00417435
318.88829209,0.00096928
319.09869746,0.00156956
319.30911932,-0.00134545
319.51955766,0.00047407
319.73001249,0.00140631
319.94048380,0.00313513
320.15097158,-0.00051561
320.36147583,0.00368845
320.57199655,0.00184464
320.78253374,0.00110849
320.99308739,0.00142909
321.20365749,-0.00078591
321.41424405,0.00106567
321.62484706,0.00102433
321.83546651,0.00321627
322.04610240,0.00491332
322.25675474,0.00239508
322.46742351,-0.00244105
322.67810870,-0.00035482
322.88881033,-0.00056817
323.09952838,-0.00046225
323.31026285,0.00019590
323.52101374,-0.00046485
323.73178104,0.00041476
323.94256475,0.00052726
324.15336487,-0.00227467
324.36418138,0.00288695
324.57501430,0.00102475
324.78586360,-0.00136465
324.99672930,0.00159737
325.20761139,-0.00150196
325.41850986,-0.00106809
325.62942471,0.00392353
325.84035593,-0.00067901
326.05130353,0.00154172
326.26226749,-0.00038080
326.47324782,-0.00103997
326.68424451,-0.00161107
326.89525756,0.00239336
327.10628696,0.00107115
327.31733271,0.00110583
327.52839481,0.00136848
327.73947325,0.00168286
327.95056803,0.00255650
328.16167915,0.00095915
328.37280659,0.00286566
328.58395037,0.00244711
328.79511046,0.00128644
329.00628688,-0.00043400
329.21747962,0.00024719
329.42868867,-0.00098546
329.63991403,0.00038754
329.85115569,0.00285846
330.06241365,0.00584854
330.27368792,0.00043906
330.48497848,0.00211599
330.69628533,0.00013005
330.90760846,0.00222641
331.11894788,-0.00139541
331.33030358,-0.00054539
331.54167556,0.00117785
331.75306381,0.00272225
331.96446832,0.00255267
332.17588911,0.00090962
332.38732615,0.00250402
332.59877945,0.00019913
332.81024901,-0.00063015
333.02173481,0.00028114
333.23323686,0.00069490
333.44475516,-0.00095792
333.65628969,0.00025126
333.86784046,0.00266555
334.07940747,-0.00051583
334.29099070,0.00162180
334.50259015,-0.00122540
334.71420583,0.00310508
334.92583772,-0.00189150
335.13748582,0.00384491
335.34915014,0.00313294
335.56083066,0.00327329
335.77252739,0.00231597
335.98424031,-0.00018601
336.19596943,0.00085928
336.40771473,0.00447649
336.61947623,0.00305193
336.83125391,-0.00045944
337.04304777,0.00151803
337.25485781,0.00242014
337.46668402,0.00079743
337.67852640,-0.00076336
337.89038494,-0.00161269
338.10225965,-0.00063486
338.31415051,0.00164745
338.52605753,0.00069497
338.73798070,0.00225947
338.94992001,-0.00002350
339.16187547,0.00118273
339.37384707,0.00206319
339.58583481,0.00030094
339.79783867,-0.00244330
340.00985867,0.00017356
340.22189479,0.00140919
340.43394703,0.00008987
340.64601539,0.00058297
340.85809986,0.00118245
341.07020044,-0.00158643
341.28231713,0.00201113
341.49444992,0.00024785
341.70659882,0.00138304
341.91876380,0.00162142
342.13094488,0.00252550
342.34314204,0.00099455
342.55535529,0.00176033
342.76758462,0.00165414
342.97983003,0.00148667
343.19209151,-0.00189027
343.40436906,0.00335588
343.61666268,0.00305080
343.82897235,0.00239877
344.04129809,0.00354492
344.25363988,0.00300032
344.46599772,0.00206277
344.67837161,0.00096561
344.89076154,-0.00030304
345.10316751,-0.00188914
345.31558952,0.00017006
345.52802756,0.00173472
345.74048163,-0.00238593
345.95295173,-0.00101234
346.16543784,-0.00004854
346.37793998,0.00058108
346.59045813,0.00085517
346.80299228,-0.00024338
347.01554245,0.00110713
347.22810862,-0.00236324
347.44069079,0.00112803
347.65328895,-0.00091278
347.86590310,0.00050128
348.07853325,-0.00010808
348.29117938,-0.00134320
348.50384148,0.00178688
348.71651957,0.00129902
348.92921363,-0.00046037
349.14192366,0.00109821
349.35464966,0.00069135
349.56739161,-0.00334835
349.78014953,0.00129584
349.99292340,0.00154489
350.20571322,0.00329964
350.41851899,0.00014303
350.63134071,0.00206066
350.84417836,-0.00098755
351.05703196,0.00011845
351.26990148,-0.00082124
351.48278693,-0.00128815
351.69568831,0.00357463
351.90860561,0.00160412
352.12153883,-0.00114908
352.33448796,0.00008302
352.54745301,0.00387185
352.76043396,0.00044570
352.97343081,0.00134300
353.18644357,0.00211990
353.39947222,0.00228867
353.61251676,-0.00010548
353.82557719,-0.00013103
354.03865351,0.00140490
354.25174570,-0.00079372
354.46485378,0.00014693
354.67797773,0.00123929
354.89111754,-0.00065373
355.10427323,-0.00159501
355.31744478,-0.00178804
355.53063218,0.00068956
355.74383545,0.00091412
355.95705456,0.00156728
356.17028952,0.00209641
356.38354033,0.00095480
356.59680697,0.00095458
356.81008946,-0.00111688
357.02338777,0.00085215
357.23670192,0.00321761
357.45003189,0.00266843
357.66337769,0.00201046
357.87673930,-0.00224614
358.09011673,0.00014208
358.30350996,-0.00043186
358.51691901,0.00013512
358.73034386,0.00044570
358.94378451,-0.00205106
359.15724095,0.00299642
359.37071319,-0.00343337
359.58420122,0.00524355
359.79770503,0.00058487
360.01122463,0.00118358
360.22476000,-0.00117422
360.43831115,0.00198795
360.65187806,-0.00222155
360.86546075,0.00013403
361.07905919,0.00153807
361.29267340,0.00247700
361.50630336,0.00029433
361.71994907,0.00027888
361.93361053,0.00041902
362.14728774,0.00236485
362.36098069,0.00044654
362.57468937,0.00261419
362.78841379,-0.00073378
363.00215394,-0.00024229
363.21590981,0.00183722
363.42968141,-0.00002160
363.64346873,0.00282979
363.85727176,0.00132110
364.07109050,0.00085271
364.28492495,0.00181974
364.49877510,-0.00019002
364.71264096,0.00239093
364.92652251,-0.00342891
365.14041975,-0.00035456
365.35433268,0.00068974
365.56826130,0.00027313
365.78220560,0.00089757
365.99616558,-0.00139646
366.21014124,0.00074647
366.42413256,0.00020328
366.63813955,0.00069132
366.85216221,0.00370698
367.06620052,0.00042056
367.28025449,-0.00035050
367.49432411,0.00057925
367.70840938,0.00201264
367.92251030,0.00145841
368.13662686,0.00030797
368.35075905,0.00135059
368.56490688,0.00175641
368.77907034,-0.00030406
368.99324943,0.00228438
369.20744414,-0.00059469
369.42165446,0.00203261
369.63588041,0.00316139
369.85012196,0.00063912
370.06437912,-0.00073613
370.27865189,0.00033484
370.49294026,0.00085123
370.70724422,0.00146287
370.92156378,0.00079892
371.13589893,0.00267163
371.35024966,-0.00037941
371.56461598,0.00137798
371.77899788,0.00190047
371.99339534,0.00225158
372.20780838,0.00184594
372.42223699,0.00305614
372.63668116,0.00258484
372.85114090,0.00190184
373.06561618,0.00381497
373.28010703,0.00069265
373.49461342,0.00250304
373.70913535,0.00505347
373.92367283,0.00475245
374.13822584,0.00003247
374.35279439,0.00129185
374.56737847,0.00118414
374.78197808,0.00327540
374.99659321,-0.00073142
375.21122386,0.00521945
375.42587002,0.00255875
375.64053170,0.00370789
375.85520888,0.00131667
376.06990157,0.00173472
376.28460976,0.00288477
376.49933345,0.00102327
376.71407263,0.00143194
376.92882731,-0.00007855
377.14359746,0.00206333
377.35838311,-0.00013356
377.57318422,0.00408833
377.78800082,0.00549335
378.00283289,0.00252462
378.21768042,0.00398786
378.43254342,0.00148375
378.64742188,0.00278075
378.86231579,0.00343299
379.07722516,0.00063778
379.29214998,0.00151754
379.50709024,0.00573577
379.72204595,0.00156383
379.93701709,0.00000274
380.15200367,-0.00021396
380.36700568,0.00118351
380.58202311,0.00096650
380.79705597,0.00167636
381.01210425,0.00192794
381.22716795,0.00238872
381.44224706,0.00321708
381.65734157,0.00205679
381.87245150,0.00250075
382.08757682,0.00288691
382.30271754,0.00386756
382.51787365,0.00127000
382.73304516,0.00749950
382.94823205,0.00236815
383.16343433,0.00247526
383.37865198,0.00101494
383.59388501,0.00170538
383.80913341,0.00409350
384.02439718,0.00440325
384.23967631,0.00151662
384.45497081,0.00499770
384.67028066,-0.00145330
384.88560586,0.00329568
385.10094642,0.00228347
385.31630232,0.00297334
385.53167356,0.00497378
385.74706014,0.00233465
385.96246206,0.00386844
386.17787931,0.00310286
386.39331188,0.00277892
386.60875978,0.00343710
386.82422300,0.00359498
387.03970154,0.00593258
387.25519539,0.00513695
387.47070454,0.00349005
387.68622901,0.00326970
387.90176877,0.00469817
388.11732383,0.00118523
388.33289419,0.00331952
388.54847984,0.00222676
388.76408077,0.00447653
388.97969699,0.00250416
389.19532849,0.00617829
389.41097526,0.00463845
389.62663730,0.00527765
389.84231462,0.00274976
390.05800720,0.00345897
390.27371504,0.00359765
390.48943813,0.00590725
390.70517648,0.00146277
390.92093008,0.00491479
391.13669893,0.00481169
391.35248302,0.00365608
391.56828235,0.00269280
391.78409691,0.00513777
391.99992671,0.00173324
392.21577173,0.00370958
392.43163198,0.00592597
392.64750745,0.00573616
392.86339813,0.00458526
393.07930403,0.00376600
393.29522514,0.00274292
393.51116145,0.00340487
393.72711297,0.00340561
393.94307968,0.00456195
394.15906159,0.00495068
394.37505869,0.00268641
394.59107097,0.00466917
394.80709844,0.00530387
395.02314109,0.00374164
395.23919892,0.00291017
395.45527192,0.00351555
395.67136009,0.00341000
395.88746342,0.00557811
396.10358191,0.00516586
396.31971556,0.00387519
396.53586437,0.00832277
396.75202832,0.00650813
396.96820743,0.00595921
397.18440167,0.00524278
397.40061106,0.00568584
397.61683558,0.00650617
397.83307523,0.00774396
398.04933001,0.00771401
398.26559992,0.00458995
398.48188494,0.00376133
398.69818509,0.00104271
398.91450034,0.00491479
399.13083071,0.00626568
399.34717618,0.00480399
399.56353676,0.00365464
399.77991243,0.00217414
399.99630320,0.00796849
400.21270906,0.00727255
400.42913001,0.00464411
400.64556604,0.00392690
400.86201715,0.00648261
401.07848334,0.00513475
401.29496460,0.00820623
401.51146093,0.00475323
401.72797232,0.00404024
401.94449878,0.00810464
402.16104030,0.00804737
402.37759687,0.00765959
402.59416849,0.00741742
402.81075515,0.00718808
403.02735686,0.00793235
403.24397361,0.00620694
403.46060540,0.00458410
403.67725222,0.00592775
403.89391407,0.00650124
404.11059094,0.00647857
404.32728283,0.00481235
404.54398974,0.00702957
404.76071167,0.00458674
404.97744860,0.00832460
405.19420054,0.00590781
405.41096749,0.00584721
405.62774943,0.00628783
405.84454637,0.00787498
406.06135830,0.00677956
406.27818521,0.00661525
406.49502712,0.00850970
406.71188400,0.00977648
406.92875586,0.00864829
407.14564269,0.00737886
407.36254449,0.00711338
407.57946126,0.00897680
407.79639299,0.00762641
408.01333968,0.00639772
408.23030132,0.00754721
408.44727792,0.00735620
408.66426946,0.00771471
408.88127594,0.01072647
409.09829737,0.01020896
409.31533373,0.00963667
409.53238502,0.00694161
409.74945125,0.00672517
409.96653239,0.01117424
410.18362846,0.00722172
410.40073945,0.01002663
410.61786535,0.00513673
410.83500616,0.00771834
411.05216188,0.00809543
411.26933250,0.00673111
411.48651803,0.01213728
411.70371844,0.00908796
411.92093375,0.00936631
412.13816395,0.00680719
412.35540903,0.00853527
412.57266899,0.00653489
412.78994383,0.00785185
413.00723355,0.00721448
413.22453813,0.00966441
413.44185758,0.00519201
413.65919189,0.00536012
413.87654106,0.00546073
414.09390509,0.01152917
414.31128396,0.00634393
414.52867769,0.00647838
414.74608626,0.00721736
414.96350966,0.00782116
415.18094791,0.00821014
415.39840099,0.00807179
415.61586890,0.00699772
415.83335163,0.00507966
416.05084918,0.00738314
416.26836156,0.00845277
416.48588875,0.01015266
416.70343074,0.00996100
416.92098755,0.00843016
417.13855916,0.00946439
417.35614557,0.00453281
417.57374677,0.00847839
417.79136277,0.00947075
418.00899355,0.00713928
418.22663913,0.00782619
418.44429948,0.00637443
418.66197461,0.00771261
418.87966451,0.00853731
419.09736918,0.00664595
419.31508862,0.00719237
419.53282283,0.00543131
419.75057179,0.00612696
419.96833550,0.00909039
420.18611397,0.00469656
420.40390719,0.00826037
420.62171515,0.00776924
420.83953785,0.00724706
421.05737529,0.01087046
421.27522746,0.00836228
421.49309437,0.00809775
421.71097599,0.00603577
421.92887234,0.00933525
422.14678341,0.00743264
422.36470920,0.01034597
422.58264969,0.00771749
422.80060489,0.00757839
423.01857480,0.00853742
423.23655940,0.00513190
423.45455870,0.00650641
423.67257270,0.00974843
423.89060138,0.00909074
424.10864475,0.00755656
424.32670280,0.00848655
424.54477553,0.00914512
424.76286293,0.00645108
424.98096500,0.00812378
425.19908174,0.00551822
425.41721315,0.00755294
425.63535921,0.00705861
425.85351993,0.00875516
426.07169530,0.01032546
426.28988531,0.01031964
426.50808998,0.00677534
426.72630928,0.00677913
426.94454322,0.00870528
427.16279180,0.00393112
427.38105500,0.00689131
427.59933283,0.00690683
427.81762529,0.00689641
428.03593236,0.00757540
428.25425405,0.00765492
428.47259035,0.00872767
428.69094125,0.00708304
428.90930676,0.01062435
429.12768688,0.01032196
429.34608158,0.00983023
429.56449089,0.00765615
429.78291478,0.00858753
430.00135325,0.00972048
430.21980631,0.00864945
430.43827395,0.00655580
430.65675616,0.00807595
430.87525294,0.00727744
431.09376429,0.00795905
431.31229020,0.00689085
431.53083067,0.00859514
431.74938570,0.00831971
431.96795528,0.01216307
432.18653941,0.00738817
432.40513808,0.00504931
432.62375130,0.01140571
432.84237905,0.00980517
433.06102134,0.00870570
433.27967815,0.00617681
433.49834950,0.00924851
433.71703536,0.00963279
433.93573575,0.00900424
434.15445065,0.01366436
434.37318007,0.00946913
434.59192399,0.00996624
434.81068241,0.00788103
435.02945534,0.00603862
435.24824276,0.01402442
435.46704468,0.00991551
435.68586109,0.01144421
435.90469198,0.00659015
436.12353735,0.00859134
436.34239721,0.01007276
436.56127153,0.00881137
436.78016033,0.00991260
436.99906360,0.01185373
437.21798133,0.00947230
437.43691352,0.01149845
437.65586017,0.00907766
437.87482127,0.01084041
438.09379682,0.00788103
438.31278681,0.00966826
438.53179125,0.00971856
438.75081012,0.01303831
438.96984343,0.01202579
439.18889117,0.00773969
439.40795333,0.01243227
439.62702992,0.01416001
439.84612093,0.01394666
440.06522636,0.01457749
440.28434619,0.01353111
440.50348044,0.01243688
440.72262909,0.01320196
440.94179214,0.01454503
441.16096958,0.01528159
441.38016143,0.01511865
441.59936766,0.01682030
441.81858828,0.01649232
442.03782328,0.01611072
442.25707266,0.01625048
442.47633641,0.01583819
442.69561454,0.01515403
442.91490703,0.01432741
443.13421389,0.01863511
443.35353511,0.01777912
443.57287068,0.01895318
443.79222061,0.02006172
444.01158489,0.02071744
444.23096351,0.01703516
444.45035648,0.02083373
444.66976378,0.02248174
444.88918542,0.02269821
445.10862139,0.02406938
445.32807169,0.02275130
445.54753631,0.01898923
445.76701525,0.01994715
445.98650851,0.02099340
446.20601607,0.02231451
446.42553795,0.02395883
446.64507413,0.02409287
446.86462462,0.02414570
447.08418940,0.02577002
447.30376848,0.02530804
447.52336184,0.02033304
447.74296949,0.02352383
447.96259143,0.02521933
448.18222765,0.02538600
448.40187814,0.01984299
448.62154290,0.02220198
448.84122193,0.02593267
449.06091522,0.02275098
449.28062278,0.02266675
449.50034459,0.02472706
449.72008066,0.02066461
449.93983098,0.02030026
450.15959554,0.02702915
450.37937434,0.02365782
450.59916739,0.02527410
450.81897466,0.02143075
451.03879617,0.02211951
451.25863191,0.02302477
451.47848187,0.02088506
451.69834605,0.02382064
451.91822445,0.02464193
452.13811706,0.02063680
452.35802388,0.02543560
452.57794490,0.02714425
452.79788013,0.02302201
453.01782956,0.02607545
453.23779317,0.02686326
453.45777098,0.02774515
453.67776298,0.02351860
453.89776916,0.02692018
454.11778952,0.02939117
454.33782406,0.02821471
454.55787276,0.02658544
454.77793564,0.02831968
454.99801268,0.02708491
455.21810388,0.02772191
455.43820924,0.03070489
455.65832876,0.02795818
455.87846242,0.02919093
456.09861023,0.03282048
456.31877218,0.02908426
456.53894827,0.02889866
456.75913850,0.02864914
456.97934286,0.02659391
457.19956135,0.03232945
457.41979396,0.03037990
457.64004069,0.02999268
457.86030154,0.03328971
458.08057650,0.03427855
458.30086557,0.03027279
458.52116874,0.03235037
458.74148602,0.03076096
458.96181740,0.03287511
459.18216287,0.03259738
459.40252243,0.03471186
459.62289608,0.03331741
459.84328382,0.03537043
460.06368563,0.03761928
460.28410152,0.03550644
460.50453148,0.03591643
460.72497551,0.03506977
460.94543361,0.03707334
461.16590577,0.03715203
461.38639198,0.03367059
461.60689225,0.03946576
461.82740657,0.03981565
462.04793494,0.04110256
462.26847735,0.03691188
462.48903380,0.04240352
462.70960428,0.04157232
462.93018880,0.04058808
463.15078734,0.04362886
463.37139991,0.04178870
463.59202650,0.04272154
463.81266711,0.04420642
464.03332173,0.04675577
464.25399036,0.04919624
464.47467300,0.04252373
464.69536964,0.04538449
464.91608028,0.04859891
465.13680491,0.04667157
465.35754354,0.04983303
465.57829615,0.04341054
465.79906274,0.04541212
466.01984332,0.04629323
466.24063787,0.04828878
466.46144640,0.05121899
466.68226889,0.04541149
466.90310535,0.04821630
467.12395578,0.04793802
467.34482016,0.04412560
467.56569849,0.04711672
467.78659078,0.04772316
468.00749701,0.04868147
468.22841719,0.05093103
468.44935130,0.04343782
468.67029935,0.04552892
468.89126134,0.04640722
469.11223725,0.04662271
469.33322709,0.04536329
469.55423085,0.04321958
469.77524852,0.04223018
469.99628011,0.04629258
470.21732561,0.04689367
470.43838502,0.04903566
470.65945833,0.04766365
470.88054554,0.05038112
471.10164664,0.05073654
471.32276164,0.04382145
471.54389052,0.04744485
471.76503329,0.04664633
471.98618994,0.04349505
472.20736046,0.04809764
472.42854486,0.04184999
472.64974313,0.04217306
472.87095527,0.04472993
473.09218126,0.03948703
473.31342112,0.04242750
473.53467483,0.04110720
473.75594239,0.04497977
473.97722379,0.04181372
474.19851905,0.04426249
474.41982814,0.04185101
474.64115107,0.04388163
474.86248783,0.04568732
475.08383842,0.04585390
475.30520283,0.04327871
475.52658107,0.04439532
475.74797312,0.04327316
475.96937899,0.04047432
476.19079867,0.04182352
476.41223216,0.04415622
476.63367944,0.04569483
476.85514053,0.04574858
477.07661542,0.04305883
477.29810409,0.04113599
477.51960656,0.04744815
477.74112281,0.04398948
477.96265284,0.04802501
478.18419664,0.04494865
478.40575422,0.04398583
478.62732557,0.04123751
478.84891069,0.04826151
479.07050957,0.04244441
479.29212221,0.04503088
479.51374860,0.04640082
479.73538875,0.04524771
479.95704264,0.04730097
480.17871027,0.04500543
480.40039165,0.04173743
480.62208676,0.04505768
480.84379561,0.04154013
481.06551819,0.04410127
481.28725449,0.04234130
481.50900451,0.04387509
481.73076825,0.04708695
481.95254571,0.04244332
482.17433688,0.04217896
482.39614175,0.04011099
482.61796033,0.04250041
482.83979260,0.04143905
483.06163858,0.04657198
483.28349824,0.04264538
483.50537160,0.04113310
483.72725864,0.04470057
483.94915936,0.04223306
484.17107375,0.04502887
484.39300183,0.04105215
484.61494357,0.04173761
484.83689898,0.04437340
485.05886805,0.04727812
485.28085078,0.04442683
485.50284716,0.04008872
485.72485720,0.03764754
485.94688089,0.04429163
486.16891822,0.04267235
486.39096919,0.04184560
486.61303380,0.04596344
486.83511204,0.04255975
487.05720391,0.04390490
487.27930941,0.04154519
487.50142853,0.04437762
487.72356126,0.04195981
487.94570762,0.04506095
488.16786758,0.04299892
488.39004115,0.04239860
488.61222833,0.04215316
488.83442910,0.03657546
489.05664347,0.04434067
489.27887144,0.04042265
489.50111299,0.03855778
489.72336813,0.04387773
489.94563685,0.04192303
490.16791915,0.04382486
490.39021502,0.04595992
490.61252446,0.04283831
490.83484747,0.04856448
491.05718404,0.04591060
491.27953418,0.04705826
491.50189786,0.04752507
491.72427510,0.04821025
491.94666589,0.04815682
492.16907023,0.04864939
492.39148810,0.04634478
492.61391951,0.05002425
492.83636446,0.04788429
493.05882293,0.04719832
493.28129494,0.05177909
493.50378046,0.05252203
493.72627950,0.05474375
493.94879206,0.05046832
494.17131813,0.05018445
494.39385771,0.05501791
494.61641079,0.04870690
494.83897737,0.05281954
495.06155745,0.04634749
495.28415102,0.05559339
495.50675808,0.05381407
495.72937863,0.05073801
495.95201266,0.04821327
496.17466017,0.04643017
496.39732115,0.04596537
496.61999560,0.04705872
496.84268352,0.04936336
497.06538491,0.04310484
497.28809975,0.04585031
497.51082805,0.04983198
497.73356980,0.04376496
497.95632500,0.04478795
498.17909365,0.04694602
498.40187573,0.04234345
498.62467126,0.04349093
498.84748022,0.04343377
499.07030261,0.04264348
499.29313842,0.04113630
499.51598766,0.04492566
499.73885032,0.04377413
499.96172639,0.04168460
500.18461588,0.04451289
500.40751877,0.04315975
500.63043507,0.04579280
500.85336476,0.04343785
501.07630786,0.04354894
501.29926435,0.04559982
501.52223423,0.04214973
501.74521749,0.04656144
501.96821414,0.04580029
502.19122417,0.04694542
502.41424757,0.04771817
502.63728434,0.04497326
502.86033448,0.04456476
503.08339798,0.04458991
503.30647484,0.04486868
503.52956506,0.04448076
503.75266864,0.04738797
503.97578556,0.04444910
504.19891582,0.04837737
504.42205943,0.04466881
504.64521638,0.04569168
504.86838666,0.04601473
505.09157027,0.05095794
505.31476721,0.04713822
505.53797747,0.05155683
505.76120105,0.04793612
505.98443795,0.05040750
506.20768816,0.05398066
506.43095168,0.05660389
506.65422850,0.05713207
506.87751863,0.06000932
507.10082205,0.06039836
507.32413876,0.05737268
507.54746877,0.06082453
507.77081206,0.06465196
507.99416863,0.06300190
508.21753849,0.06092003
508.44092162,0.06664535
508.66431802,0.06041759
508.88772768,0.05885698
509.11115062,0.06207315
509.33458681,0.05962614
509.55803626,0.06263990
509.78149896,0.06006792
510.00497491,0.06174173
510.22846411,0.06173983
510.45196655,0.06061603
510.67548223,0.05945902
510.89901114,0.05570545
511.12255328,0.05739783
511.34610865,0.05874895
511.56967725,0.05523941
511.79325906,0.05526261
512.01685409,0.05814026
512.24046234,0.05671629
512.46408379,0.05759686
512.68771845,0.05658411
512.91136631,0.05781723
513.13502736,0.05724643
513.35870161,0.06018164
513.58238905,0.05607818
513.80608968,0.05957179
514.02980349,0.05978978
514.25353048,0.05781432
514.47727065,0.05298370
514.70102398,0.05089814
514.92479049,0.05276677
515.14857016,0.05287881
515.37236299,0.05268400
515.59616898,0.05299464
515.81998812,0.04936593
516.04382041,0.04720144
516.26766585,0.04305675
516.49152443,0.05021528
516.71539615,0.04623830
516.93928100,0.04464732
517.16317899,0.04865016
517.38709010,0.04760568
517.61101433,0.04843028
517.83495169,0.04846374
518.05890216,0.04963967
518.28286575,0.04964227
518.50684245,0.05298588
518.73083225,0.05106431
518.95483515,0.04963939
519.17885115,0.05364431
519.40288024,0.05216135
519.62692243,0.05565208
519.85097770,0.05664252
520.07504606,0.05910759
520.29912749,0.06127422
520.52322201,0.05627719
520.74732959,0.06047756
520.97145024,0.06494799
521.19558396,0.07065667
521.41973074,0.06423391
521.64389057,0.06651404
521.86806346,0.06843765
522.09224940,0.07191939
522.31644839,0.07329640
522.54066042,0.07219465
522.76488549,0.07455360
522.98912359,0.07394921
523.21337473,0.07630704
523.43763889,0.07811763
523.66191608,0.07696687
523.88620629,0.08096916
524.11050951,0.08250516
524.33482575,0.07811896
524.55915500,0.08163525
524.78349725,0.08662536
525.00785250,0.08560968
525.23222076,0.08618351
525.45660201,0.09126041
525.68099625,0.09337311
525.90540347,0.08997171
526.12982368,0.09296208
526.35425688,0.09650211
526.57870304,0.08678675
526.80316218,0.09661119
527.02763429,0.10160393
527.25211936,0.09441306
527.47661740,0.09968661
527.70112839,0.09529697
527.92565234,0.09649782
528.15018924,0.09592334
528.37473908,0.10237798
528.59930187,0.10119782
528.82387760,0.10473356
529.04846626,0.10574849
529.27306785,0.11357135
529.49768238,0.11790563
529.72230982,0.11976874
529.94695019,0.11658996
530.17160348,0.11566173
530.39626968,0.11394665
530.62094879,0.12196662
530.84564080,0.12509147
531.07034572,0.12805500
531.29506354,0.13112922
531.51979425,0.13222718
531.74453785,0.13431682
531.96929434,0.13332612
532.19406372,0.13290521
532.41884597,0.13249973
532.64364110,0.12575366
532.86844911,0.12503512
533.09326998,0.12117350
533.31810372,0.11872407
533.54295032,0.12070790
533.76780978,0.12591941
533.99268209,0.11941087
534.21756726,0.12536535
534.44246527,0.11770827
534.66737613,0.12124881
534.89229982,0.11757764
535.11723635,0.11987712
535.34218572,0.12320438
535.56714791,0.11944311
535.79212292,0.11342613
536.01711076,0.11521851
536.24211142,0.10670073
536.46712489,0.10736095
536.69215117,0.10418464
536.91719025,0.10265067
537.14224214,0.10133195
537.36730683,0.10215377
537.59238431,0.10155025
537.81747459,0.10322494
538.04257765,0.10094972
538.26769350,0.09853301
538.49282213,0.09446917
538.71796353,0.09894568
538.94311771,0.09372764
539.16828466,0.09677722
539.39346438,0.09554167
539.61865685,0.09282677
539.84386209,0.10047796
540.06908008,0.09466543
540.29431082,0.09820193
540.51955431,0.09419884
540.74481054,0.09595262
540.97007951,0.09584294
541.19536122,0.09576302
541.42065566,0.10242649
541.64596283,0.10135961
541.87128272,0.10341621
542.09661534,0.10517316
542.32196068,0.11093366
542.54731873,0.11946499
542.77268948,0.11570549
542.99807295,0.12089617
543.22346912,0.12183056
543.44887799,0.11782120
543.67429955,0.12316968
543.89973381,0.13030624
544.12518076,0.13623073
544.35064039,0.13274535
544.57611270,0.13326854
544.80159769,0.13853696
545.02709535,0.13946603
545.25260568,0.13886262
545.47812868,0.14687714
545.70366434,0.14914856
545.92921266,0.15120551
546.15477363,0.15499895
546.38034726,0.16112021
546.60593353,0.16204905
546.83153245,0.15824016
547.05714401,0.16192177
547.28276820,0.15872988
547.50840503,0.16015885
547.73405449,0.15708585
547.95971657,0.16677269
548.18539128,0.16712368
548.41107860,0.17972003
548.63677854,0.17821390
548.86249109,0.17991387
549.08821624,0.17798435
549.31395400,0.18268020
549.53970436,0.18337004
549.76546732,0.18479489
549.99124286,0.18880308
550.21703100,0.19060576
550.44283172,0.18825753
550.66864502,0.18432852
550.89447090,0.18227303
551.12030936,0.18649151
551.34616038,0.18098340
551.57202397,0.18207898
551.79790013,0.18270947
552.02378884,0.18956606
552.24969011,0.18375571
552.47560393,0.19198748
552.70153030,0.19064238
552.92746921,0.19489258
553.15342067,0.19797483
553.37938466,0.19530952
553.60536118,0.19400854
553.83135024,0.19763876
554.05735182,0.19621204
554.28336592,0.19972464
554.50939254,0.19846083
554.73543167,0.20208015
554.96148332,0.21017927
555.18754748,0.20598110
555.41362413,0.20910632
555.63971329,0.22195371
555.86581495,0.22170076
556.09192909,0.23009666
556.31805573,0.22726956
556.54419485,0.23127204
556.77034646,0.23121488
556.99651054,0.23704217
557.22268709,0.24619740
557.44887612,0.25050633
557.67507761,0.25530973
557.90129157,0.25950626
558.12751799,0.26184509
558.35375686,0.26463506
558.58000818,0.26903083
558.80627196,0.28209265
559.03254817,0.29042854
559.25883683,0.30475477
559.48513793,0.31249017
559.71145146,0.31797159
559.93777742,0.33167335
560.16411580,0.34563559
560.39046661,0.34706157
560.61682984,0.35310660
560.84320548,0.34975122
561.06959353,0.35677328
561.29599400,0.34838031
561.52240686,0.36599399
561.74883213,0.36812997
561.97526979,0.37334931
562.20171985,0.37312896
562.42818230,0.38295281
562.65465713,0.38613549
562.88114434,0.38827312
563.10764393,0.40012843
563.33415590,0.40989708
563.56068024,0.40593898
563.78721694,0.41406849
564.01376601,0.40325219
564.24032744,0.40358277
564.46690122,0.40473652
564.69348736,0.40762162
564.92008585,0.39101468
565.14669668,0.40418935
565.37331985,0.39918778
565.59995536,0.40876826
565.82660320,0.40401829
566.05326338,0.40848788
566.27993588,0.40149232
566.50662070,0.40325669
566.73331785,0.39612217
566.96002731,0.40122702
567.18674908,0.40517488
567.41348316,0.39859541
567.64022954,0.40338672
567.86698822,0.40308343
568.09375920,0.39532474
568.32054248,0.39924677
568.54733804,0.39293692
568.77414589,0.39387398
569.00096603,0.38497422
569.22779844,0.37125794
569.45464313,0.35671657
569.68150008,0.35974201
569.90836931,0.34585773
570.13525080,0.33926780
570.36214455,0.33287309
570.58905055,0.32895508
570.81596881,0.31583304
571.04289932,0.32560311
571.26984207,0.31418567
571.49679707,0.32322167
571.72376430,0.32933587
571.95074377,0.32390313
572.17773547,0.32637290
572.40473940,0.32879180
572.63175554,0.32374351
572.85878391,0.32544212
573.08582450,0.32510371
573.31287729,0.31024107
573.53994230,0.31254150
573.76701951,0.30302266
573.99410892,0.29465739
574.22121053,0.29364574
574.44832433,0.29801081
574.67545032,0.29092664
574.90258850,0.29742468
575.12973886,0.29805771
575.35690140,0.29640960
575.58407612,0.30041403
575.81126301,0.30664560
576.03846206,0.29972758
576.26567328,0.30713948
576.49289666,0.31134462
576.72013220,0.31495986
576.94737989,0.31879953
577.17463973,0.32670078
577.40191171,0.31490685
577.62919584,0.31924260
577.85649211,0.31276019
578.08380051,0.30283281
578.31112104,0.29281284
578.53845370,0.29399316
578.76579848,0.29054378
578.99315538,0.28853980
579.22052440,0.28763484
579.44790553,0.28491621
579.67529877,0.27923936
579.90270412,0.28170188
580.13012157,0.28581819
580.35755111,0.28489679
580.58499275,0.28357051
580.81244648,0.27948083
581.03991229,0.27687724
581.26739019,0.27599682
581.49488017,0.26656026
581.72238223,0.26946758
581.94989635,0.26711280
582.17742255,0.28511123
582.40496080,0.28533203
582.63251112,0.28428397
582.86007350,0.28741387
583.08764793,0.27925465
583.31523441,0.27835647
583.54283294,0.27325535
583.77044351,0.26930429
583.99806611,0.26743685
584.22570076,0.26184277
584.45334743,0.25339076
584.68100613,0.24477209
584.90867686,0.24246970
585.13635960,0.23023444
585.36405437,0.23072818
585.59176114,0.22740626
585.81947993,0.22842463
586.04721072,0.22973751
586.27495351,0.23039910
586.50270830,0.22995782
586.73047508,0.22474857
586.95825386,0.22216797
587.18604462,0.22219096
587.41384737,0.20740696
587.64166209,0.20666340
587.86948879,0.20628002
588.09732747,0.20278969
588.32517811,0.20352917
588.55304072,0.20159464
588.78091529,0.20271045
589.00880181,0.20040590
589.23670029,0.19552398
589.46461072,0.20125956
589.69253310,0.20043696
589.92046742,0.20271404
590.14841368,0.20899703
590.37637187,0.21464588
590.60434200,0.21442877
590.83232405,0.21522128
591.06031803,0.21668037
591.28832393,0.22181386
591.51634174,0.22125675
591.74437147,0.22963180
591.97241311,0.22636061
592.20046665,0.23544525
592.42853210,0.24229860
592.65660944,0.24976631
592.88469868,0.25451832
593.11279981,0.26211423
593.34091283,0.26386935
593.56903773,0.27344527
593.79717452,0.26990274
594.02532317,0.26853917
594.25348370,0.26595800
594.48165610,0.26724570
594.70984037,0.26211208
594.93803650,0.26672005
595.16624448,0.26224923
595.39446432,0.26409050
595.62269601,0.26425818
595.85093954,0.25736623
596.07919492,0.26436740
596.30746214,0.26996454
596.53574120,0.26809233
596.76403208,0.27177798
596.99233480,0.27078763
597.22064934,0.28208871
597.44897570,0.27364264
597.67731387,0.26400116
597.90566386,0.26113031
598.13402567,0.26711249
598.36239927,0.26052429
598.59078468,0.26372898
598.81918189,0.26798237
599.04759090,0.26551918
599.27601169,0.26090726
599.50444427,0.25319680
599.73288864,0.24373600
599.96134479,0.24573611
600.18981271,0.24471532
600.41829241,0.23966738
600.64678387,0.24198380
600.87528711,0.24285147
601.10380210,0.24406307
601.33232885,0.24606650
601.56086736,0.24483006
601.78941762,0.24801305
602.01797962,0.24663770
602.24655337,0.24475154
602.47513886,0.24515882
602.70373608,0.23429343
602.93234504,0.23635599
603.16096572,0.23399004
603.38959813,0.23520170
603.61824226,0.22976975
603.84689811,0.22063439
604.07556567,0.22839712
604.30424495,0.22189440
604.53293593,0.22071281
604.76163861,0.21517002
604.99035299,0.21550251
605.21907907,0.22082205
605.44781683,0.21522509
605.67656629,0.21036370
605.90532743,0.21058387
606.13410025,0.21437671
606.36288475,0.21404440
606.59168093,0.21299629
606.82048877,0.22743196
607.04930828,0.22974271
607.27813945,0.24070734
607.50698227,0.23653888
607.73583676,0.23725517
607.96470289,0.24749376
608.19358067,0.25838605
608.42247010,0.25465296
608.65137117,0.25533877
608.88028387,0.25001558
609.10920820,0.24669560
609.33814417,0.24669686
609.56709176,0.24670254
609.79605097,0.24477237
610.02502180,0.24937826
610.25400424,0.23528264
610.48299830,0.24010635
610.71200396,0.23363212
610.94102122,0.23555563
611.17005008,0.22187953
611.39909054,0.21594026
611.62814260,0.21050365
611.85720624,0.20937781
612.08628146,0.20806338
612.31536827,0.20981826
612.54446665,0.20888194
612.77357661,0.20921663
613.00269813,0.20844529
613.23183122,0.21229084
613.46097588,0.21733430
613.69013210,0.21909186
613.91929986,0.20921136
614.14847919,0.21009214
614.37767005,0.21185014
614.60687247,0.21052931
614.83608642,0.20639251
615.06531191,0.21314434
615.29454894,0.21371473
615.52379749,0.21742058
615.75305757,0.21464880
615.98232917,0.21904185
616.21161229,0.22304797
616.44090692,0.21958695
616.67021306,0.22087338
616.89953072,0.23379710
617.12885987,0.23253357
617.35820053,0.23731468
617.58755268,0.24268969
617.81691632,0.24504694
618.04629145,0.24965933
618.27567807,0.25788664
618.50507617,0.26783019
618.73448574,0.27792222
618.96390679,0.28543397
619.19333932,0.28845259
619.42278330,0.29317320
619.65223875,0.30524808
619.88170566,0.30480750
620.11118403,0.30950534
620.34067384,0.31232692
620.57017511,0.32588047
620.79968782,0.32558339
621.02921197,0.32746828
621.25874756,0.31967939
621.48829458,0.32801922
621.71785303,0.32006028
621.94742290,0.32906269
622.17700420,0.32456403
622.40659692,0.33347476
622.63620105,0.33998555
622.86581660,0.34821124
623.09544355,0.34448663
623.32508190,0.34629687
623.55473166,0.34414386
623.78439281,0.34772285
624.01406536,0.34239811
624.24374929,0.34612634
624.47344461,0.33877689
624.70315131,0.33786617
624.93286939,0.33683092
625.16259884,0.32813242
625.39233967,0.33125990
625.62209186,0.32247102
625.85185541,0.29581093
626.08163032,0.29783849
626.31141659,0.29701667
626.54121422,0.28049990
626.77102319,0.27575222
627.00084350,0.27460603
627.23067516,0.27308651
627.46051815,0.26324008
627.69037248,0.25662719
627.92023814,0.26301719
628.15011512,0.25437703
628.38000343,0.25290012
628.60990305,0.23983619
628.83981399,0.23387892
629.06973624,0.22449627
629.29966980,0.22430668
629.52961467,0.21541054
629.75957083,0.21220496
629.98953830,0.20347937
630.21951705,0.20674554
630.44950710,0.20751143
630.67950843,0.21423783
630.90952104,0.20180739
631.13954493,0.20691083
631.36958009,0.20694064
631.59962653,0.20883870
631.82968423,0.20855518
632.05975320,0.20789443
632.28983343,0.21517125
632.51992491,0.21179305
632.75002765,0.20921498
632.98014163,0.21426685
633.21026686,0.22035681
633.44040333,0.21124314
633.67055104,0.20410560
633.90070999,0.19878920
634.13088016,0.19525259
634.36106156,0.19930893
634.59125418,0.19697699
634.82145802,0.19675911
635.05167308,0.19692726
635.28189935,0.19845903
635.51213683,0.19162777
635.74238551,0.19947614
635.97264540,0.19017039
636.20291648,0.19341008
636.43319875,0.19242585
636.66349222,0.18820128
636.89379687,0.19440133
637.12411270,0.19338739
637.35443971,0.19385520
637.58477790,0.19437080
637.81512726,0.20136720
638.04548778,0.20839660
638.27585947,0.21462319
638.50624232,0.21432043
638.73663633,0.22326325
638.96704149,0.22214336
639.19745779,0.22748595
639.42788525,0.22500072
639.65832384,0.21820633
639.88877358,0.22049166
640.11923445,0.22650582
640.34970644,0.23178744
640.58018957,0.23335928
640.81068382,0.23680990
641.04118919,0.24931892
641.27170567,0.26184273
641.50223327,0.26560710
641.73277198,0.27472534
641.96332179,0.28789655
642.19388270,0.29321801
642.42445471,0.30256998
642.65503781,0.31190153
642.88563200,0.31796210
643.11623728,0.32238108
643.34685365,0.34668573
643.57748109,0.35678893
643.80811960,0.37469603
644.03876919,0.37632380
644.26942985,0.40301326
644.50010157,0.40098008
644.73078435,0.41040463
644.96147819,0.42539030
645.19218308,0.41820706
645.42289902,0.41805809
645.65362601,0.41936918
645.88436404,0.40922699
646.11511310,0.41647876
646.34587321,0.42260770
646.57664434,0.42752984
646.80742650,0.42994842
647.03821969,0.42279151
647.26902389,0.43040514
647.49983911,0.43247516
647.73066534,0.41730302
647.96150259,0.42773496
648.19235083,0.42953774
648.42321008,0.42268752
648.65408033,0.42471377
648.88496157,0.43329390
649.11585380,0.44085467
649.34675702,0.44911401
649.57767122,0.45156830
649.80859640,0.46327537
650.03953256,0.46521751
650.27047969,0.45819239
650.50143778,0.45333090
650.73240684,0.45999513
650.96338687,0.44119915
651.19437785,0.44385467
651.42537978,0.41414030
651.65639266,0.40686709
651.88741649,0.39391550
652.11845126,0.37836073
652.34949697,0.37287033
652.58055362,0.36187160
652.81162119,0.35724702
653.04269970,0.35981131
653.27378913,0.35883400
653.50488948,0.36100568
653.73600074,0.35256496
653.96712292,0.35220976
654.19825601,0.35823624
654.42940000,0.36972261
654.66055490,0.37680554
654.89172069,0.38498400
655.12289738,0.40636473
655.35408496,0.42063100
655.58528342,0.42974643
655.81649277,0.44280124
656.04771300,0.46228652
656.27894411,0.46860677
656.51018608,0.47508782
656.74143893,0.48206728
656.97270264,0.47352561
657.20397721,0.48516746
657.43526264,0.47300594
657.66655893,0.48451538
657.89786606,0.49140191
658.12918404,0.48885922
658.36051286,0.48575917
658.59185253,0.48126386
658.82320303,0.47258910
659.05456435,0.46877629
659.28593651,0.46062522
659.51731949,0.45442552
659.74871330,0.45351531
659.98011792,0.44871700
660.21153335,0.44246647
660.44295959,0.42311435
660.67439664,0.40969722
660.90584449,0.39806958
661.13730314,0.39568493
661.36877259,0.39507480
661.60025282,0.40089752
661.83174384,0.40981477
662.06324565,0.39650721
662.29475824,0.39787223
662.52628160,0.40544736
662.75781573,0.41858877
662.98936064,0.42056541
663.22091631,0.43304862
663.45248274,0.44531154
663.68405993,0.44879805
663.91564787,0.45137794
664.14724657,0.47069727
664.37885601,0.48117940
664.61047619,0.49887794
664.84210712,0.51393739
665.07374878,0.52798649
665.30540117,0.54913788
665.53706429,0.55979162
665.76873813,0.54607004
666.00042270,0.54022608
666.23211798,0.52864325
666.46382398,0.54247223
666.69554069,0.53649291
666.92726810,0.54088673
667.15900621,0.54735255
667.39075503,0.54025116
667.62251454,0.53920694
667.85428474,0.56140258
668.08606563,0.56645399
668.31785720,0.58637423
668.54965945,0.59806224
668.78147238,0.60291189
669.01329599,0.60480835
669.24513026,0.62313954
669.47697520,0.62741444
669.70883080,0.63762223
669.94069705,0.62982876
670.17257397,0.63444659
670.40446153,0.62514226
670.63635974,0.63718868
670.86826860,0.62352795
671.10018809,0.61650076
671.33211822,0.60376808
671.56405898,0.60360539
671.79601037,0.58159572
672.02797239,0.57314487
672.25994503,0.56313604
672.49192828,0.56781992
672.72392215,0.56173625
672.95592663,0.57495405
673.18794172,0.56947067
673.41996741,0.57299184
673.65200370,0.56003017
673.88405058,0.55218573
674.11610806,0.54855684
674.34817612,0.55663046
674.58025477,0.55728818
674.81234400,0.56691999
675.04444381,0.55320026
675.27655419,0.55882271
675.50867513,0.56184326
675.74080665,0.55761589
675.97294873,0.55193513
676.20510136,0.55388451
676.43726455,0.54614927
676.66943830,0.55723145
676.90162259,0.54587729
677.13381742,0.53588918
677.36602279,0.53073236
677.59823870,0.54877968
677.83046515,0.52749288
678.06270212,0.50770831
678.29494962,0.51558167
678.52720764,0.53226499
678.75947617,0.55210275
678.99175522,0.55530994
679.22404479,0.57482177
679.45634486,0.58958122
679.68865543,0.59021235
679.92097650,0.61065531
680.15330807,0.62228716
680.38565013,0.62011997
680.61800268,0.59960025
680.85036571,0.59054452
681.08273922,0.59432460
681.31512321,0.58976607
681.54751768,0.57319756
681.77992262,0.58014116
682.01233802,0.57237247
682.24476388,0.56323946
682.47720020,0.54515822
682.70964698,0.53931634
682.94210421,0.53374258
683.17457189,0.52167557
683.40705001,0.51119062
683.63953858,0.52205843
683.87203758,0.50350504
684.10454701,0.49892732
684.33706687,0.48172326
684.56959716,0.49538906
684.80213787,0.47656426
685.03468900,0.47585681
685.26725054,0.47947743
685.49982249,0.48696110
685.73240485,0.47909208
685.96499762,0.49473227
686.19760078,0.49119248
686.43021434,0.50463546
686.66283829,0.49906424
686.89547264,0.50323435
687.12811736,0.49373329
687.36077247,0.48696496
687.59343796,0.47250807
687.82611382,0.47552000
688.05880005,0.46134254
688.29149665,0.46592655
688.52420361,0.46087291
688.75692093,0.46880037
688.98964860,0.44880146
689.22238663,0.44342350
689.45513500,0.42969882
689.68789372,0.43661560
689.92066278,0.42092403
690.15344218,0.42256842
690.38623191,0.40819979
690.61903197,0.40487594
690.85184236,0.40901676
691.08466307,0.38322223
691.31749410,0.36264634
691.55033544,0.35479823
691.78318709,0.34889844
692.01604906,0.32774432
692.24892132,0.33087177
692.48180389,0.31819755
692.71469675,0.31298486
692.94759991,0.30557305
693.18051335,0.30969072
693.41343708,0.30079931
693.64637109,0.29558693
693.87931538,0.29081109
694.11226995,0.29086976
694.34523478,0.28790342
694.57820988,0.28343569
694.81119525,0.27567266
695.04419087,0.27309217
695.27719676,0.26749598
695.51021289,0.27297718
695.74323927,0.26677960
695.97627590,0.27391319
696.20932276,0.26897382
696.44237987,0.27075724
696.67544721,0.27599425
696.90852478,0.27473362
697.14161257,0.27374659
697.37471059,0.27989642
697.60781883,0.28252778
697.84093728,0.29264982
698.07406595,0.29062314
698.30720482,0.29303637
698.54035389,0.29256951
698.77351317,0.29202160
699.00668264,0.28768743
699.23986231,0.29586021
699.47305217,0.30337865
699.70625221,0.30146540
699.93946243,0.30283454
700.17268284,0.30963910
700.40591342,0.30585129
700.63915416,0.31087658
700.87240508,0.30058885
701.10566616,0.30220279
701.33893740,0.30648050
701.57221879,0.30338079
701.80551034,0.30050325
702.03881204,0.29827981
702.27212388,0.29739561
702.50544587,0.29290119
702.73877799,0.28472415
702.97212024,0.28346299
703.20547263,0.27803127
703.43883514,0.28129086
703.67220778,0.27210723
703.90559054,0.26963326
704.13898341,0.27610941
704.37238639,0.29399689
704.60579948,0.29547669
704.83922268,0.30510663
705.07265598,0.30530096
705.30609937,0.32429226
705.53955286,0.33093213
705.77301643,0.33784143
706.00649010,0.34328058
706.23997384,0.35537488
706.47346767,0.36972468
706.70697157,0.38149493
706.94048554,0.38569315
707.17400958,0.39897426
707.40754368,0.40363487
707.64108785,0.41183307
707.87464207,0.42876591
708.10820634,0.43705811
708.34178066,0.44021228
708.57536503,0.44728735
708.80895944,0.45817671
709.04256389,0.46943395
709.27617837,0.48205438
709.50980288,0.51030658
709.74343742,0.51738692
709.97708198,0.52724276
710.21073657,0.52446446
710.44440117,0.54313118
710.67807578,0.55903663
710.91176040,0.60955719
711.14545502,0.60867958
711.37915965,0.62305109
711.61287427,0.61860880
711.84659889,0.65233470
712.08033350,0.66390751
712.31407809,0.68001104
712.54783267,0.68522582
712.78159723,0.68684649
713.01537176,0.68878805
713.24915626,0.70439911
713.48295073,0.69600722
713.71675517,0.70810987
713.95056956,0.69620053
714.18439392,0.71307299
714.41822822,0.72817231
714.65207248,0.74279079
714.88592668,0.75972453
715.11979083,0.77914618
715.35366491,0.75590525
715.58754893,0.74784006
715.82144288,0.73143346
716.05534675,0.72185406
716.28926055,0.69713961
716.52318427,0.69066260
716.75711791,0.67669672
716.99106146,0.68695803
717.22501491,0.67796074
717.45897828,0.68519597
717.69295154,0.67565694
717.92693470,0.67526948
718.16092776,0.66879233
718.39493071,0.68440329
718.62894354,0.67274488
718.86296626,0.68569269
719.09699886,0.65992326
719.33104133,0.64119403
719.56509367,0.60769181
719.79915588,0.60458340
720.03322796,0.57674248
720.26730990,0.56535461
720.50140170,0.54812895
720.73550335,0.54348589
720.96961484,0.52167511
721.20373619,0.49423310
721.43786738,0.48539890
721.67200841,0.47991715
721.90615927,0.46350998
722.14031996,0.46070276
722.37449048,0.44704131
722.60867083,0.43165302
722.84286099,0.41291172
723.07706098,0.42394120
723.31127077,0.41877895
723.54549038,0.41929778
723.77971979,0.41744016
724.01395900,0.42031914
724.24820801,0.41450440
724.48246681,0.42229154
724.71673541,0.41771430
724.95101379,0.43853720
725.18530196,0.43993259
725.41959990,0.43376646
725.65390763,0.42613599
725.88822512,0.42048763
726.12255238,0.41392686
726.35688941,0.41085319
726.59123620,0.39743604
726.82559275,0.40051663
727.05995905,0.40474172
727.29433510,0.40596879
727.52872090,0.39162144
727.76311644,0.39534967
727.99752172,0.38912189
728.23193674,0.38915006
728.46636149,0.38072030
728.70079596,0.40007404
728.93524016,0.40089077
729.16969408,0.41297251
729.40415772,0.40734172
729.63863107,0.40706352
729.87311413,0.40498730
730.10760690,0.40898838
730.34210937,0.41450229
730.57662153,0.41209335
730.81114340,0.41426075
731.04567495,0.41715798
731.28021619,0.40665791
731.51476712,0.41162244
731.74932772,0.41345910
731.98389800,0.42536936
732.21847796,0.40962232
732.45306758,0.39011283
732.68766687,0.37351646
732.92227582,0.38102871
733.15689443,0.36786132
733.39152269,0.36873665
733.62616060,0.36758206
733.86080816,0.36577416
734.09546537,0.37741160
734.33013221,0.38654174
734.56480869,0.38884774
734.79949480,0.39911568
735.03419054,0.39902165
735.26889590,0.39494158
735.50361089,0.39475029
735.73833549,0.39307656
735.97306970,0.40484549
736.20781353,0.42564113
736.44256696,0.40748065
736.67733000,0.42152495
736.91210263,0.41285590
737.14688486,0.42223934
737.38167668,0.41582270
737.61647809,0.43414903
737.85128908,0.43233704
738.08610965,0.43845493
738.32093980,0.44075772
738.55577953,0.43585072
738.79062882,0.41568467
739.02548768,0.41301599
739.26035610,0.40589392
739.49523407,0.40978220
739.73012161,0.39810143
739.96501869,0.41310220
740.19992532,0.40154059
740.43484150,0.39864093
740.66976721,0.40748508
740.90470246,0.40187950
741.13964724,0.41173474
741.37460156,0.42490347
741.60956539,0.41768788
741.84453875,0.43099539
742.07952163,0.42662695
742.31451402,0.43096337
742.54951592,0.42149899
742.78452733,0.42108507
743.01954823,0.41400690
743.25457864,0.40932227
743.48961855,0.41798690
743.72466795,0.41861682
743.95972683,0.40261882
744.19479520,0.40802198
744.42987305,0.40725908
744.66496038,0.41771443
744.90005718,0.42492955
745.13516345,0.42968040
745.37027918,0.42887763
745.60540438,0.45653988
745.84053904,0.45296643
746.07568315,0.47256273
746.31083672,0.46914656
746.54599973,0.45985665
746.78117218,0.47527528
747.01635408,0.46808691
747.25154541,0.47085489
747.48674617,0.48105974
747.72195637,0.46962332
747.95717599,0.45016778
748.19240503,0.44474036
748.42764349,0.46212268
748.66289136,0.45857113
748.89814864,0.45991029
749.13341533,0.45203704
749.36869143,0.45653622
749.60397692,0.47068672
749.83927181,0.46622294
750.07457609,0.44501382
750.30988976,0.44402596
750.54521282,0.42657945
750.78054526,0.43365379
751.01588707,0.42366475
751.25123826,0.41371170
751.48659882,0.40958794
751.72196874,0.40851899
751.95734803,0.39732919
752.19273667,0.38196148
752.42813467,0.39337318
752.66354203,0.40511621
752.89895873,0.40571787
753.13438477,0.39996556
753.36982016,0.39307977
753.60526488,0.39217086
753.84071893,0.39633351
754.07618232,0.40533923
754.31165503,0.41708124
754.54713706,0.42168701
754.78262841,0.42193403
755.01812908,0.42380597
755.25363905,0.43697708
755.48915834,0.42772540
755.72468693,0.42138627
755.96022481,0.43085896
756.19577200,0.43508375
756.43132847,0.45570979
756.66689424,0.44726886
756.90246929,0.43041757
757.13805362,0.43586672
757.37364723,0.43024919
757.60925011,0.42602522
757.84486227,0.42355616
758.08048369,0.43321398
758.31611437,0.41373453
758.55175432,0.40816044
758.78740352,0.40199252
759.02306197,0.38832701
759.25872967,0.37746497
759.49440661,0.36552247
759.73009279,0.36011980
759.96578822,0.36519994
760.20149287,0.36654239
760.43720676,0.38640835
760.67292987,0.41046587
760.90866220,0.42232501
761.14440375,0.41345661
761.38015452,0.42408249
761.61591450,0.43799250
761.85168368,0.46067872
762.08746207,0.45829270
762.32324967,0.48065591
762.55904645,0.49182479
762.79485243,0.50400246
763.03066760,0.50562273
763.26649196,0.52189904
763.50232549,0.52974623
763.73816821,0.54403107
763.97402010,0.56277160
764.20988116,0.55981096
764.44575138,0.54900224
764.68163077,0.54977112
764.91751932,0.53454559
765.15341703,0.54230834
765.38932389,0.53989286
765.62523989,0.52853926
765.86116505,0.50587007
766.09709934,0.47568461
766.33304277,0.46001844
766.56899533,0.44053671
766.80495703,0.41497215
767.04092785,0.37896823
767.27690779,0.36248027
767.51289685,0.34826755
767.74889503,0.31407803
767.98490232,0.28790871
768.22091872,0.27978537
768.45694422,0.25237463
768.69297882,0.23915426
768.92902252,0.22392003
769.16507532,0.21206774
769.40113720,0.19898288
769.63720817,0.19001212
769.87328822,0.17392793
770.10937735,0.16009979
770.34547555,0.14994701
770.58158282,0.14361071
770.81769917,0.14149809
771.05382457,0.14062741
771.28995904,0.13662057
771.52610256,0.14324657
771.76225513,0.14663328
771.99841676,0.14336789
772.23458743,0.15017401
772.47076714,0.15460635
772.70695589,0.17294162
772.94315367,0.19044993
773.17936048,0.20902440
773.41557632,0.22704987
773.65180118,0.26145495
773.88803507,0.27874130
774.12427796,0.31460022
774.36052987,0.33685419
774.59679079,0.36541582
774.83306072,0.38865411
775.06933964,0.40932227
775.30562756,0.43247593
775.54192448,0.47013899
775.77823038,0.47464158
776.01454527,0.50109546
776.25086914,0.50817268
776.48720200,0.53616245
776.72354382,0.55034754
776.95989462,0.55991754
777.19625439,0.53832144
777.43262312,0.55166747
777.66900081,0.54011746
777.90538746,0.54653218
778.14178306,0.54993684
778.37818761,0.55177239
778.61460110,0.55441066
778.85102354,0.57616679
779.08745492,0.55652057
779.32389523,0.54074606
779.56034447,0.53349722
779.79680263,0.50867036
780.03326972,0.49856819
780.26974574,0.48226917
780.50623066,0.45325026
780.74272450,0.45503370
780.97922725,0.45256492
781.21573890,0.44682067
781.45225946,0.43371378
781.68878891,0.42608460
781.92532726,0.41957330
782.16187449,0.41268896
782.39843061,0.39705149
782.63499562,0.39579418
782.87156950,0.39848464
783.10815226,0.39463692
783.34474390,0.39343344
783.58134440,0.41376464
783.81795376,0.40781134
784.05457199,0.39546472
784.29119907,0.38986938
784.52783500,0.38621184
784.76447979,0.37691551
785.00113342,0.37227454
785.23779589,0.36794536
785.47446720,0.36270047
785.71114735,0.35216589
785.94783633,0.34070015
786.18453413,0.32724872
786.42124076,0.33520749
786.65795621,0.33268771
786.89468048,0.31792439
787.13141355,0.30573700
787.36815544,0.30167854
787.60490613,0.28362813
787.84166563,0.29696246
788.07843392,0.28027928
788.31521101,0.28472570
788.55199688,0.27292632
788.78879155,0.26423131
789.02559499,0.25097711
789.26240722,0.25020144
789.49922822,0.23863562
789.73605800,0.24406357
789.97289654,0.23868153
790.20974385,0.24052123
790.44659991,0.22754149
790.68346474,0.22329631
790.92033832,0.21717034
791.15722065,0.21936463
791.39411172,0.21826924
791.63101154,0.22361992
791.86792010,0.22892050
792.10483739,0.22107017
792.34176341,0.22463344
792.57869817,0.23245567
792.81564164,0.22869496
793.05259384,0.24601175
793.28955475,0.25099946
793.52652438,0.26891995
793.76350271,0.27715285
794.00048975,0.28278170
794.23748550,0.28780086
794.47448994,0.31186234
794.71150307,0.31695935
794.94852490,0.32258934
795.18555541,0.31682645
795.42259461,0.31709018
795.65964249,0.31921852
795.89669904,0.33534550
796.13376427,0.33218459
796.37083816,0.34184994
796.60792072,0.34176496
796.84501194,0.35191839
797.08211182,0.36187113
797.31922035,0.37699405
797.55633753,0.36313592
797.79346336,0.37304730
798.03059784,0.37114440
798.26774095,0.37704903
798.50489270,0.37743788
798.74205307,0.37762839
798.97922208,0.37823360
799.21639971,0.37710821
799.45358597,0.36280826
799.69078084,0.36714798
799.92798432,0.35924307
800.16519641,0.36347152
800.40241711,0.36599100
800.63964641,0.37765777
800.87688431,0.37103683
801.11413080,0.38437840
801.35138589,0.39128358
801.58864956,0.40083990
801.82592182,0.38363812
802.06320266,0.39381693
802.30049207,0.40629912
802.53779006,0.40366596
802.77509661,0.40692701
803.01241173,0.39461311
803.24973542,0.38915562
803.48706766,0.38190706
803.72440845,0.38717389
803.96175780,0.39557584
804.19911569,0.39365213
804.43648213,0.37405941
804.67385710,0.36994383
804.91124061,0.36742422
805.14863266,0.35249894
805.38603323,0.33688504
805.62344232,0.34228411
805.86085994,0.34058400
806.09828608,0.32296848
806.33572073,0.33765285
806.57316388,0.32060913
806.81061555,0.31584324
807.04807572,0.30052645
807.28554438,0.30343623
807.52302155,0.29278774
807.76050720,0.28848375
807.99800134,0.28648426
808.23550397,0.27292104
808.47301507,0.25793789
808.71053466,0.25103061
808.94806271,0.24134594
809.18559924,0.24306945
809.42314423,0.23089154
809.66069769,0.22359906
809.89825960,0.22504486
810.13582996,0.21261417
810.37340878,0.19574170
810.61099605,0.19439702
810.84859175,0.19777457
811.08619590,0.19428608
811.32380849,0.18570200
811.56142950,0.18062963
811.79905895,0.17516637
812.03669682,0.17014380
812.27434311,0.17217750
812.51199782,0.15521648
812.74966095,0.15909436
812.98733248,0.16141893
813.22501242,0.16701931
813.46270077,0.16661086
813.70039751,0.17173356
813.93810265,0.17453489
814.17581618,0.18013105
814.41353810,0.17991717
814.65126841,0.18908336
814.88900709,0.18857848
815.12675415,0.19806753
815.36450959,0.20027609
815.60227339,0.20543388
815.84004556,0.20558954
816.07782610,0.21105495
816.31561499,0.22235959
816.55341224,0.21835020
816.79121784,0.22562122
817.02903178,0.23852091
817.26685407,0.25454591
817.50468470,0.25421209
817.74252367,0.26664305
817.98037097,0.27166620
818.21822660,0.28944853
818.45609055,0.30434202
818.69396283,0.31940259
818.93184342,0.32916973
819.16973233,0.35545830
819.40762955,0.37795286
819.64553508,0.38492662
819.88344891,0.38037228
820.12137104,0.38700790
820.35930146,0.40382971
820.59724018,0.40191010
820.83518719,0.41491354
821.07314248,0.40168735
821.31110605,0.41244172
821.54907790,0.42814420
821.78705802,0.43656336
822.02504642,0.43499489
822.26304308,0.43620602
822.50104800,0.42555808
822.73906118,0.43595931
822.97708262,0.43711042
823.21511231,0.44226873
823.45315024,0.43985480
823.69119643,0.43352481
823.92925085,0.42536915
824.16731351,0.41631028
824.40538440,0.40890663
824.64346352,0.41406547
824.88155087,0.39519341
825.11964643,0.38832715
825.35775022,0.38635066
825.59586222,0.39269176
825.83398244,0.39697241
826.07211086,0.37993480
826.31024748,0.35990315
826.54839231,0.35971207
826.78654533,0.34602264
827.02470654,0.34115654
827.26287594,0.34613042
827.50105353,0.35164655
827.73923930,0.35941655
827.97743325,0.34969384
828.21563537,0.34651331
828.45384566,0.34950547
828.69206412,0.35510323
828.93029074,0.35070973
829.16852552,0.34245165
829.40676846,0.32494742
829.64501954,0.31737158
829.88327878,0.32168480
830.12154616,0.31449553
830.35982168,0.29103048
830.59810534,0.27270485
830.83639714,0.27114073
831.07469706,0.25794893
831.31300511,0.25586291
831.55132128,0.25075153
831.78964557,0.24252679
832.02797798,0.22896743
832.26631849,0.21761271
832.50466712,0.21459955
832.74302384,0.21357911
832.98138867,0.20880581
833.21976160,0.19851834
833.45814262,0.19305577
833.69653172,0.18613556
833.93492892,0.18479538
834.17333419,0.18172593
834.41174755,0.17365499
834.65016897,0.17618564
834.88859847,0.18279846
835.12703604,0.18251999
835.36548167,0.18643963
835.60393535,0.19055507
835.84239710,0.18320548
836.08086690,0.18276810
836.31934474,0.18806027
836.55783063,0.19044901
836.79632456,0.19294741
837.03482653,0.19514719
837.27333654,0.19088685
837.51185457,0.18981526
837.75038063,0.18814233
837.98891471,0.20040231
838.22745681,0.20062695
838.46600693,0.20795163
838.70456506,0.21058334
838.94313120,0.21260999
839.18170534,0.21459610
839.42028748,0.22309297
839.65887762,0.23171737
839.89747575,0.22660950
840.13608187,0.22504382
840.37469598,0.24173293
840.61331807,0.23358016
840.85194814,0.23572067
841.09058618,0.22990759
841.32923220,0.22587034
841.56788618,0.21772654
841.80654812,0.21453836
842.04521803,0.21744373
842.28389589,0.20775911
842.52258171,0.20542246
842.76127547,0.21130072
842.99997718,0.21092166
843.23868683,0.22123720
843.47740442,0.22260408
843.71612994,0.22732498
843.95486339,0.22380729
844.19360477,0.23846681
844.43235408,0.24867197
844.67111130,0.27122632
844.90987644,0.29092217
845.14864949,0.30801966
845.38743045,0.31293002
845.62621931,0.32599296
845.86501608,0.34432004
846.10382074,0.37526708
846.34263329,0.38777745
846.58145374,0.40306322
846.82028207,0.40061284
847.05911828,0.41005587
847.29796238,0.41779422
847.53681435,0.40574880
847.77567419,0.41499413
848.01454189,0.42366729
848.25341746,0.41752222
848.49230090,0.42591213
848.73119218,0.44210949
848.97009133,0.45352155
849.20899832,0.46021309
849.44791315,0.47354605
849.68683583,0.49291716
849.92576635,0.47988685
850.16470470,0.45223091
850.40365088,0.43952766
850.64260489,0.43913882
850.88156673,0.44767408
851.12053638,0.45403421
851.35951385,0.45884115
851.59849913,0.46004418
851.83749222,0.44896292
852.07649311,0.45258189
852.31550181,0.45686776
852.55451830,0.42986369
852.79354259,0.41823140
853.03257467,0.40519754
853.27161453,0.39639598
853.51066218,0.35506424
853.74971761,0.35172921
853.98878081,0.34728300
854.22785178,0.33584455
854.46693053,0.32757899
854.70601703,0.31348407
854.94511130,0.30157104
855.18421332,0.30392530
855.42332310,0.28658969
855.66244063,0.27642979
855.90156590,0.26013834
856.14069892,0.25077863
856.37983967,0.24142588
856.61898816,0.21975466
856.85814438,0.21508831
857.09730833,0.19990714
857.33648000,0.18830520
857.57565939,0.19113242
857.81484650,0.18583758
858.05404132,0.18836229
858.29324385,0.18315405
858.53245409,0.18356579
858.77167203,0.18298159
859.01089766,0.18254997
859.25013099,0.17686732
859.48937201,0.18089413
859.72862072,0.18468771
859.96787711,0.18575496
860.20714118,0.18984753
860.44641292,0.19780264
860.68569234,0.19667328
860.92497943,0.18534448
861.16427418,0.19297063
861.40357659,0.18715701
861.64288666,0.18908129
861.88220438,0.19898290
862.12152976,0.19236598
862.36086277,0.19445675
862.60020344,0.19280635
862.83955174,0.19152017
863.07890767,0.19165665
863.31827124,0.18880122
863.55764244,0.18034789
863.79702126,0.17748989
864.03640770,0.17568915
864.27580175,0.16616537
864.51520342,0.15452529
864.75461270,0.14471076
864.99402959,0.14394377
865.23345408,0.13604486
865.47288616,0.13453520
865.71232584,0.13047563
865.95177311,0.13101628
866.19122797,0.13365389
866.43069041,0.13276992
866.67016043,0.12673441
866.90963803,0.13315612
867.14912320,0.13469764
867.38861594,0.13428830
867.62811625,0.13966138
867.86762411,0.14012566
868.10713954,0.14281769
868.34666251,0.14040355
868.58619304,0.14841545
868.82573112,0.15433831
869.06527673,0.16603451
869.30482989,0.18167155
869.54439058,0.18293252
869.78395881,0.18984859
870.02353456,0.19333158
870.26311784,0.20169145
870.50270863,0.20356265
870.74230695,0.19725186
870.98191278,0.20370045
871.22152611,0.20046325
871.46114696,0.20010630
871.70077530,0.20008192
871.94041115,0.20493358
872.18005449,0.19974738
872.41970532,0.19664865
872.65936364,0.18946510
872.89902944,0.17930943
873.13870273,0.18515337
873.37838349,0.17706100
873.61807172,0.17892816
873.85776742,0.17821503
874.09747059,0.17165566
874.33718122,0.17376608
874.57689930,0.16822395
874.81662484,0.17058548
875.05635784,0.16904792
875.29609827,0.16569721
875.53584616,0.16082178
875.77560148,0.15494179
876.01536424,0.15063050
876.25513443,0.15363087
876.49491204,0.15692200
876.73469709,0.16218739
876.97448955,0.16526285
877.21428943,0.16929804
877.45409673,0.17239243
877.69391143,0.17667663
877.93373355,0.18289815
878.17356306,0.18375318
878.41339998,0.19382467
878.65324428,0.19895249
878.89309599,0.21477210
879.13295507,0.23264929
879.37282155,0.25478230
879.61269540,0.25690402
879.85257663,0.27322612
880.09246523,0.28099241
880.33236121,0.28897582
880.57226455,0.29366068
880.81217525,0.29964572
881.05209331,0.29613589
881.29201872,0.28826638
881.53195149,0.28422813
881.77189160,0.29185202
882.01183905,0.29081302
882.25179385,0.28958127
882.49175598,0.29071030
882.73172545,0.29555983
882.97170224,0.29861138
883.21168636,0.31956967
883.45167780,0.32324261
883.69167656,0.33112330
883.93168263,0.33998070
884.17169601,0.35249215
884.41171670,0.36513972
884.65174469,0.38026069
884.89177999,0.37746922
885.13182257,0.39216342
885.37187245,0.39546413
885.61192962,0.41936626
885.85199407,0.42696031
886.09206581,0.45826375
886.33214482,0.46007699
886.57223110,0.46248766
886.81232465,0.45733562
887.05242547,0.45977731
887.29253356,0.45379360
887.53264890,0.46393496
887.77277149,0.45848420
888.01290134,0.44155712
888.25303843,0.44040425
888.49318277,0.43154177
888.73333435,0.43302362
888.97349317,0.42341757
889.21365922,0.41017321
889.45383250,0.40643803
889.69401300,0.41209039
889.93420072,0.39784352
890.17439567,0.40615673
890.41459783,0.42372909
890.65480719,0.41455850
890.89502377,0.41804591
891.13524755,0.41774199
891.37547853,0.42824797
891.61571670,0.41883527
891.85596207,0.42725966
892.09621463,0.42408036
892.33647437,0.44160296
892.57674129,0.46444398
892.81701539,0.45631806
893.05729666,0.44501385
893.29758510,0.43730181
893.53788071,0.43705895
893.77818349,0.46122819
894.01849342,0.44188387
894.25881051,0.45307808
894.49913474,0.46713074
894.73946613,0.46026877
894.97980466,0.47003620
895.22015033,0.47260926
895.46050314,0.49895523
895.70086308,0.49212713
895.94123016,0.48397447
896.18160435,0.48707651
896.42198567,0.47991243
896.66237411,0.48990048
896.90276966,0.49275735
897.14317233,0.47969498
897.38358210,0.47838278
897.62399897,0.46608802
897.86442295,0.46377842
898.10485402,0.45436703
898.34529218,0.45911928
898.58573744,0.45066956
898.82618978,0.44413937
899.06664920,0.42657520
899.30711569,0.42361308
899.54758927,0.41735565
899.78806991,0.40539108
900.02855762,0.40141240
900.26905239,0.39463095
900.50955422,0.38744973
900.75006311,0.37383911
900.99057905,0.37886094
901.23110204,0.37691762
901.47163207,0.37040779
901.71216914,0.36374447
901.95271325,0.35957359
902.19326440,0.34255426
902.43382257,0.34294004
902.67438777,0.35222171
902.91495999,0.34311008
903.15553924,0.34843784
903.39612549,0.36223850
903.63671876,0.35224388
903.87731904,0.35406101
904.11792632,0.35669694
904.35854060,0.35105855
904.59916188,0.35948582
904.83979015,0.35911102
905.08042541,0.35090092
905.32106765,0.32891977
905.56171688,0.33068178
905.80237308,0.33213931
906.04303626,0.33147951
906.28370641,0.33289835
906.52438353,0.33345504
906.76506761,0.32845973
907.00575865,0.31957361
907.24645665,0.31652580
907.48716160,0.31336204
907.72787350,0.30705214
907.96859234,0.29383575
908.20931812,0.29254425
908.45005085,0.27643522
908.69079050,0.28143151
908.93153709,0.28390865
909.17229060,0.28609376
909.41305104,0.28241824
909.65381839,0.27681980
909.89459266,0.26650050
910.13537384,0.26996261
910.37616193,0.27122730
910.61695693,0.27629974
910.85775882,0.27794607
911.09856761,0.28433755
911.33938330,0.29120199
911.58020588,0.29344519
911.82103534,0.29048862
912.06187168,0.29383262
912.30271490,0.30700918
912.54356500,0.30821242
912.78442197,0.32074715
913.02528580,0.33576109
913.26615650,0.34508628
913.50703406,0.35361668
913.74791848,0.36621356
913.98880974,0.37568128
914.22970786,0.37468805
914.47061282,0.37071366
914.71152463,0.37604022
914.95244327,0.38292098
915.19336875,0.37035128
915.43430105,0.36890426
915.67524019,0.37335121
915.91618615,0.38914539
916.15713892,0.39013820
916.39809852,0.38086500
916.63906492,0.37323594
916.88003813,0.36382947
917.12101815,0.34826836
917.36200497,0.34805030
917.60299859,0.34382437
917.84399900,0.34371087
918.08500620,0.33745444
918.32602018,0.31391270
918.56704095,0.28434055
918.80806850,0.26853498
919.04910282,0.25125226
919.29014392,0.24296325
919.53119178,0.24022525
919.77224640,0.23385570
920.01330779,0.22238764
920.25437593,0.21634707
920.49545083,0.20035711
920.73653248,0.19134248
920.97762087,0.18529239
921.21871600,0.18546028
921.45981787,0.17211522
921.70092648,0.16473444
921.94204182,0.16229996
922.18316388,0.16646968
922.42429267,0.16279088
922.66542818,0.15873430
922.90657040,0.15269835
923.14771934,0.14463124
923.38887498,0.13757251
923.63003734,0.13771812
923.87120639,0.13529831
924.11238214,0.14024100
924.35356458,0.14474025
924.59475371,0.14108657
924.83594953,0.14564571
925.07715204,0.14522632
925.31836122,0.14572624
925.55957708,0.15686417
925.80079961,0.16570062
926.04202881,0.16728816
926.28326467,0.18383540
926.52450719,0.19617984
926.76575637,0.20600457
927.00701221,0.21113979
927.24827469,0.22244217
927.48954382,0.22123492
927.73081959,0.23385472
927.97210200,0.24968187
928.21339105,0.26485917
928.45468673,0.27858093
928.69598903,0.28845972
928.93729796,0.29400136
929.17861351,0.29624743
929.41993567,0.28834361
929.66126445,0.28488853
929.90259984,0.28500294
930.14394183,0.28452623
930.38529042,0.29218932
930.62664561,0.28093194
930.86800740,0.27042970
931.10937578,0.26499131
931.35075074,0.26820322
931.59213229,0.25920649
931.83352042,0.25336556
932.07491512,0.24395443
932.31631639,0.23725612
932.55772424,0.23089259
932.79913864,0.23418502
933.04055961,0.22820470
933.28198714,0.22606688
933.52342122,0.22611668
933.76486185,0.23347277
934.00630903,0.22477586
934.24776275,0.21321990
934.48922301,0.20378064
934.73068980,0.19585344
934.97216313,0.19384732
935.21364298,0.17980798
935.45512936,0.17459064
935.69662225,0.16841878
935.93812167,0.15966121
936.17962760,0.15091172
936.42114004,0.14847032
936.66265898,0.13474401
936.90418442,0.12931494
937.14571637,0.12627397
937.38725481,0.12522691
937.62879973,0.11329609
937.87035115,0.11148452
938.11190905,0.10478826
938.35347343,0.10421172
938.59504429,0.10955743
938.83662162,0.11110240
939.07820541,0.10385876
939.31979568,0.10424324
939.56139240,0.10020689
939.80299558,0.09510146
940.04460522,0.09411450
940.28622131,0.08777618
940.52784384,0.08887351
940.76947282,0.08557598
941.01110823,0.08319298
941.25275008,0.08255698
941.49439837,0.08270403
941.73605308,0.07419491
941.97771421,0.06983123
942.21938177,0.07485343
942.46105574,0.06703057
942.70273613,0.06651833
942.94442293,0.06461944
943.18611613,0.06001526
943.42781574,0.05504529
943.66952174,0.05408440
943.91123414,0.05167128
944.15295293,0.04887582
944.39467811,0.04667301
944.63640967,0.04727604
944.87814762,0.04692528
945.11989194,0.04462229
945.36164263,0.04389930
945.60339969,0.04541293
945.84516312,0.04338400
946.08693290,0.04346281
946.32870905,0.04535538
946.57049155,0.04610229
946.81228040,0.04862113
947.05407560,0.05213525
947.29587714,0.04889997
947.53768503,0.05362044
947.77949924,0.05754543
948.02131979,0.05339050
948.26314667,0.06484323
948.50497988,0.06972304
948.74681940,0.07485698
948.98866524,0.07894585
949.23051740,0.08365884
949.47237587,0.08426503
949.71424064,0.08547217
949.95611171,0.08572273
950.19798909,0.09408997
950.43987276,0.09798317
950.68176272,0.10239795
950.92365897,0.11346139
951.16556150,0.12308630
951.40747032,0.13821205
951.64938541,0.13585184
951.89130677,0.14682719
952.13323441,0.15115834
952.37516831,0.15450694
952.61710847,0.16087556
952.85905489,0.15714410
953.10100756,0.16984487
953.34296649,0.17121721
953.58493166,0.17524995
953.82690308,0.18576214
954.06888074,0.18740460
954.31086463,0.19478006
954.55285476,0.19631993
954.79485111,0.19845991
955.03685369,0.20591725
955.27886249,0.20898972
955.52087751,0.21980796
955.76289875,0.21873440
956.00492619,0.22474558
956.24695984,0.23303613
956.48899970,0.23467323
956.73104575,0.25575274
956.97309800,0.25629020
957.21515644,0.26499585
957.45722107,0.28332264
957.69929189,0.28884177
957.94136888,0.28806790
958.18345205,0.28716572
958.42554140,0.28924956
958.66763692,0.30250711
958.90973860,0.32038394
959.15184644,0.32269959
959.39396044,0.33193812
959.63608060,0.35266302
959.87820691,0.35759661
960.12033937,0.36758396
960.36247797,0.37345104
960.60462271,0.38166047
960.84677359,0.40073314
961.08893060,0.41790644
961.33109374,0.41634143
961.57326301,0.41225481
961.81543840,0.39990552
962.05761991,0.37416783
962.29980753,0.36225191
962.54200126,0.36442613
962.78420110,0.36039664
963.02640704,0.35816981
963.26861908,0.35345550
963.51083722,0.36091467
963.75306145,0.36127295
963.99529177,0.34738998
964.23752817,0.34667931
964.47977066,0.33974040
964.72201922,0.32379385
964.96427386,0.32675982
965.20653456,0.33254277
965.44880134,0.32198558
965.69107417,0.31764687
965.93335307,0.30837771
966.17563802,0.30667227
966.41792902,0.30809466
966.66022607,0.29482525
966.90252917,0.28664273
967.14483830,0.27918115
967.38715347,0.28088283
967.62947468,0.27512181
967.87180192,0.26554367
968.11413518,0.25703052
968.35647446,0.26678340
968.59881976,0.26431007
968.84117108,0.25207454
969.08352841,0.24022098
969.32589174,0.22699594
969.56826108,0.21689487
969.81063642,0.20866244
970.05301776,0.20282281
970.29540509,0.20654882
970.53779840,0.21022948
970.78019771,0.20104311
971.02260299,0.18967528
971.26501425,0.18959432
971.50743149,0.18515518
971.74985470,0.17974298
971.99228387,0.16970916
972.23471901,0.16660834
972.47716011,0.16100505
972.71960716,0.15757951
972.96206016,0.15631426
973.20451911,0.15016783
973.44698401,0.14939822
973.68945485,0.14629681
973.93193163,0.14681738
974.17441434,0.13991182
974.41690298,0.13178807
974.65939754,0.12530891
974.90189803,0.11746476
975.14440444,0.11867377
975.38691676,0.11274829
975.62943499,0.11392689
975.87195913,0.10695791
976.11448918,0.11208670
976.35702513,0.10256518
976.59956697,0.10086662
976.84211470,0.09850380
977.08466833,0.10017924
977.32722784,0.09760268
977.56979323,0.09584881
977.81236450,0.09622963
978.05494165,0.09013475
978.29752467,0.08535789
978.54011355,0.09370535
978.78270830,0.08985749
979.02530890,0.08860293
979.26791537,0.09342992
979.51052768,0.09098566
979.75314585,0.09041384
979.99576986,0.08912651
980.23839971,0.08848829
980.48103540,0.08769814
980.72367692,0.08146736
980.96632427,0.08245032
981.20897745,0.07866378
981.45163645,0.08067341
981.69430127,0.08099904
981.93697191,0.08245953
982.17964836,0.08097320
982.42233061,0.07703978
982.66501868,0.07932368
982.90771254,0.07651926
983.15041220,0.07798216
983.39311765,0.07798654
983.63582889,0.08152529
983.87854592,0.07432788
984.12126873,0.07142309
984.36399732,0.07367202
984.60673168,0.06941424
984.84947182,0.07034746
985.09221772,0.06675971
985.33496939,0.07070898
985.57772681,0.06859533
985.82049000,0.06763848
986.06325893,0.07181204
986.30603362,0.06555453
986.54881405,0.06396028
986.79160022,0.06648899
987.03439213,0.06582638
987.27718977,0.06363774
987.51999315,0.05943292
987.76280225,0.05844244
988.00561707,0.06196010
988.24843762,0.05792872
988.49126388,0.05616125
988.73409585,0.05839168
988.97693353,0.05812397
989.21977692,0.05699794
989.46262601,0.05424868
989.70548079,0.05896729
989.94834127,0.06138987
990.19120744,0.05913838
990.43407929,0.05770854
990.67695683,0.05814670
990.91984004,0.05973849
991.16272893,0.06459855
991.40562350,0.06703531
991.64852373,0.06234454
991.89142962,0.06741919
992.13434118,0.07315245
992.37725839,0.07405737
992.62018126,0.07472231
992.86310977,0.07527243
993.10604393,0.07598267
993.34898373,0.07694174
993.59192917,0.07817799
993.83488025,0.07767814
994.07783696,0.07776173
994.32079929,0.07831176
994.56376725,0.07638260
994.80674082,0.08004085
995.04972002,0.08014930
995.29270482,0.08225726
995.53569524,0.08185486
995.77869126,0.08094409
996.02169288,0.08169280
996.26470010,0.08042835
996.50771291,0.07801480
996.75073131,0.07510088
996.99375530,0.07581604
997.23678488,0.07149918
997.47982003,0.06889892
997.72286076,0.06717283
997.96590706,0.06572060
998.20895892,0.06961865
998.45201636,0.07227756
998.69507935,0.07010279
998.93814790,0.07104354
999.18122200,0.07060679
999.42430166,0.07048959
999.66738686,0.07087934
999.91047760,0.06703443
1000.15357388,0.06451089
1000.39667569,0.06588544
1000.63978304,0.06385432
1000.88289592,0.06357756
1001.12601431,0.06454003
1001.36913823,0.06215503
1001.61226767,0.05836655
1001.85540262,0.06121361
1002.09854307,0.05924372
1002.34168904,0.05776124
1002.58484050,0.05789856
1002.82799746,0.05358726
1003.07115992,0.05481883
1003.31432787,0.05803445
1003.55750130,0.06009245
1003.80068022,0.05902564
1004.04386462,0.05517810
1004.28705449,0.05627599
1004.53024984,0.05403223
1004.77345065,0.05171947
1005.01665693,0.04829884
1005.25986867,0.05424818
1005.50308587,0.04706058
1005.74630852,0.04690085
1005.98953662,0.05216170
1006.23277017,0.05386079
1006.47600916,0.05051676
1006.71925359,0.05243995
1006.96250346,0.05381340
1007.20575875,0.05822762
1007.44901948,0.04950139
1007.69228563,0.05002475
1007.93555720,0.05156307
1008.17883418,0.05408669
1008.42211658,0.05226942
1008.66540439,0.05216272
1008.90869761,0.05418519
1009.15199622,0.05675260
1009.39530024,0.05510031
1009.63860965,0.05328719
1009.88192445,0.05866704
1010.12524464,0.05567500
1010.36857021,0.06313831
1010.61190116,0.06225926
1010.85523749,0.06341174
1011.09857919,0.06681036
1011.34192626,0.07111963
1011.58527870,0.07029821
1011.82863649,0.07340067
1012.07199965,0.07613876
1012.31536816,0.08064360
1012.55874202,0.08267193
1012.80212122,0.08772124
1013.04550577,0.09183644
1013.28889566,0.09323663
1013.53229088,0.10152023
1013.77569144,0.10344564
1014.01909732,0.11527363
1014.26250853,0.11417100
1014.50592506,0.11230908
1014.74934691,0.11678057
1014.99277407,0.11499539
1015.23620654,0.11600901
1015.47964432,0.11186836
1015.72308739,0.11266273
1015.96653577,0.10961438
1016.20998944,0.11006125
1016.45344841,0.11197899
1016.69691266,0.11085426
1016.94038220,0.10673764
1017.18385701,0.10994661
1017.42733710,0.11335164
1017.67082247,0.11371144
1017.91431310,0.06401072
1018.15780900,0.00339849
1018.40131017,0.00309629
1018.64481659,0.00155990
1018.88832826,0.00125793
1019.13184519,0.00032583
1019.37536736,0.00224603
