199.82001468,0.00216524
200.02220309,0.00371924
200.22440896,0.00075628
200.42663230,0.00357420
200.62887310,0.00270396
200.83113136,0.00326340
201.03340708,-0.00011396
201.23570025,0.00262108
201.43801087,0.00469308
201.64033894,0.00570837
201.84268445,0.00516965
202.04504741,0.00334628
202.24742780,0.00255892
202.44982564,0.00376068
202.65224090,-0.00270396
202.85467360,0.00506605
203.05712372,0.00220668
203.25959128,-0.00009324
203.46207625,0.00369852
203.66457864,0.00210308
203.86709846,0.00535613
204.06963568,0.00591557
204.27219032,0.00454804
204.47476237,0.00212380
204.67735182,0.00168868
204.87995868,0.01169645
205.08258293,0.00680653
205.28522459,0.00166796
205.48788364,0.00195804
205.69056008,0.00365708
205.89325391,0.00771821
206.09596513,0.00257964
206.29869374,0.00836053
206.50143972,0.00637141
206.70420308,0.00228956
206.90698382,0.00177156
207.10978194,0.00023828
207.31259742,0.00539757
207.51543027,-0.00005180
207.71828048,0.00415436
207.92114806,0.00088060
208.12403299,0.00856773
208.32693528,0.00094276
208.52985493,0.00195804
208.73279193,-0.00001036
208.93574627,0.00858845
209.13871796,0.00556333
209.34170699,0.00438228
209.54471336,0.00046620
209.74773707,0.00347060
209.95077811,0.00027972
210.15383649,0.00075628
210.35691219,0.00262108
210.56000522,0.00411292
210.76311557,0.00034188
210.96624324,0.00521109
211.16938823,0.00027972
211.37255053,0.00253820
211.57573015,0.00098420
211.77892707,0.00206164
211.98214130,0.00276612
212.18537284,0.00282828
212.38862167,0.00193732
212.59188781,0.00023828
212.79517124,0.00210308
212.99847196,0.00025900
213.20178997,0.00359492
213.40512527,0.00521109
213.60847785,0.00154364
213.81184772,0.00191660
214.01523486,-0.00141932
214.21863928,0.00355348
214.42206097,0.00440300
214.62549993,0.00425796
214.82895616,0.00297332
215.03242966,0.00436156
215.23592042,-0.00048692
215.43942843,0.00183372
215.64295370,0.00278684
215.84649623,0.00388500
216.05005601,0.00807045
216.25363303,0.00396788
216.45722731,0.00338772
216.66083882,-0.00048692
216.86446757,0.00454804
217.06811356,-0.00063196
217.27177679,0.00597773
217.47545724,0.00378140
217.67915493,0.00127428
217.88286984,0.00278684
218.08660198,0.00494172
218.29035133,0.00728309
218.49411790,0.00811189
218.69790169,0.00353276
218.90170269,0.00276612
219.10552090,0.00618493
219.30935632,0.00599845
219.51320894,0.00173012
219.71707876,0.00173012
219.92096578,0.00728309
220.12486999,0.00114996
220.32879140,0.00527325
220.53272999,0.00123284
220.73668578,0.00487956
220.94065875,0.00519037
221.14464890,0.00185444
221.34865623,0.00357420
221.55268073,0.00104636
221.75672241,-0.00069412
221.96078126,0.00212380
222.16485728,-0.00100492
222.36895046,0.00129500
222.57306080,0.00400932
222.77718831,0.00247604
222.98133297,-0.00228956
223.18549478,0.00490028
223.38967375,-0.00119140
223.59386986,-0.00162652
223.79808312,0.00125356
224.00231352,0.00276612
224.20656106,0.00581197
224.41082574,0.00574981
224.61510756,0.00809117
224.81940650,0.00077700
225.02372258,0.00017612
225.22805578,0.00187516
225.43240610,-0.00003108
225.63677355,0.00160580
225.84115811,-0.00216524
226.04555979,0.00173012
226.24997858,0.00046620
226.45441448,0.00218596
226.65886748,0.00717949
226.86333759,0.00291116
227.06782480,0.00214452
227.27232911,0.00274540
227.47685052,0.00007252
227.68138902,0.00382284
227.88594461,-0.00048692
228.09051728,0.00336700
228.29510704,0.00206164
228.49971389,0.00413364
228.70433781,0.00514893
228.90897881,0.00463092
229.11363688,0.00079772
229.31831202,0.00483812
229.52300423,0.00342916
229.72771350,0.00257964
229.93243984,0.00199948
230.13718324,0.00212380
230.34194369,0.00243460
230.54672120,0.00697229
230.75151576,0.00077700
230.95632737,0.00396788
231.16115602,0.00170940
231.36600172,0.00123284
231.57086446,0.00160580
231.77574423,0.00326340
231.98064104,-0.00193732
232.18555488,0.00065268
232.39048575,0.00413364
232.59543365,0.00083916
232.80039857,-0.00253820
233.00538051,0.00545973
233.21037947,0.00527325
233.41539544,0.01938358
233.62042843,0.00253820
233.82547842,0.00241388
234.03054543,0.00678581
234.23562943,0.00185444
234.44073044,0.00297332
234.64584845,0.00504533
234.85098345,0.00170940
235.05613545,0.00344988
235.26130444,0.00359492
235.46649041,0.00284900
235.67169337,0.00626781
235.87691331,0.00898213
236.08215023,0.00003108
236.28740413,0.00429940
236.49267500,0.00197876
236.69796284,-0.00137788
236.90326765,0.00533541
237.10858942,0.00357420
237.31392816,0.00541829
237.51928386,0.00641285
237.72465651,0.00042476
237.93004612,0.00148148
238.13545268,0.00199948
238.34087619,0.00581197
238.54631664,0.00156436
238.75177404,0.00189588
238.95724838,-0.00019684
239.16273965,0.00297332
239.36824786,0.00668221
239.57377300,0.00328412
239.77931508,0.00450660
239.98487407,0.00260036
240.19045000,0.00450660
240.39604284,0.00328412
240.60165260,-0.00139860
240.80727928,0.00284900
241.01292287,0.00349132
241.21858337,0.00606061
241.42426077,0.00400932
241.62995508,0.00434084
241.83566630,-0.00085988
242.04139441,0.00338772
242.24713941,0.00220668
242.45290131,0.00253820
242.65868010,0.00334628
242.86447578,-0.00011396
243.07028835,0.00560477
243.27611779,0.00709661
243.48196412,0.00440300
243.68782732,0.00108780
243.89370739,0.00150220
244.09960434,0.00114996
244.30551816,0.00446516
244.51144884,0.00170940
244.71739638,0.00274540
244.92336078,0.00278684
245.12934204,0.00195804
245.33534016,0.00038332
245.54135512,-0.00019684
245.74738694,0.00133644
245.95343560,0.00144004
246.15950110,0.00519037
246.36558345,-0.00069412
246.57168263,0.00318052
246.77779865,0.00243460
246.98393150,0.00587413
247.19008118,0.00137788
247.39624769,0.00365708
247.60243102,0.00384356
247.80863117,0.00550117
248.01484814,0.00274540
248.22108192,0.00150220
248.42733252,-0.00131572
248.63359993,-0.00139860
248.83988415,0.00032116
249.04618517,0.00574981
249.25250299,0.00102564
249.45883761,0.00009324
249.66518903,0.00241388
249.87155724,0.00038332
250.07794224,0.00564621
250.28434403,0.00139860
250.49076260,0.00705517
250.69719796,-0.00255892
250.90365009,-0.00100492
251.11011901,0.00005180
251.31660469,0.00326340
251.52310715,0.00286972
251.72962638,0.00562549
251.93616237,0.00274540
252.14271513,0.00166796
252.34928464,0.00164724
252.55587091,0.00067340
252.76247394,0.00241388
252.96909372,0.00154364
253.17573025,0.00129500
253.38238352,0.00243460
253.58905354,0.00243460
253.79574030,0.00112924
254.00244380,0.00340844
254.20916403,0.00755245
254.41590099,0.00585341
254.62265469,0.00237244
254.82942511,0.00005180
255.03621225,0.00177156
255.24301612,0.00090132
255.44983670,-0.00075628
255.65667400,0.00452732
255.86352802,0.00063196
256.07039874,0.00040404
256.27728617,0.00032116
256.48419031,0.00442372
256.69111115,0.00144004
256.89804868,0.00092204
257.10500292,0.00137788
257.31197384,0.00324268
257.51896146,0.00778037
257.72596577,-0.00117068
257.93298676,0.00094276
258.14002443,0.00349132
258.34707878,0.00228956
258.55414981,0.00332556
258.76123752,0.00052836
258.96834190,0.00643357
259.17546294,-0.00048692
259.38260065,0.00065268
259.58975502,0.00125356
259.79692606,0.00268324
260.00411375,0.00361564
260.21131810,-0.00282828
260.41853909,0.00353276
260.62577674,0.00295260
260.83303103,0.00384356
261.04030197,-0.00210308
261.24758955,0.00156436
261.45489377,0.00119140
261.66221462,0.00282828
261.86955210,0.00289044
262.07690622,0.00235172
262.28427696,0.00239316
262.49166433,-0.00257964
262.69906831,0.00579125
262.90648892,-0.00102564
263.11392614,0.00342916
263.32137998,0.00392644
263.52885042,0.00214452
263.73633747,0.00790469
263.94384113,-0.00148148
264.15136139,0.00340844
264.35889825,0.00896141
264.56645171,0.00585341
264.77402176,0.00108780
264.98160840,0.00226884
265.18921163,-0.00085988
265.39683144,-0.00046620
265.60446784,0.00684797
265.81212081,0.00030044
266.01979037,0.00315980
266.22747650,0.00096348
266.43517920,0.00328412
266.64289847,-0.00042476
266.85063430,0.00067340
267.05838670,0.00038332
267.26615566,0.00307692
267.47394117,-0.00065268
267.68174324,-0.00063196
267.88956187,0.00461020
268.09739704,0.00452732
268.30524876,0.00353276
268.51311702,0.00666149
268.72100183,-0.00268324
268.92890317,-0.00119140
269.13682105,-0.00197876
269.34475546,-0.00313908
269.55270640,-0.00042476
269.76067387,0.00417508
269.96865786,-0.00092204
270.17665838,0.00017612
270.38467541,0.00102564
270.59270896,0.00239316
270.80075902,0.00127428
271.00882560,0.00318052
271.21690868,0.00030044
271.42500826,0.00313908
271.63312435,0.00088060
271.84125694,0.00150220
272.04940602,0.00786325
272.25757160,0.00318052
272.46575367,0.00361564
272.67395223,0.00195804
272.88216727,-0.00005180
273.09039880,0.00649573
273.29864681,0.00075628
273.50691129,0.00251748
273.71519225,0.00179228
273.92348968,0.00117068
274.13180358,0.00247604
274.34013395,-0.00034188
274.54848077,0.00483812
274.75684406,0.00286972
274.96522381,0.00332556
275.17362001,-0.00216524
275.38203267,0.00492100
275.59046177,0.00228956
275.79890732,0.00195804
276.00736932,0.00249676
276.21584776,-0.00032116
276.42434263,0.00110852
276.63285394,-0.00237244
276.84138169,0.00046620
277.04992586,0.00274540
277.25848646,0.00191660
277.46706349,0.00170940
277.67565694,-0.00409220
277.88426680,-0.00061124
278.09289309,-0.00042476
278.30153578,-0.00079772
278.51019489,0.00444444
278.71887041,0.00344988
278.92756233,0.00386428
279.13627065,0.00276612
279.34499537,0.00307692
279.55373649,0.00419580
279.76249401,0.01217301
279.97126791,0.00419580
280.18005820,0.00168868
280.38886488,0.00351204
280.59768795,-0.00081844
280.80652739,0.00262108
281.01538321,0.00144004
281.22425540,0.00158508
281.43314397,0.00173012
281.64204891,-0.00106708
281.85097021,0.00419580
282.05990788,0.00326340
282.26886190,0.00270396
282.47783229,-0.00059052
282.68681903,0.00274540
282.89582212,0.00208236
283.10484156,0.00104636
283.31387735,-0.00141932
283.52292949,-0.00098420
283.73199796,0.00052836
283.94108277,0.00212380
284.15018392,0.00030044
284.35930141,0.00131572
284.56843522,0.00239316
284.77758536,0.00481740
284.98675183,0.00318052
285.19593461,0.00664077
285.40513372,0.00568765
285.61434914,0.00566693
285.82358088,-0.00100492
286.03282893,-0.00036260
286.24209328,0.00264180
286.45137395,0.00032116
286.66067091,0.00110852
286.86998417,0.00293188
287.07931373,0.00353276
287.28865959,0.00233100
287.49802174,0.00253820
287.70740017,-0.00048692
287.91679489,0.00108780
288.12620590,0.00073556
288.33563318,-0.00179228
288.54507675,0.00376068
288.75453658,-0.00038332
288.96401269,-0.00034188
289.17350507,0.00048692
289.38301372,0.00527325
289.59253863,0.00123284
289.80207980,0.00659933
290.01163723,0.00218596
290.22121091,0.00239316
290.43080085,0.00415436
290.64040703,0.00177156
290.85002947,0.00465164
291.05966815,0.00380212
291.26932307,0.00543901
291.47899422,0.00253820
291.68868162,0.00477596
291.89838525,0.00309764
292.10810511,0.00699301
292.31784119,0.00152292
292.52759350,-0.00156436
292.73736204,0.00315980
292.94714679,0.00222740
293.15694776,0.00096348
293.36676494,0.00100492
293.57659834,-0.00017612
293.78644794,-0.00119140
293.99631375,-0.00011396
294.20619576,0.00456876
294.41609397,0.00699301
294.62600838,0.00036260
294.83593898,0.00216524
295.04588578,0.00067340
295.25584876,-0.00114996
295.46582793,0.00104636
295.67582328,0.00212380
295.88583481,0.00001036
296.09586253,0.00127428
296.30590641,0.00367780
296.51596647,0.00189588
296.72604270,-0.00224812
296.93613509,0.00351204
297.14624365,-0.00338772
297.35636837,0.00212380
297.56650925,0.00127428
297.77666629,-0.00059052
297.98683947,-0.00166796
298.19702881,0.00328412
298.40723429,0.00083916
298.61745592,0.00249676
298.82769369,0.00440300
299.03794760,0.00742813
299.24821765,-0.00075628
299.45850383,0.00297332
299.66880614,0.00162652
299.87912458,-0.00175084
300.08945914,-0.00092204
300.29980983,0.00347060
300.51017663,0.00152292
300.72055955,0.00823621
300.93095859,0.00247604
301.14137374,0.00048692
301.35180499,-0.00121212
301.56225235,0.00048692
301.77271582,-0.00245532
301.98319538,0.01053613
302.19369105,-0.00210308
302.40420280,-0.00015540
302.61473065,0.00510749
302.82527459,0.00235172
303.03583461,0.00079772
303.24641072,-0.00088060
303.45700291,0.00318052
303.66761117,0.00121212
303.87823552,0.00452732
304.08887593,0.00282828
304.29953241,0.00166796
304.51020496,-0.00069412
304.72089358,0.00415436
304.93159825,0.00376068
305.14231899,-0.00061124
305.35305578,0.00425796
305.56380862,0.00289044
305.77457752,0.00239316
305.98536246,0.00096348
306.19616344,0.00224812
306.40698047,0.00152292
306.61781354,0.00121212
306.82866264,0.00315980
307.03952778,0.00193732
307.25040895,0.00179228
307.46130614,0.00390572
307.67221937,0.00085988
307.88314861,0.00108780
308.09409387,0.00359492
308.30505515,0.00251748
308.51603245,0.00446516
308.72702576,-0.00042476
308.93803507,-0.00042476
309.14906039,0.00280756
309.36010172,0.00278684
309.57115904,0.00498316
309.78223236,0.00253820
309.99332168,0.00096348
310.20442699,0.00293188
310.41554829,0.00158508
310.62668557,-0.00003108
310.83783884,0.00206164
311.04900809,-0.00247604
311.26019332,0.00104636
311.47139452,0.00094276
311.68261169,0.00363636
311.89384484,0.00440300
312.10509395,0.00160580
312.31635903,0.00485884
312.52764007,0.00206164
312.73893706,-0.00077700
312.95025002,0.00096348
313.16157892,-0.00146076
313.37292378,0.00351204
313.58428458,0.00257964
313.79566133,0.00175084
314.00705402,0.00320124
314.21846266,0.00104636
314.42988722,-0.00038332
314.64132772,0.00131572
314.85278416,-0.00148148
315.06425652,0.00860917
315.27574480,-0.00030044
315.48724901,0.00224812
315.69876914,0.00023828
315.91030518,0.00295260
316.12185715,0.00096348
316.33342502,0.00220668
316.54500880,0.00322196
316.75660848,0.00347060
316.96822407,0.00328412
317.17985556,-0.00133644
317.39150295,-0.00005180
317.60316624,0.00135716
317.81484541,0.00226884
318.02654048,0.00332556
318.23825143,0.00320124
318.44997826,0.00081844
318.66172098,0.00214452
318.87347957,0.00552189
319.08525404,0.00224812
319.29704439,0.00452732
319.50885060,-0.00083916
319.72067268,0.00461020
319.93251063,0.00092204
320.14436443,0.00156436
320.35623410,0.00765605
320.56811962,0.00218596
320.78002100,-0.00104636
320.99193822,-0.00177156
321.20387130,-0.00011396
321.41582021,0.00257964
321.62778498,0.00767677
321.83976558,0.00344988
322.05176201,0.00210308
322.26377428,0.00162652
322.47580239,0.00506605
322.68784632,0.00407148
322.89990607,0.00293188
323.11198165,0.00133644
323.32407305,0.00276612
323.53618027,0.00129500
323.74830330,0.00090132
323.96044215,0.00405076
324.17259680,0.00612277
324.38476726,0.00527325
324.59695352,0.00079772
324.80915558,0.00106708
325.02137344,0.00112924
325.23360710,-0.00015540
325.44585655,0.00436156
325.65812178,0.00303548
325.87040281,-0.00077700
326.08269962,0.00432012
326.29501221,-0.00073556
326.50734058,0.00394716
326.71968472,0.00092204
326.93204464,0.00568765
327.14442032,0.00593629
327.35681178,0.00560477
327.56921900,0.00119140
327.78164198,0.00137788
327.99408072,-0.00197876
328.20653522,0.00274540
328.41900547,-0.00268324
328.63149147,0.00278684
328.84399322,0.00204092
329.05651071,0.00245532
329.26904395,0.00096348
329.48159293,0.00367780
329.69415764,-0.00044548
329.90673809,0.00332556
330.11933427,0.00056980
330.33194617,0.00245532
330.54457381,0.00139860
330.75721716,-0.00139860
330.96987624,0.00104636
331.18255104,0.00332556
331.39524154,0.00896141
331.60794777,0.00220668
331.82066970,-0.00154364
332.03340733,0.00162652
332.24616067,0.00523181
332.45892971,0.00042476
332.67171445,0.00247604
332.88451489,0.00216524
333.09733102,0.00185444
333.31016283,0.00063196
333.52301034,-0.00034188
333.73587352,-0.00013468
333.94875239,-0.00289044
334.16164694,0.00069412
334.37455717,-0.00349132
334.58748306,0.00351204
334.80042463,0.00562549
335.01338187,-0.00036260
335.22635477,0.00235172
335.43934333,0.00127428
335.65234755,0.00440300
335.86536743,0.00432012
336.07840296,0.00096348
336.29145415,0.00073556
336.50452098,0.00255892
336.71760345,0.00237244
336.93070157,0.00344988
337.14381533,0.00023828
337.35694473,-0.00011396
337.57008976,0.00405076
337.78325042,-0.00011396
337.99642671,0.00191660
338.20961863,0.00150220
338.42282617,0.00328412
338.63604933,-0.00262108
338.84928810,0.00162652
339.06254250,0.00251748
339.27581250,0.00326340
339.48909812,0.00112924
339.70239934,0.00485884
339.91571616,0.00141932
340.12904859,0.00320124
340.34239661,-0.00038332
340.55576023,0.00411292
340.76913945,0.00390572
340.98253425,0.00344988
341.19594464,0.00146076
341.40937061,-0.00021756
341.62281217,0.00363636
341.83626930,0.00778037
342.04974201,0.00021756
342.26323030,-0.00088060
342.47673415,0.00494172
342.69025357,0.00732453
342.90378856,-0.00036260
343.11733911,0.00268324
343.33090522,0.00173012
343.54448688,0.00324268
343.75808410,0.00241388
343.97169687,0.00156436
344.18532519,0.00040404
344.39896906,0.00373996
344.61262847,-0.00168868
344.82630341,0.00351204
345.03999390,0.00450660
345.25369992,0.00454804
345.46742147,0.00761461
345.68115855,0.00226884
345.89491115,0.00100492
346.10867928,0.00114996
346.32246293,0.00228956
346.53626210,-0.00150220
346.75007679,0.00042476
346.96390698,0.00388500
347.17775269,0.00429940
347.39161390,-0.00061124
347.60549061,0.00369852
347.81938283,-0.00027972
348.03329055,0.00419580
348.24721376,0.00324268
348.46115246,0.00324268
348.67510665,-0.00023828
348.88907634,0.00255892
349.10306150,0.00007252
349.31706215,0.00079772
349.53107828,0.00237244
349.74510988,0.00274540
349.95915696,0.00193732
350.17321950,0.00289044
350.38729752,0.00535613
350.60139100,-0.00054908
350.81549994,0.00131572
351.02962435,-0.00052836
351.24376421,0.00403004
351.45791952,-0.00005180
351.67209028,0.00276612
351.88627650,-0.00106708
352.10047816,0.00129500
352.31469526,0.00496244
352.52892780,0.00330484
352.74317578,0.00340844
352.95743919,0.00297332
353.17171804,0.00152292
353.38601232,0.00320124
353.60032202,-0.00071484
353.81464714,0.00647501
354.02898769,-0.00293188
354.24334365,-0.00081844
354.45771503,-0.00224812
354.67210182,0.00328412
354.88650403,0.00651645
355.10092164,0.00525253
355.31535465,0.00021756
355.52980306,0.01080549
355.74426687,0.00245532
355.95874608,0.00129500
356.17324069,0.00235172
356.38775068,0.00046620
356.60227606,0.00293188
356.81681682,-0.00284900
357.03137297,-0.00075628
357.24594449,0.00208236
357.46053139,0.00572909
357.67513367,0.00529397
357.88975132,0.00365708
358.10438433,-0.00170940
358.31903271,0.00177156
358.53369645,0.00108780
358.74837556,-0.00253820
358.96307002,0.00222740
359.17777983,-0.00056980
359.39250499,0.00210308
359.60724551,0.00228956
359.82200137,0.00081844
360.03677257,-0.00040404
360.25155911,0.00052836
360.46636100,0.00328412
360.68117821,-0.00315980
360.89601076,-0.00127428
361.11085864,0.00479668
361.32572184,-0.00278684
361.54060037,0.00278684
361.75549422,0.00392644
361.97040338,0.00492100
362.18532786,0.00344988
362.40026766,0.00137788
362.61522276,0.00303548
362.83019318,0.00670293
363.04517889,0.00204092
363.26017991,0.00061124
363.47519623,0.00052836
363.69022784,0.00409220
363.90527474,0.00019684
364.12033694,0.00608133
364.33541442,-0.00328412
364.55050719,-0.00108780
364.76561524,-0.00079772
364.98073857,0.00052836
365.19587718,-0.00164724
365.41103106,0.00359492
365.62620021,0.00071484
365.84138463,0.00280756
366.05658432,0.00133644
366.27179927,0.00409220
366.48702948,-0.00061124
366.70227494,0.00156436
366.91753566,0.00119140
367.13281163,0.00102564
367.34810285,-0.00011396
367.56340932,0.00233100
367.77873103,0.00131572
367.99406798,0.00181300
368.20942017,-0.00195804
368.42478759,0.00038332
368.64017025,-0.00069412
368.85556813,0.00479668
369.07098125,0.00119140
369.28640958,0.00127428
369.50185314,0.00268324
369.71731191,0.00162652
369.93278590,-0.00202020
370.14827511,0.00191660
370.36377952,-0.00160580
370.57929914,0.00202020
370.79483397,0.00378140
371.01038400,0.00148148
371.22594922,-0.00007252
371.44152965,0.00081844
371.65712526,0.00324268
371.87273607,-0.00168868
372.08836206,0.00239316
372.30400324,0.00309764
372.51965960,-0.00121212
372.73533114,0.00338772
372.95101786,-0.00119140
373.16671976,0.00461020
373.38243682,0.00231028
373.59816905,0.00243460
373.81391645,-0.00245532
374.02967901,0.00311836
374.24545673,0.00162652
374.46124961,-0.00208236
374.67705764,0.00284900
374.89288082,-0.00046620
375.10871916,-0.00048692
375.32457264,0.00030044
375.54044126,0.00025900
375.75632503,0.00458948
375.97222393,0.00191660
376.18813797,-0.00187516
376.40406713,-0.00088060
376.62001143,0.00054908
376.83597086,-0.00085988
377.05194541,0.00063196
377.26793508,0.00262108
377.48393987,0.00415436
377.69995978,0.00235172
377.91599480,0.00021756
378.13204493,0.00112924
378.34811016,0.00502461
378.56419050,0.00444444
378.78028595,0.00444444
378.99639649,0.00009324
379.21252213,-0.00059052
379.42866286,0.00199948
379.64481868,0.00104636
379.86098960,0.00390572
380.07717559,0.00243460
380.29337667,-0.00040404
380.50959283,-0.00005180
380.72582407,0.00320124
380.94207038,0.00235172
381.15833176,0.00187516
381.37460821,0.00040404
381.59089972,0.00131572
381.80720630,0.00415436
382.02352794,-0.00025900
382.23986464,0.00199948
382.45621639,0.00170940
382.67258319,0.00179228
382.88896505,0.00048692
383.10536195,0.00421652
383.32177389,0.00208236
383.53820087,0.00050764
383.75464289,0.00104636
383.97109995,0.00135716
384.18757204,-0.00085988
384.40405916,0.00228956
384.62056131,-0.00036260
384.83707848,0.00133644
385.05361067,0.00262108
385.27015788,0.00025900
385.48672011,0.00454804
385.70329735,0.00398860
385.91988960,0.00357420
386.13649686,0.00044548
386.35311912,0.00347060
386.56975639,0.00187516
386.78640865,0.00183372
387.00307592,0.00001036
387.21975817,-0.00094276
387.43645542,0.00181300
387.65316765,0.00104636
387.86989487,0.00218596
388.08663707,0.00071484
388.30339426,0.00040404
388.52016641,0.00150220
388.73695355,0.00436156
388.95375565,0.00369852
389.17057273,0.00206164
389.38740477,0.00436156
389.60425177,0.00268324
389.82111374,-0.00197876
390.03799066,0.00452732
390.25488253,0.00013468
390.47178936,0.00027972
390.68871114,0.00305620
390.90564787,0.00146076
391.12259954,-0.00003108
391.33956614,0.00104636
391.55654769,-0.00096348
391.77354418,0.00202020
391.99055559,0.00075628
392.20758194,0.00177156
392.42462321,0.00226884
392.64167941,0.00378140
392.85875053,0.00533541
393.07583657,-0.00042476
393.29293752,0.00365708
393.51005339,0.00446516
393.72718417,0.00152292
393.94432986,0.00409220
394.16149045,-0.00005180
394.37866594,0.00007252
394.59585634,0.00398860
394.81306163,0.00336700
395.03028181,0.00407148
395.24751689,0.00877493
395.46476685,0.00127428
395.68203170,0.00425796
395.89931143,0.00606061
396.11660604,0.00500389
396.33391553,0.00305620
396.55123990,0.00112924
396.76857913,0.00400932
396.98593324,0.00539757
397.20330221,-0.00168868
397.42068604,0.00427868
397.63808474,-0.00160580
397.85549829,0.00510749
398.07292670,0.00380212
398.29036996,0.00237244
398.50782807,0.00527325
398.72530103,0.00713805
398.94278883,0.00382284
399.16029147,0.00550117
399.37780895,0.00104636
399.59534127,0.00599845
399.81288841,0.00635069
400.03045039,0.00574981
400.24802720,0.00784253
400.46561883,0.00508677
400.68322529,0.00251748
400.90084656,0.00270396
401.11848265,0.00533541
401.33613355,0.00311836
401.55379926,0.00218596
401.77147978,0.00591557
401.98917511,0.00662005
402.20688524,0.00237244
402.42461017,0.00357420
402.64234989,0.00560477
402.86010441,-0.00013468
403.07787372,0.00711733
403.29565782,0.00469308
403.51345670,0.00199948
403.73127037,0.00624709
403.94909882,0.00114996
404.16694205,0.00419580
404.38480005,0.00320124
404.60267282,0.00309764
404.82056036,0.00251748
405.03846267,0.00935509
405.25637974,0.00819477
405.47431157,0.00554261
405.69225816,0.00452732
405.91021951,0.00376068
406.12819561,0.00247604
406.34618645,0.00191660
406.56419205,0.00442372
406.78221239,0.00204092
407.00024747,0.00784253
407.21829729,-0.00038332
407.43636184,0.00773893
407.65444113,0.00458948
407.87253515,0.00674437
408.09064390,0.00442372
408.30876737,0.00301476
408.52690556,0.00753173
408.74505847,0.00295260
408.96322610,0.00531469
409.18140844,0.00260036
409.39960550,0.00251748
409.61781726,0.00606061
409.83604372,0.00570837
410.05428489,0.00753173
410.27254076,0.00158508
410.49081133,0.00906501
410.70909659,0.00498316
410.92739654,0.00485884
411.14571118,0.00585341
411.36404051,0.00450660
411.58238452,0.00655789
411.80074321,0.00641285
412.01911658,0.00759389
412.23750462,0.00887853
412.45590734,0.00722093
412.67432472,0.00659933
412.89275677,0.00500389
413.11120349,0.00469308
413.32966486,0.00218596
413.54814090,0.00378140
413.76663159,0.00761461
413.98513693,0.00347060
414.20365692,-0.00005180
414.42219156,0.00498316
414.64074084,0.00274540
414.85930477,0.00498316
415.07788333,0.00268324
415.29647653,0.00396788
415.51508437,0.00235172
415.73370683,0.00189588
415.95234392,0.00587413
416.17099564,0.00494172
416.38966198,0.00388500
416.60834294,0.00494172
416.82703851,0.00794613
417.04574870,0.00119140
417.26447350,0.00626781
417.48321291,0.00651645
417.70196692,0.00214452
417.92073554,0.00603989
418.13951875,0.00655789
418.35831657,0.00210308
418.57712898,0.00162652
418.79595598,0.00987309
419.01479757,0.00902357
419.23365374,0.00574981
419.45252450,0.00324268
419.67140984,0.00753173
419.89030975,0.00815333
420.10922425,0.01115773
420.32815331,0.00616421
420.54709694,0.00819477
420.76605514,0.00558405
420.98502791,0.00487956
421.20401523,0.00158508
421.42301712,0.00581197
421.64203356,0.00782181
421.86106455,0.00438228
422.08011009,0.00384356
422.29917018,0.00641285
422.51824482,0.00686869
422.73733399,0.00436156
422.95643771,0.00802901
423.17555596,0.00574981
423.39468875,0.00295260
423.61383606,0.00715877
423.83299790,0.00322196
424.05217427,0.00556333
424.27136516,0.00786325
424.49057057,0.00512821
424.70979050,0.00610205
424.92902494,0.00684797
425.14827390,0.00595701
425.36753736,0.00749029
425.58681532,0.01157213
425.80610779,0.00869205
426.02541476,0.00950013
426.24473623,0.00355348
426.46407219,0.00871277
426.68342265,0.00260036
426.90278759,0.00972805
427.12216702,0.00908573
427.34156093,0.00593629
427.56096933,0.01030821
427.78039220,0.01155141
427.99982955,0.00916861
428.21928137,0.00786325
428.43874766,0.00564621
428.65822841,0.00672365
428.87772363,0.01032893
429.09723331,0.00802901
429.31675745,0.00411292
429.53629605,0.00500389
429.75584910,0.00786325
429.97541660,0.01061901
430.19499854,0.00469308
430.41459494,0.01072261
430.63420577,0.00891997
430.85383104,0.00968661
431.07347075,0.00991453
431.29312489,0.01273245
431.51279347,0.00788397
431.73247647,0.00788397
431.95217390,0.00614349
432.17188574,0.01219373
432.39161201,0.00500389
432.61135270,0.00688941
432.83110780,0.01047397
433.05087731,0.01339549
433.27066123,0.00651645
433.49045956,0.00933437
433.71027229,0.00670293
433.93009942,0.01387205
434.14994095,0.00964517
434.36979687,0.00910645
434.58966718,0.01028749
434.80955189,0.01008029
435.02945098,0.01024605
435.24936445,0.01604766
435.46929230,0.00970733
435.68923454,0.01153069
435.90919115,0.01335405
436.12916213,0.01074333
436.34914748,0.01335405
436.56914720,0.01128205
436.78916128,0.01136493
437.00918972,0.01070189
437.22923252,0.01198653
437.44928968,0.01283605
437.66936119,0.00921005
437.88944706,0.01281533
438.10954727,0.01335405
438.32966182,0.01445221
438.54979072,0.01229733
438.76993395,0.01855478
438.99009153,0.01668998
439.21026343,0.01762238
439.43044967,0.01857550
439.65065024,0.02044030
439.87086513,0.01542606
440.09109434,0.01579902
440.31133788,0.01289821
440.53159573,0.01952862
440.75186789,0.01416213
440.97215437,0.01434861
441.19245516,0.01704222
441.41277025,0.01463869
441.63309964,0.01581974
441.85344334,0.01604766
442.07380133,0.01231805
442.29417362,0.01470085
442.51456020,0.01314685
442.73496107,0.01395493
442.95537623,0.01468013
443.17580567,0.01459725
443.39624939,0.01859622
443.61670739,0.01329189
443.83717967,0.01768454
444.05766622,0.01731158
444.27816704,0.02050246
444.49868212,0.01005957
444.71921147,0.01362341
444.93975509,0.01671070
445.16031296,0.01689718
445.38088508,0.01656566
445.60147147,0.01623414
445.82207210,0.01322973
446.04268698,0.01952862
446.26331610,0.02234654
446.48395947,0.01111629
446.70461707,0.01405853
446.92528892,0.01244237
447.14597499,0.01617198
447.36667530,0.01124061
447.58738984,0.01992230
447.80811860,0.01546750
448.02886158,0.01385133
448.24961879,0.01724942
448.47039021,0.01664854
448.69117585,0.02408702
448.91197570,0.02023310
449.13278975,0.00991453
449.35361802,0.01590262
449.57446049,0.01662782
449.79531715,0.01113701
450.01618802,0.01422429
450.23707308,0.01200725
450.45797234,0.01930070
450.67888578,0.01370629
450.89981341,0.01279461
451.12075522,0.01675214
451.34171122,0.01758094
451.56268139,0.01994302
451.78366574,0.01820254
452.00466426,0.01865838
452.22567696,0.01325045
452.44670382,0.01347837
452.66774484,0.01074333
452.88880003,0.01967366
453.10986938,0.01470085
453.33095288,0.01642062
453.55205053,0.01468013
453.77316234,0.01088837
453.99428830,0.01557110
454.21542840,0.01372701
454.43658264,0.01664854
454.65775102,0.01401709
454.87893354,0.01760166
455.10013019,0.01722870
455.32134098,0.02079254
455.54256589,0.02139342
455.76380493,0.01526030
455.98505809,0.01561254
456.20632537,0.01901062
456.42760677,0.01745662
456.64890229,0.01405853
456.87021191,0.02017094
457.09153565,0.01756022
457.31287349,0.01853406
457.53422544,0.02176638
457.75559149,0.02027454
457.97697163,0.01368557
458.19836587,0.01917638
458.41977420,0.02052318
458.64119663,0.02435638
458.86263313,0.01745662
459.08408373,0.02276094
459.30554840,0.01911422
459.52702716,0.02702927
459.74851999,0.01896918
459.97002689,0.02530951
460.19154786,0.02209790
460.41308290,0.02346542
460.63463201,0.01925926
460.85619518,0.02089614
461.07777241,0.02046102
461.29936369,0.02174566
461.52096903,0.02462574
461.74258841,0.02176638
461.96422185,0.02070966
462.18586933,0.02348614
462.40753086,0.02404558
462.62920642,0.02361046
462.85089602,0.02164206
463.07259966,0.01944574
463.29431733,0.01988086
463.51604902,0.02336182
463.73779475,0.02284382
463.95955449,0.02593111
464.18132826,0.02775447
464.40311604,0.02303030
464.62491784,0.02298886
464.84673365,0.02253302
465.06856347,0.02649055
465.29040730,0.02307174
465.51226513,0.02385910
465.73413696,0.02211862
465.95602279,0.02700855
466.17792261,0.02734007
466.39983643,0.02978503
466.62176424,0.02694639
466.84370603,0.03160839
467.06566181,0.02908055
467.28763157,0.02972287
467.50961531,0.02941207
467.73161303,0.02841751
467.95362472,0.02690495
468.17565038,0.03185703
468.39769001,0.02632479
468.61974360,0.02626263
468.84181116,0.02792023
469.06389267,0.03436415
469.28598814,0.03013727
469.50809757,0.03293447
469.73022094,0.03403263
469.95235827,0.03017871
470.17450954,0.02686351
470.39667475,0.02638695
470.61885390,0.03024087
470.84104699,0.03212639
471.06325402,0.03653976
471.28547498,0.03022015
471.50770986,0.03160839
471.72995867,0.02800311
471.95222141,0.02731935
472.17449806,0.02781663
472.39678864,0.02748511
472.61909313,0.03073815
472.84141153,0.02953639
473.06374384,0.03666408
473.28609005,0.03502720
473.50845017,0.03133903
473.73082420,0.03382543
473.95321212,0.03022015
474.17561393,0.03345247
474.39802964,0.03171199
474.62045924,0.02945351
474.84290273,0.02655271
475.06536010,0.03299663
475.28783136,0.03125615
475.51031649,0.02905983
475.73281550,0.02624191
475.95532838,0.02549599
476.17785513,0.02800311
476.40039575,0.02966071
476.62295024,0.02754727
476.84551859,0.02963999
477.06810080,0.03123543
477.29069686,0.02750583
477.51330678,0.02843823
477.73593055,0.03200207
477.95856817,0.02802383
478.18121963,0.03135975
478.40388494,0.03278943
478.62656409,0.03687128
478.84925707,0.03158767
479.07196389,0.02995079
479.29468455,0.03357679
479.51741903,0.03633256
479.74016733,0.02961927
479.96292946,0.03138047
480.18570542,0.03283087
480.40849519,0.02854183
480.63129877,0.03322455
480.85411617,0.02926703
481.07694738,0.02783735
481.29979239,0.03127687
481.52265121,0.02829319
481.74552383,0.03022015
481.96841025,0.03158767
482.19131046,0.03388759
482.41422447,0.02997151
482.63715227,0.03365967
482.86009385,0.03222999
483.08304922,0.02843823
483.30601837,0.02702927
483.52900130,0.03249935
483.75199801,0.02789951
483.97500849,0.03142191
484.19803274,0.03146335
484.42107076,0.02740223
484.64412255,0.03359751
484.86718810,0.03231287
485.09026741,0.02541311
485.31336047,0.02792023
485.53646729,0.02910127
485.75958786,0.02740223
485.98272218,0.02870759
486.20587024,0.02375550
486.42903205,0.02756799
486.65220760,0.02669775
486.87539689,0.03115255
487.09859991,0.02866615
487.32181666,0.02750583
487.54504715,0.03075887
487.76829136,0.03138047
487.99154929,0.03459207
488.21482094,0.03227143
488.43810631,0.03204351
488.66140540,0.03741000
488.88471820,0.03380471
489.10804471,0.03741000
489.33138493,0.03946128
489.55473885,0.03598032
489.77810647,0.03736856
490.00148780,0.04105672
490.22488281,0.03950272
490.44829153,0.04377104
490.67171393,0.04211344
490.89515002,0.04420616
491.11859979,0.04650609
491.34206325,0.04404040
491.56554038,0.04215488
491.78903120,0.04327376
492.01253568,0.03933696
492.23605384,0.04070448
492.45958567,0.04275576
492.68313116,0.04128464
492.90669031,0.03757576
493.13026312,0.03326599
493.35384960,0.03314167
493.57744972,0.03077959
493.80106350,0.03026159
494.02469092,0.03314167
494.24833200,0.03511008
494.47198671,0.03624968
494.69565507,0.03183631
494.91933706,0.03848744
495.14303269,0.03210567
495.36674195,0.03372183
495.59046484,0.03353535
495.81420136,0.03115255
496.03795150,0.03158767
496.26171526,0.02868687
496.48549264,0.02972287
496.70928364,0.02771303
496.93308825,0.03171199
497.15690647,0.03444703
497.38073830,0.03063455
497.60458373,0.03689200
497.82844276,0.04503497
498.05231539,0.03624968
498.27620162,0.03577312
498.50010144,0.03987568
498.72401485,0.03531728
498.94794185,0.04147112
499.17188244,0.03579384
499.39583661,0.03446775
499.61980435,0.03102823
499.84378568,0.04035224
500.06778058,0.03846672
500.29178904,0.04018648
500.51581108,0.03556592
500.73984668,0.03906760
500.96389585,0.03604248
501.18795858,0.03637400
501.41203486,0.03975136
501.63612470,0.03243719
501.86022809,0.03653976
502.08434503,0.03964776
502.30847551,0.03672624
502.53261954,0.03517224
502.75677711,0.03405335
502.98094822,0.03544160
503.20513286,0.03622896
503.42933104,0.03394975
503.65354274,0.03015799
503.87776797,0.02947423
504.10200673,0.02649055
504.32625901,0.03216783
504.55052480,0.02984719
504.77480411,0.02626263
504.99909694,0.02595183
505.22340327,0.02858327
505.44772312,0.02690495
505.67205646,0.02317534
505.89640331,0.02580679
506.12076366,0.02332038
506.34513750,0.02562031
506.56952484,0.02495726
506.79392567,0.02365190
507.01833999,0.02731935
507.24276779,0.02980575
507.46720907,0.02700855
507.69166384,0.02657343
507.91613208,0.02756799
508.14061380,0.02912199
508.36510898,0.02740223
508.58961764,0.03156695
508.81413976,0.03080031
509.03867534,0.03409479
509.26322439,0.03200207
509.48778689,0.03281015
509.71236285,0.03651904
509.93695226,0.03351463
510.16155512,0.03450919
510.38617142,0.03241647
510.61080117,0.03324527
510.83544436,0.03349391
511.06010099,0.03473711
511.28477105,0.03896400
511.50945454,0.04130536
511.73415147,0.03558664
511.95886182,0.03494431
512.18358560,0.02999223
512.40832280,0.02472934
512.63307341,0.03032375
512.85783745,0.02827247
513.08261489,0.02381766
513.30740575,0.02777519
513.53221001,0.02763015
513.75702768,0.02868687
513.98185875,0.02599327
514.20670322,0.02520591
514.43156109,0.03044807
514.65643235,0.02541311
514.88131700,0.02419062
515.10621504,0.03185703
515.33112647,0.02887335
515.55605128,0.02760943
515.78098946,0.02968143
516.00594103,0.02736079
516.23090597,0.02804455
516.45588428,0.03305879
516.68087596,0.02495726
516.90588100,0.03061383
517.13089941,0.02512303
517.35593118,0.02649055
517.58097631,0.02464646
517.80603479,0.02792023
518.03110663,0.02253302
518.25619181,0.02414918
518.48129034,0.02317534
518.70640222,0.02595183
518.93152743,0.02671847
519.15666598,0.02700855
519.38181787,0.02475006
519.60698310,0.02854183
519.83216165,0.02684279
520.05735353,0.02238798
520.28255873,0.02373478
520.50777726,0.02365190
520.73300910,0.02725719
520.95825426,0.02632479
521.18351273,0.02845895
521.40878452,0.02754727
521.63406961,0.02514375
521.85936801,0.02659415
522.08467971,0.02236726
522.31000471,0.02537167
522.53534300,0.02862471
522.76069459,0.03082103
522.98605947,0.03421911
523.21143764,0.03314167
523.43682910,0.03419839
523.66223383,0.03469567
523.88765185,0.03492359
524.11308315,0.03513080
524.33852772,0.03815592
524.56398556,0.03428127
524.78945667,0.03608392
525.01494104,0.03859104
525.24043868,0.03511008
525.46594959,0.04323232
525.69147374,0.04756281
525.91701116,0.04103600
526.14256182,0.04130536
526.36812574,0.03848744
526.59370290,0.04159544
526.81929331,0.04049728
527.04489696,0.04188552
527.27051384,0.03966848
527.49614396,0.04024864
527.72178732,0.03604248
527.94744390,0.03941984
528.17311372,0.03941984
528.39879675,0.04317016
528.62449301,0.04232064
528.85020249,0.04737633
529.07592518,0.04613313
529.30166109,0.04779073
529.52741021,0.04986273
529.75317254,0.05665890
529.97894807,0.05118881
530.20473680,0.05614090
530.43053874,0.05788138
530.65635387,0.06666667
530.88218219,0.05835794
531.10802371,0.06473970
531.33387841,0.06285418
531.55974630,0.06289562
531.78562738,0.06380730
532.01152163,0.06552707
532.23742906,0.06219114
532.46334967,0.06053354
532.68928344,0.06121730
532.91523039,0.06210826
533.14119051,0.06374514
533.36716378,0.05951826
533.59315022,0.05891738
533.81914982,0.05781922
534.04516257,0.06813779
534.27118847,0.05920746
534.49722752,0.06009842
534.72327973,0.06227402
534.94934507,0.05713546
535.17542356,0.06239834
535.40151518,0.06076146
535.62761994,0.05491841
535.85373784,0.05317793
536.07986886,0.06333074
536.30601301,0.06055426
536.53217029,0.05893810
536.75834069,0.05454545
536.98452420,0.05798498
537.21072084,0.05926962
537.43693059,0.06069930
537.66315345,0.05757058
537.88938941,0.05879306
538.11563848,0.06185962
538.34190066,0.06136234
538.56817593,0.06125874
538.79446431,0.06134162
539.02076577,0.06223258
539.24708033,0.06645947
539.47340798,0.06766123
539.69974871,0.06457394
539.92610252,0.06331002
540.15246942,0.06494690
540.37884939,0.06902875
540.60524244,0.07497539
540.83164856,0.07101787
541.05806775,0.07845636
541.28450001,0.07288267
541.51094533,0.07924372
541.73740371,0.07845636
541.96387515,0.07762756
542.19035965,0.07006475
542.41685719,0.07992748
542.64336779,0.07603212
542.86989144,0.07766900
543.09642813,0.06971251
543.32297786,0.07518260
543.54954063,0.06960891
543.77611643,0.07905724
544.00270527,0.07058275
544.22930714,0.07795908
544.45592204,0.07139083
544.68254996,0.07354571
544.90919091,0.07043771
545.13584487,0.07184667
545.36251185,0.06708107
545.58919184,0.06546491
545.81588485,0.06813779
546.04259086,0.06695675
546.26930988,0.06500907
546.49604191,0.06689459
546.72278693,0.06380730
546.94954495,0.06979539
547.17631596,0.06894587
547.40309997,0.07099715
547.62989696,0.06975395
547.85670694,0.07532764
548.08352991,0.08471380
548.31036585,0.07346283
548.53721477,0.07847708
548.76407667,0.08003108
548.99095154,0.07866356
549.21783938,0.07445739
549.44474018,0.07671588
549.67165395,0.07603212
549.89858069,0.07771044
550.12552038,0.07389795
550.35247302,0.07284123
550.57943862,0.07182595
550.80641717,0.07159803
551.03340866,0.07356643
551.26041310,0.07713028
551.48743048,0.08021756
551.71446081,0.08017612
551.94150406,0.08529397
552.16856025,0.08981093
552.39562937,0.09409997
552.62271142,0.08993525
552.84980640,0.08983165
553.07691429,0.08796685
553.30403511,0.09370629
553.53116884,0.09414141
553.75831549,0.09412069
553.98547505,0.09654494
554.21264752,0.09981870
554.43983289,0.09708366
554.66703116,0.09959078
554.89424234,0.10361046
555.12146641,0.10622119
555.34870338,0.10555815
555.57595324,0.10787879
555.80321599,0.11225071
556.03049162,0.10512303
556.25778014,0.10257446
556.48508154,0.11015799
556.71239582,0.11293447
556.93972297,0.11046879
557.16706300,0.10506087
557.39441589,0.11048951
557.62178165,0.11210567
557.84916028,0.10371406
558.07655177,0.10773375
558.30395611,0.10758871
558.53137331,0.11007511
558.75880337,0.10955711
558.98624627,0.10968143
559.21370202,0.10833463
559.44117062,0.10303030
559.66865206,0.09979798
559.89614634,0.10075110
560.12365345,0.09733230
560.35117340,0.09861694
560.57870618,0.09494949
560.80625179,0.09153069
561.03381022,0.09360269
561.26138148,0.09894846
561.48896555,0.10099974
561.71656244,0.09588190
561.94417215,0.09625486
562.17179467,0.09354053
562.39942999,0.09057757
562.62707812,0.09068117
562.85473906,0.09356125
563.08241279,0.09246309
563.31009933,0.08133644
563.53779866,0.09304325
563.76551078,0.08659933
563.99323568,0.08299404
564.22097338,0.08579125
564.44872386,0.08237244
564.67648712,0.08674437
564.90426316,0.09049469
565.13205197,0.08815333
565.35985356,0.09090909
565.58766792,0.09339549
565.81549504,0.09306397
566.04333493,0.09509454
566.27118758,0.08400932
566.49905298,0.08840197
566.72693115,0.08560477
566.95482207,0.09192437
567.18272573,0.08937581
567.41064215,0.09327117
567.63857131,0.09014245
567.86651321,0.08958301
568.09446785,0.09057757
568.32243523,0.09138565
568.55041534,0.08838125
568.77840819,0.09494949
569.00641376,0.08858845
569.23443206,0.08655789
569.46246308,0.08763533
569.69050682,0.08591557
569.91856327,0.08807045
570.14663244,0.08914789
570.37471433,0.08624709
570.60280892,0.09291893
570.83091622,0.09032893
571.05903622,0.09644134
571.28716892,0.09370629
571.51531432,0.10012950
571.74347241,0.10282310
571.97164320,0.09412069
572.19982667,0.09913494
572.42802284,0.10029526
572.65623168,0.09925926
572.88445321,0.09954934
573.11268742,0.09615126
573.34093430,0.09625486
573.56919385,0.10157990
573.79746608,0.10041958
574.02575097,0.10818959
574.25404853,0.10771303
574.48235874,0.10876975
574.71068162,0.11096607
574.93901715,0.10986791
575.16736534,0.11297591
575.39572618,0.11204351
575.62409966,0.11266511
575.85248579,0.11131831
576.08088456,0.11202279
576.30929597,0.11981352
576.53772002,0.11452991
576.76615671,0.11786584
576.99460602,0.11848744
577.22306796,0.11863248
577.45154253,0.12408184
577.68002972,0.12242424
577.90852953,0.12354312
578.13704196,0.12171976
578.36556700,0.12801865
578.59410465,0.13172753
578.82265492,0.13172753
579.05121779,0.13058793
579.27979326,0.12741777
579.50838133,0.12329448
579.73698201,0.12354312
579.96559527,0.12312872
580.19422113,0.11666408
580.42285958,0.11363895
580.65151062,0.11359751
580.88017424,0.11573168
581.10885044,0.11297591
581.33753922,0.11964776
581.56624057,0.11202279
581.79495450,0.10903911
582.02368100,0.10284382
582.25242007,0.10332038
582.48117170,0.10332038
582.70993589,0.10818959
582.93871264,0.10897695
583.16750195,0.10079254
583.39630381,0.10108262
583.62511822,0.10468790
583.85394518,0.10131054
584.08278469,0.10543383
584.31163674,0.10437710
584.54050133,0.10290598
584.76937845,0.10727791
584.99826811,0.11026159
585.22717030,0.11222999
585.45608502,0.10891479
585.68501226,0.12142968
585.91395203,0.12182336
586.14290432,0.12944833
586.37186912,0.12828801
586.60084644,0.13377881
586.82983628,0.13943538
587.05883862,0.13962186
587.28785347,0.14098938
587.51688082,0.14500907
587.74592067,0.14185962
587.97497302,0.13842010
588.20403787,0.13839938
588.43311520,0.14807563
588.66220503,0.15344211
588.89130735,0.15371147
589.12042215,0.15292411
589.34954943,0.15099715
589.57868919,0.14952603
589.80784142,0.15499611
590.03700613,0.15364931
590.26618331,0.16015540
590.49537296,0.15387723
590.72457507,0.14766123
590.95378964,0.14670811
591.18301667,0.14728827
591.41225616,0.14565139
591.64150811,0.14177674
591.87077250,0.14513339
592.10004934,0.14306138
592.32933863,0.14192178
592.55864036,0.13775706
592.78795453,0.13895882
593.01728114,0.14283346
593.24662018,0.14573427
593.47597165,0.13813002
593.70533555,0.13649314
593.93471188,0.13962186
594.16410063,0.14685315
594.39350180,0.14708107
594.62291539,0.14965035
594.85234140,0.15331779
595.08177981,0.15495467
595.31123064,0.14608651
595.54069387,0.14380730
595.77016951,0.14511267
595.99965755,0.14299922
596.22915798,0.15018907
596.45867081,0.14668739
596.68819604,0.14322714
596.91773365,0.13353017
597.14728365,0.13775706
597.37684603,0.13800570
597.60642080,0.13945610
597.83600795,0.14575499
598.06560747,0.14853147
598.29521936,0.13943538
598.52484363,0.14534059
598.75448026,0.14830355
598.98412926,0.15516188
599.21379062,0.15959596
599.44346434,0.16429940
599.67315042,0.16943797
599.90284885,0.17534318
600.13255963,0.18203574
600.36228276,0.17474229
600.59201824,0.17472157
600.82176606,0.17057757
601.05152622,0.16829837
601.28129871,0.16722093
601.51108354,0.17656566
601.74088070,0.17646206
601.97069019,0.18518519
602.20051201,0.19347319
602.43034615,0.20335664
602.66019261,0.20642321
602.89005139,0.21292929
603.11992249,0.20816369
603.34980589,0.20609169
603.57970161,0.20922041
603.80960963,0.20853665
604.03952996,0.21740482
604.26946259,0.21728050
604.49940751,0.21966330
604.72936474,0.21081585
604.95933425,0.20741777
605.18931606,0.20650609
605.41931015,0.20547009
605.64931653,0.20420616
605.87933519,0.19844600
606.10936612,0.19991712
606.33940934,0.20333592
606.56946483,0.21506346
606.79953259,0.21568506
607.02961261,0.21379953
607.25970490,0.22227402
607.48980946,0.22757835
607.71992627,0.22991971
607.95005534,0.24481740
608.18019667,0.25059829
608.41035024,0.25905206
608.64051607,0.26955711
608.87069414,0.28895105
609.10088445,0.29703186
609.33108700,0.31143227
609.56130179,0.31665372
609.79152882,0.32645429
610.02176808,0.32693085
610.25201956,0.32875421
610.48228328,0.33372701
610.71255921,0.34491582
610.94284737,0.35732712
611.17314775,0.35649832
611.40346034,0.35595960
611.63378514,0.34145558
611.86412215,0.33008029
612.09447137,0.31329707
612.32483280,0.30844859
612.55520642,0.28957265
612.78559225,0.27349391
613.01599027,0.24976949
613.24640048,0.24388500
613.47682288,0.24102564
613.70725747,0.23364931
613.93770425,0.22306138
614.16816321,0.22830355
614.39863434,0.23010619
614.62911766,0.23078995
614.85961314,0.22904947
615.09012080,0.23393939
615.32064063,0.22134162
615.55117262,0.22148666
615.78171677,0.22364154
616.01227308,0.21995338
616.24284156,0.21908314
616.47342218,0.20750065
616.70401496,0.21377881
616.93461988,0.20420616
617.16523695,0.20430976
617.39586617,0.18868687
617.62650752,0.18572391
617.85716101,0.18189070
618.08782664,0.17681430
618.31850440,0.17186221
618.54919429,0.17155141
618.77989630,0.16717949
619.01061044,0.15603212
619.24133670,0.14505051
619.47207508,0.14505051
619.70282557,0.13792282
619.93358818,0.13721834
620.16436289,0.12828801
620.39514972,0.12793577
620.62594864,0.11587672
620.85675967,0.12070448
621.08758280,0.11341103
621.31841802,0.10816887
621.54926534,0.10572391
621.78012475,0.10636623
622.01099624,0.09865838
622.24187982,0.10193214
622.47277549,0.10443926
622.70368323,0.10901839
622.93460305,0.10238798
623.16553494,0.10698783
623.39647890,0.10454286
623.62743493,0.10373478
623.85840303,0.10120694
624.08938319,0.09925926
624.32037541,0.09515670
624.55137968,0.09586118
624.78239602,0.08974877
625.01342440,0.08508677
625.24446483,0.08357420
625.47551731,0.08819477
625.70658183,0.08502461
625.93765839,0.08947941
626.16874699,0.08682725
626.39984763,0.08090132
626.63096029,0.08566693
626.86208499,0.08415436
627.09322171,0.08668221
627.32437046,0.09677286
627.55553123,0.09954934
627.78670401,0.10139342
628.01788882,0.10982647
628.24908563,0.11790728
628.48029446,0.11573168
628.71151529,0.12441336
628.94274813,0.12700337
629.17399296,0.13487697
629.40524980,0.13589226
629.63651863,0.13721834
629.86779946,0.13949754
630.09909228,0.14699819
630.33039709,0.15103859
630.56171388,0.16829837
630.79304265,0.16498316
631.02438340,0.17300181
631.25573613,0.17470085
631.48710084,0.17979798
631.71847751,0.18441854
631.94986615,0.19332815
632.18126676,0.19796944
632.41267933,0.20194768
632.64410387,0.20169904
632.87554035,0.21798498
633.10698880,0.22374514
633.33844919,0.22766123
633.56992154,0.23217819
633.80140583,0.23137011
634.03290207,0.23236467
634.26441024,0.23091427
634.49593035,0.23037555
634.72746240,0.23984460
634.95900638,0.23965812
635.19056229,0.25681430
635.42213013,0.25745662
635.65370989,0.26889407
635.88530158,0.26970215
636.11690518,0.27473711
636.34852069,0.27765864
636.58014812,0.29338513
636.81178746,0.30538203
637.04343871,0.30314426
637.27510187,0.30859363
637.50677692,0.31976172
637.73846387,0.32195804
637.97016272,0.30741259
638.20187347,0.30813779
638.43359610,0.30824139
638.66533062,0.30813779
638.89707703,0.31089355
639.12883532,0.30612795
639.36060549,0.30842787
639.59238754,0.30398763
639.82418146,0.32135814
640.05598725,0.31293357
640.28780491,0.30522126
640.51963444,0.30679371
640.75147583,0.29968098
640.98332908,0.30544332
641.21519419,0.30940231
641.44707115,0.31716271
641.67895997,0.31065818
641.91086063,0.29457971
642.14277314,0.28324013
642.37469750,0.28889204
642.60663369,0.29395117
642.83858172,0.30244949
643.07054159,0.29509436
643.30251329,0.28169375
643.53449683,0.26402829
643.76649218,0.25598556
643.99849937,0.25983673
644.23051837,0.27021802
644.46254919,0.26052444
644.69459183,0.25105845
644.92664628,0.24469680
645.15871254,0.24759131
645.39079061,0.23720284
645.62288049,0.24080967
645.85498217,0.23807795
646.08709564,0.23006457
646.31922091,0.21986669
646.55135798,0.22843316
646.78350684,0.23462098
647.01566748,0.21998816
647.24783991,0.21181139
647.48002413,0.20862296
647.71222012,0.20946226
647.94442789,0.21240253
648.17664744,0.21245438
648.40887875,0.20895138
648.64112184,0.20575530
648.87337669,0.20310501
649.10564331,0.19862882
649.33792168,0.21091800
649.57021181,0.20066917
649.80251370,0.20481124
650.03482734,0.19863461
650.26715273,0.19721666
650.49948987,0.19785538
650.73183875,0.20045872
650.96419937,0.19413188
651.19657173,0.19543131
651.42895582,0.20377563
651.66135165,0.21190651
651.89375921,0.20439610
652.12617849,0.20666976
652.35860950,0.21637997
652.59105224,0.21544707
652.82350669,0.21438615
653.05597285,0.21763881
653.28845073,0.21034389
653.52094032,0.19972956
653.75344162,0.21257781
653.98595462,0.21342725
654.21847933,0.20124395
654.45101573,0.20199699
654.68356383,0.20782411
654.91612363,0.21214967
655.14869511,0.20358088
655.38127829,0.21480134
655.61387315,0.21143485
655.84647969,0.20678013
656.07909792,0.21111164
656.31172782,0.20790561
656.54436939,0.20377447
656.77702264,0.20252959
657.00968756,0.19570001
657.24236414,0.20670989
657.47505238,0.20699966
657.70775229,0.20394464
657.94046385,0.21310758
658.17318707,0.21363297
658.40592195,0.22106723
658.63866847,0.22281167
658.87142663,0.22983700
659.10419645,0.22734503
659.33697790,0.22085613
659.56977099,0.22997639
659.80257572,0.22632892
660.03539208,0.22461375
660.26822007,0.22107760
660.50105969,0.21659060
660.73391093,0.21945218
660.96677380,0.22222649
661.19964828,0.22421468
661.43253438,0.22043784
661.66543209,0.21826388
661.89834142,0.21826396
662.13126235,0.21408337
662.36419489,0.22285774
662.59713903,0.23339279
662.83009477,0.22543798
663.06306210,0.22307235
663.29604103,0.23098083
663.52903155,0.23604028
663.76203367,0.22724601
663.99504736,0.22775101
664.22807264,0.23036995
664.46110950,0.22509590
664.69415794,0.22596489
664.92721795,0.21932348
665.16028953,0.21741575
665.39337269,0.22273080
665.62646740,0.21141737
665.85957369,0.20380428
666.09269153,0.19474628
666.32582093,0.19383595
666.55896189,0.18974400
666.79211440,0.18829319
667.02527846,0.19515152
667.25845406,0.18427350
667.49164121,0.17930070
667.72483991,0.18437710
667.95805014,0.18883191
668.19127190,0.18149702
668.42450520,0.18075110
668.65775003,0.17366485
668.89100639,0.16875421
669.12427427,0.17662782
669.35755368,0.17366485
669.59084460,0.17569542
669.82414704,0.17509454
670.05746099,0.17965294
670.29078646,0.17847190
670.52412343,0.17020461
670.75747191,0.18164206
670.99083189,0.17853406
671.22420337,0.17998446
671.45758635,0.18798239
671.69098082,0.19521368
671.92438678,0.19983424
672.15780424,0.20310800
672.39123317,0.20418544
672.62467360,0.21601658
672.85812550,0.21411033
673.09158888,0.22869723
673.32506373,0.21703186
673.55855006,0.22484330
673.79204785,0.22413882
674.02555712,0.22395234
674.25907784,0.22436674
674.49261003,0.22743331
674.72615367,0.22612795
674.95970878,0.23646724
675.19327533,0.23574204
675.42685333,0.24929293
675.66044278,0.24964517
675.89404368,0.26174566
676.12765601,0.25892774
676.36127979,0.25799534
676.59491500,0.25737374
676.82856165,0.24954157
677.06221972,0.24666149
677.29588922,0.25182077
677.52957015,0.24483812
677.76326250,0.23907796
677.99696627,0.23244755
678.23068146,0.22911163
678.46440806,0.23263403
678.69814607,0.20822585
678.93189549,0.20103600
679.16565631,0.20341880
679.39942854,0.18309246
679.63321217,0.19235431
679.86700720,0.19022015
680.10081361,0.18416990
680.33463143,0.18427350
680.56846063,0.18804455
680.80230121,0.17843046
681.03615318,0.18719503
681.27001653,0.17799534
681.50389126,0.17865838
681.73777736,0.17994302
681.97167484,0.17555038
682.20558368,0.17903134
682.43950390,0.18120694
682.67343547,0.18023310
682.90737841,0.17903134
683.14133270,0.16927221
683.37529836,0.16606061
683.60927536,0.15719244
683.84326371,0.15617716
684.07726341,0.16114996
684.31127446,0.15694380
684.54529685,0.15940948
684.77933057,0.16618493
685.01337564,0.16682725
685.24743203,0.18170422
685.48149976,0.19521368
685.71557881,0.20501425
685.94966919,0.21286713
686.18377090,0.22156954
686.41788392,0.22722611
686.65200826,0.23524476
686.88614391,0.23308987
687.12029088,0.24003108
687.35444915,0.23793836
687.58861873,0.23433307
687.82279961,0.22401450
688.05699179,0.22198394
688.29119527,0.22018130
688.52541004,0.22527843
688.75963611,0.22581715
688.99387346,0.23373219
689.22812210,0.22855219
689.46238203,0.24458948
689.69665323,0.24318052
689.93093571,0.25335405
690.16522947,0.26408702
690.39953450,0.26717431
690.63385080,0.26789951
690.86817837,0.27950272
691.10251720,0.28010360
691.33686730,0.28851593
691.57122865,0.28300440
691.80560125,0.28899249
692.03998511,0.29303289
692.27438023,0.29862730
692.50878658,0.28466200
692.74320419,0.28650609
692.97763303,0.28634033
693.21207312,0.30105154
693.44652444,0.29626522
693.68098699,0.30113442
693.91546077,0.29835794
694.14994579,0.31706812
694.38444203,0.30878011
694.61894949,0.32183372
694.85346817,0.32071484
695.08799806,0.33217301
695.32253918,0.31391867
695.55709150,0.32833981
695.79165503,0.32442372
696.02622977,0.32545973
696.26081571,0.31980316
696.49541285,0.31335923
696.73002119,0.31410515
696.96464072,0.31151515
697.19927145,0.31085211
697.43391336,0.31367003
697.66856647,0.30948459
697.90323075,0.31269619
698.13790622,0.30463610
698.37259286,0.31503756
698.60729068,0.30946387
698.84199967,0.31777260
699.07671984,0.33267029
699.31145117,0.33936286
699.54619366,0.35229215
699.78094731,0.36306656
700.01571213,0.38683243
700.25048810,0.39959596
700.48527522,0.42439782
700.72007349,0.42781663
700.95488292,0.44337736
701.18970348,0.45825434
701.42453519,0.45701114
701.65937804,0.46627299
701.89423202,0.46314426
702.12909714,0.46376586
702.36397339,0.45139601
702.59886077,0.45168609
702.83375927,0.42773375
703.06866889,0.43214711
703.30358964,0.41366485
703.53852150,0.39878788
703.77346448,0.39503756
704.00841857,0.39072779
704.24338376,0.38664595
704.47836007,0.39186739
704.71334748,0.39920228
704.94834598,0.38536131
705.18335559,0.38103082
705.41837629,0.37844082
705.65340808,0.38590003
705.88845096,0.38092722
706.12350493,0.38384874
706.35856998,0.38304066
706.59364612,0.38382802
706.82873333,0.38656307
707.06383161,0.38913235
707.29894097,0.39692308
707.53406141,0.40875421
707.76919290,0.40558405
708.00433546,0.42738151
708.23948909,0.42669775
708.47465377,0.44733489
708.70982951,0.44412328
708.94501630,0.44706553
709.18021414,0.44404040
709.41542303,0.43877752
709.65064297,0.42736079
709.88587395,0.41526030
710.12111597,0.41552966
710.35636902,0.39456099
710.59163311,0.38971251
710.82690823,0.38985755
711.06219437,0.37806786
711.29749155,0.37425537
711.53279974,0.36640249
711.76811896,0.37195545
712.00344920,0.36932401
712.23879044,0.37810930
712.47414270,0.38853147
712.70950597,0.39462315
712.94488025,0.39708884
713.18026553,0.41213157
713.41566181,0.41005957
713.65106908,0.40508677
713.88648736,0.41159285
714.12191662,0.40471380
714.35735688,0.38770267
714.59280812,0.39410515
714.82827034,0.38219114
715.06374355,0.37058793
715.29922774,0.36926185
715.53472290,0.37388241
715.77022903,0.35668480
716.00574614,0.35593888
716.24127421,0.34912199
716.47681324,0.34089614
716.71236324,0.33969438
716.94792420,0.33072261
717.18349611,0.32303548
717.41907898,0.31437451
717.65467280,0.30362082
717.89027757,0.30447034
718.12589328,0.29947682
718.36151993,0.28897177
718.59715752,0.28598809
718.83280605,0.27850816
719.06846552,0.27106967
719.30413591,0.27606320
719.53981724,0.27102823
719.77550949,0.27983424
720.01121266,0.27919192
720.24692676,0.28818441
720.48265177,0.29243201
720.71838769,0.28515929
720.95413453,0.28919969
721.18989228,0.29607874
721.42566093,0.28466200
721.66144049,0.28797721
721.89723095,0.27732712
722.13303231,0.27322455
722.36884456,0.27005439
722.60466770,0.27741000
722.84050173,0.26551671
723.07634666,0.26700855
723.31220246,0.26854183
723.54806915,0.26615903
723.78394671,0.25934214
724.01983515,0.25308469
724.25573447,0.24817405
724.49164465,0.24989381
724.72756571,0.24440300
724.96349762,0.24537685
725.19944040,0.24753173
725.43539404,0.24535613
725.67135854,0.23791764
725.90733388,0.23771044
726.14332008,0.24367780
726.37931713,0.24336700
726.61532503,0.24067340
726.85134376,0.23849780
727.08737334,0.24027972
727.32341375,0.23862212
727.55946500,0.23692308
727.79552708,0.24601917
728.03159998,0.25041181
728.26768372,0.24962445
728.50377827,0.26823103
728.73988365,0.26959855
728.97599985,0.26458430
729.21212686,0.27521368
729.44826468,0.26754727
729.68441331,0.26452214
729.92057275,0.25503238
730.15674299,0.25279461
730.39292403,0.25351981
730.62911587,0.24133644
730.86531851,0.23512044
731.10153194,0.22312354
731.33775616,0.21906242
731.57399117,0.20534577
731.81023696,0.18835535
732.04649353,0.17973582
732.28276088,0.16720021
732.51903901,0.15777260
732.75532791,0.15914012
732.99162758,0.15986532
733.22793802,0.15520332
733.46425923,0.15128723
733.70059119,0.14668739
733.93693392,0.13732194
734.17328740,0.13019425
734.40965164,0.13361305
734.64602662,0.13154105
734.88241236,0.12702409
735.11880884,0.13023569
735.35521607,0.12843305
735.59163403,0.12851593
735.82806273,0.13104377
736.06450217,0.14061642
736.30095234,0.14318570
736.53741323,0.14921523
736.77388486,0.17045325
737.01036720,0.17356125
737.24686027,0.19198135
737.48336406,0.20087024
737.71987856,0.21620306
737.95640377,0.23037555
738.19293969,0.24276612
738.42948632,0.25285677
738.66604365,0.26257446
738.90261169,0.25538462
739.13919042,0.26920487
739.37577985,0.27455063
739.61237997,0.27653976
739.84899078,0.27811448
740.08561228,0.27875680
740.32224446,0.26642839
740.55888732,0.25938358
740.79554087,0.24079772
741.03220509,0.22880083
741.26887998,0.21672106
741.50556555,0.20977985
741.74226178,0.20339808
741.97896868,0.19550376
742.21568624,0.18825175
742.45241446,0.17780886
742.68915333,0.17430717
742.92590286,0.17289821
743.16266304,0.16871277
743.39943387,0.16324268
743.63621535,0.16521109
743.87300747,0.16065268
744.10981023,0.15748252
744.34662363,0.16114996
744.58344766,0.17068117
744.82028232,0.16767677
745.05712761,0.17119917
745.29398353,0.16237244
745.53085007,0.16560477
745.76772724,0.16085988
746.00461502,0.15717172
746.24151341,0.14724683
746.47842242,0.14272986
746.71534204,0.14608651
746.95227227,0.14011914
747.18921310,0.14772339
747.42616453,0.14565139
747.66312656,0.15375291
747.90009918,0.14453250
748.13708240,0.15327635
748.37407621,0.16195804
748.61108061,0.15628076
748.84809559,0.16137788
749.08512115,0.16363636
749.32215730,0.15253043
749.55920401,0.15153587
749.79626131,0.15835276
750.03332917,0.15777260
750.27040760,0.15758612
750.50749660,0.16102564
750.74459616,0.16645429
750.98170628,0.16245532
751.21882695,0.16887853
751.45595818,0.16753173
751.69309997,0.17683502
751.93025230,0.17884486
752.16741517,0.17235949
752.40458859,0.17470085
752.64177256,0.16898213
752.87896705,0.18495726
753.11617209,0.17884486
753.35338765,0.18406630
753.59061374,0.18506087
753.82785037,0.19096607
754.06509751,0.19761720
754.30235518,0.20484848
754.53962336,0.21707330
754.77690206,0.22689459
755.01419127,0.23681948
755.25149099,0.23988604
755.48880122,0.24392644
755.72612195,0.24916861
755.96345319,0.24289044
756.20079492,0.23684020
756.43814715,0.23650868
756.67550987,0.24189588
756.91288309,0.22780627
757.15026679,0.22521627
757.38766097,0.22515411
757.62506564,0.21786066
757.86248079,0.21678322
758.09990641,0.20165760
758.33734251,0.20625745
758.57478908,0.20192696
758.81224612,0.19776224
759.04971362,0.18945351
759.28719159,0.18885263
759.52468001,0.17930070
759.76217889,0.18800311
759.99968823,0.17555038
760.23720802,0.17014245
760.47473826,0.16291116
760.71227894,0.15456099
760.94983007,0.15478891
761.18739164,0.15058275
761.42496364,0.14587931
761.66254608,0.15346283
761.90013895,0.15288267
762.13774226,0.15719244
762.37535598,0.14523699
762.61298014,0.14183890
762.85061471,0.14391090
763.08825970,0.15454027
763.32591511,0.15932660
763.56358093,0.16338772
763.80125716,0.16759389
764.03894380,0.17281533
764.27664084,0.17246309
764.51434829,0.16985237
764.75206613,0.17242165
764.98979437,0.17012173
765.22753300,0.17434861
765.46528203,0.17965294
765.70304144,0.18611759
765.94081124,0.18327894
766.17859142,0.18702927
766.41638197,0.19469567
766.65418291,0.18595183
766.89199422,0.18719503
767.12981590,0.17532246
767.36764795,0.17861694
767.60549036,0.17548822
767.84334314,0.17969438
768.08120628,0.16761461
768.31907977,0.16552189
768.55696362,0.16502461
768.79485782,0.16392644
769.03276238,0.16206164
769.27067727,0.16141932
769.50860251,0.15489251
769.74653809,0.16183372
769.98448401,0.16630925
770.22244027,0.16767677
770.46040685,0.17264957
770.69838377,0.17865838
770.93637101,0.18203574
771.17436858,0.18489510
771.41237647,0.19106967
771.65039468,0.19552448
771.88842320,0.18963999
772.12646204,0.19264439
772.36451118,0.18860399
772.60257064,0.18064750
772.84064039,0.17724942
773.07872045,0.17654494
773.31681081,0.16979021
773.55491147,0.17088837
773.79302242,0.17018389
774.03114366,0.16583269
774.26927519,0.16357420
774.50741700,0.16038332
774.74556910,0.15746180
774.98373147,0.15831132
775.22190413,0.15988604
775.46008705,0.15659156
775.69828025,0.15698524
775.93648372,0.16398860
776.17469745,0.16585341
776.41292145,0.17248381
776.65115570,0.16691013
776.88940022,0.17279461
777.12765499,0.16531469
777.36592001,0.17223517
777.60419528,0.16247604
777.84248079,0.15845636
778.08077655,0.15667444
778.31908256,0.15333851
778.55739879,0.14461538
778.79572527,0.13995338
779.03406198,0.13817146
779.27240891,0.13877234
779.51076608,0.12992489
779.74913346,0.12857809
779.98751107,0.13125097
780.22589890,0.14465682
780.46429695,0.12518001
780.70270520,0.12924113
780.94112367,0.12772857
781.17955235,0.13578866
781.41799123,0.13147889
781.65644031,0.13133385
781.89489959,0.12408184
782.13336907,0.12905465
782.37184874,0.12424760
782.61033861,0.12536649
782.84883866,0.12986273
783.08734890,0.12339808
783.32586931,0.12397824
783.56439991,0.12613313
783.80294069,0.12588449
784.04149164,0.12702409
784.28005276,0.12321160
784.51862406,0.13181041
784.75720551,0.13222481
784.99579713,0.12911681
785.23439891,0.13854442
785.47301085,0.13645170
785.71163295,0.13290857
785.95026519,0.13348873
786.18890759,0.13978762
786.42756013,0.13877234
786.66622282,0.13556074
786.90489564,0.14053354
787.14357861,0.13585082
787.38227171,0.13384097
787.62097494,0.12428904
787.85968831,0.12658897
788.09841180,0.11873608
788.33714541,0.12254856
788.57588915,0.11987568
788.81464301,0.10972287
789.05340698,0.11071743
789.29218106,0.10841751
789.53096526,0.11202279
789.76975956,0.11285159
790.00856397,0.11390831
790.24737848,0.12294224
790.48620309,0.11521368
790.72503780,0.12422688
790.96388260,0.12650609
791.20273749,0.12561513
791.44160247,0.11968920
791.68047754,0.11944056
791.91936269,0.11871536
792.15825792,0.11102823
792.39716323,0.11566952
792.63607861,0.11181559
792.87500406,0.10742295
793.11393958,0.11869464
793.35288517,0.11519296
793.59184082,0.11274799
793.83080653,0.10997151
794.06978230,0.11231287
794.30876813,0.11979280
794.54776401,0.11488215
794.78676993,0.11726496
795.02578591,0.12186480
795.26481193,0.12412328
795.50384798,0.12070448
795.74289408,0.11981352
795.98195022,0.11774152
796.22101638,0.11828024
796.46009258,0.11490287
796.69917880,0.11796944
796.93827505,0.11958560
797.17738132,0.11602176
797.41649761,0.11566952
797.65562392,0.12404040
797.89476024,0.12642321
798.13390657,0.12215488
798.37306290,0.12725201
798.61222925,0.12354312
798.85140559,0.12756281
799.09059194,0.12327376
799.32978828,0.13386169
799.56899462,0.12563585
799.80821094,0.13286713
800.04743726,0.13036001
800.28667356,0.12901321
800.52591985,0.12573945
800.76517611,0.12615385
801.00444236,0.13139601
801.24371857,0.13201761
801.48300476,0.13149961
801.72230092,0.12951049
801.96160705,0.12764569
802.20092314,0.13390313
802.44024919,0.13247345
802.67958519,0.14521627
802.91893116,0.14766123
803.15828707,0.15186739
803.39765294,0.15458171
803.63702875,0.16912717
803.87641450,0.15408443
804.11581020,0.15487179
804.35521584,0.16131572
804.59463141,0.16516965
804.83405692,0.16278684
805.07349235,0.16846413
805.31293772,0.16274540
805.55239300,0.16353276
805.79185821,0.16763533
806.03133334,0.16819477
806.27081839,0.16516965
806.51031335,0.16850557
806.74981822,0.16941725
806.98933300,0.16235172
807.22885768,0.16220668
807.46839227,0.15841492
807.70793675,0.15563844
807.94749114,0.15367003
808.18705542,0.14511267
808.42662959,0.14909091
808.66621364,0.14185962
808.90580759,0.14127946
809.14541141,0.14494690
809.38502512,0.14094794
809.62464871,0.14223258
809.86428217,0.14192178
810.10392550,0.13612018
810.34357870,0.12451696
810.58324177,0.12768713
810.82291470,0.11832168
811.06259749,0.11017871
811.30229015,0.11082103
811.54199265,0.10296814
811.78170501,0.09550894
812.02142722,0.08734525
812.26115928,0.08210308
812.50090118,0.07930588
812.74065292,0.07004403
812.98041450,0.06349650
813.22018592,0.06958819
813.45996717,0.05719762
813.69975825,0.05423465
813.93955916,0.05423465
814.17936989,0.05147889
814.41919045,0.04712769
814.65902083,0.04938617
814.89886102,0.04240352
815.13871102,0.04279720
815.37857084,0.04203056
815.61844047,0.04317016
815.85831990,0.04080808
816.09820913,0.04188552
816.33810817,0.03720280
816.57801700,0.03732712
816.81793562,0.03741000
817.05786404,0.03805232
817.29780225,0.02984719
817.53775024,0.02920487
817.77770801,0.03243719
818.01767557,0.02640767
818.25765290,0.02775447
818.49764001,0.02823103
818.73763689,0.02941207
818.97764354,0.03127687
819.21765996,0.03129759
819.45768614,0.02879047
819.69772209,0.02559959
819.93776779,0.02821031
820.17782324,0.02443926
820.41788845,0.02675991
820.65796341,0.02564103
820.89804812,0.02566175
821.13814257,0.02804455
821.37824677,0.03129759
821.61836070,0.02920487
821.85848437,0.03351463
822.09861777,0.04070448
822.33876090,0.04279720
822.57891376,0.04797721
822.81907635,0.05328153
823.05924866,0.06428386
823.29943069,0.07650868
823.53962243,0.08912717
823.77982389,0.10402486
824.02003506,0.11504792
824.26025594,0.13359233
824.50048652,0.15047915
824.74072681,0.15708884
824.98097680,0.17639990
825.22123648,0.18889407
825.46150586,0.20884745
825.70178493,0.20669257
825.94207369,0.21692826
826.18237214,0.22743331
826.42268027,0.24204092
826.66299808,0.24736597
826.90332557,0.26087542
827.14366273,0.25490805
827.38400957,0.25480445
827.62436608,0.25832686
827.86473225,0.26477078
828.10510809,0.25971510
828.34549359,0.25654494
828.58588874,0.25008029
828.82629356,0.25308469
829.06670802,0.25273245
829.30713214,0.25412069
829.54756590,0.24813261
829.78800931,0.25372701
830.02846236,0.25716654
830.26892505,0.24991453
830.50939738,0.24423724
830.74987934,0.23360787
830.99037093,0.22946387
831.23087215,0.21920746
831.47138299,0.22353794
831.71190346,0.22563067
831.95243355,0.21643098
832.19297325,0.21216265
832.43352257,0.20716913
832.67408150,0.20476560
832.91465003,0.19461279
833.15522818,0.18588967
833.39581592,0.18514375
833.63641327,0.18213934
833.87702022,0.17455581
834.11763676,0.16411292
834.35826289,0.16711733
834.59889861,0.16533541
834.83954392,0.14447034
835.08019881,0.13773634
835.32086328,0.13212121
835.56153733,0.13015281
835.80222095,0.11432271
836.04291415,0.10124838
836.28361692,0.09513598
836.52432926,0.09016317
836.76505116,0.07940948
837.00578262,0.08365708
837.24652364,0.07903652
837.48727421,0.07166019
837.72803434,0.07149443
837.96880402,0.07016835
838.20958325,0.06809635
838.45037202,0.07197099
838.69117033,0.06940171
838.93197819,0.06969179
839.17279558,0.07023051
839.41362250,0.07466459
839.65445896,0.07197099
839.89530494,0.07909868
840.13616045,0.07853924
840.37702548,0.08048692
840.61790003,0.08340844
840.85878410,0.08757317
841.09967768,0.08127428
841.34058078,0.08083916
841.58149338,0.08096348
841.82241549,0.07891220
842.06334710,0.08032116
842.30428821,0.07998964
842.54523883,0.07756540
842.78619893,0.07300699
843.02716853,0.06753691
843.26814762,0.06795131
843.50913619,0.06413882
843.75013425,0.06917379
843.99114179,0.06718467
844.23215881,0.07076923
844.47318530,0.06536131
844.71422127,0.07686092
844.95526670,0.07041699
845.19632161,0.07250971
845.43738597,0.06217042
845.67845980,0.06565139
845.91954309,0.06165242
846.16063584,0.06258482
846.40173803,0.05831650
846.64284968,0.06362082
846.88397078,0.05709402
847.12510132,0.06511267
847.36624130,0.06150738
847.60739073,0.06308210
847.84854959,0.06347578
848.08971788,0.06853147
848.33089561,0.06797203
848.57208276,0.07033411
848.81327934,0.07984460
849.05448534,0.08311836
849.29570076,0.08757317
849.53692560,0.09932142
849.77815986,0.09979798
850.01940353,0.10837607
850.26065660,0.11135975
850.50191908,0.11973064
850.74319097,0.12151256
850.98447225,0.12383320
851.22576294,0.12418544
851.46706301,0.13510490
851.70837248,0.13717690
851.94969135,0.14507123
852.19101959,0.14592075
852.43235722,0.16405076
852.67370424,0.16761461
852.91506063,0.17461797
853.15642640,0.17409997
853.39780154,0.17708366
853.63918605,0.18095830
853.88057992,0.18112406
854.12198317,0.18035742
854.36339577,0.18122766
854.60481773,0.18050246
854.84624905,0.18255374
855.08768973,0.17874126
855.32913975,0.17026677
855.57059912,0.17325045
855.81206784,0.17356125
856.05354590,0.16477596
856.29503330,0.16873349
856.53653004,0.16647501
856.77803611,0.16593629
857.01955151,0.15381507
857.26107624,0.18062678
857.50261030,0.15130795
857.74415367,0.15035483
857.98570637,0.13143745
858.22726839,0.13852370
858.46883972,0.13680394
858.71042037,0.13367521
858.95201032,0.12756281
859.19360958,0.12302512
859.43521814,0.12053872
859.67683601,0.11987568
859.91846317,0.13110593
860.16009963,0.11123543
860.40174538,0.10769231
860.64340042,0.11193991
860.88506474,0.10605543
861.12673835,0.10437710
861.36842125,0.09619270
861.61011342,0.10056462
861.85181487,0.09751878
862.09352559,0.09857550
862.33524558,0.09764310
862.57697484,0.09426573
862.81871336,0.10344470
863.06046114,0.10997151
863.30221819,0.10709143
863.54398449,0.10425278
863.78576004,0.10307174
864.02754485,0.10315462
864.26933890,0.10019166
864.51114220,0.09851334
864.75295474,0.09814038
864.99477653,0.10564103
865.23660755,0.09894846
865.47844780,0.09623414
865.72029728,0.09497021
865.96215600,0.09171717
866.20402394,0.08854701
866.44590110,0.08765605
866.68778748,0.07893292
866.92968308,0.08434084
867.17158790,0.08270396
867.41350193,0.08568765
867.65542516,0.08506605
867.89735761,0.08641285
868.13929926,0.08380212
868.38125011,0.08548045
868.62321015,0.08784253
868.86517940,0.08637141
869.10715783,0.08193732
869.34914546,0.08461020
869.59114227,0.09092981
869.83314827,0.08838125
870.07516344,0.08771821
870.31718780,0.08210308
870.55922133,0.08989381
870.80126404,0.08927221
871.04331592,0.08550117
871.28537696,0.08473452
871.52744717,0.08098420
871.76952655,0.08104636
872.01161508,0.08369852
872.25371277,0.08260036
872.49581961,0.07412587
872.73793560,0.08085988
872.98006075,0.07350427
873.22219503,0.07383579
873.46433846,0.07553484
873.70649103,0.07642580
873.94865274,0.06826211
874.19082358,0.06793059
874.43300356,0.07087283
874.67519266,0.07120435
874.91739089,0.06154882
875.15959824,0.06072002
875.40181471,0.05777778
875.64404031,0.05750842
875.88627501,0.05466977
876.12851883,0.05487697
876.37077176,0.05400673
876.61303379,0.04917897
876.85530493,0.05222481
877.09758517,0.04787361
877.33987451,0.04818441
877.58217294,0.05046361
877.82448047,0.05149961
878.06679709,0.05773634
878.30912279,0.05887594
878.55145758,0.06090650
878.79380145,0.06210826
879.03615440,0.06134162
879.27851643,0.06880083
879.52088753,0.06648019
879.76326770,0.07054131
880.00565694,0.07221963
880.24805524,0.07018907
880.49046260,0.07422947
880.73287903,0.07296555
880.97530451,0.08214452
881.21773905,0.08100492
881.46018264,0.07483035
881.70263527,0.07945092
881.94509695,0.07853924
882.18756768,0.07555556
882.43004744,0.07621860
882.67253625,0.08077700
882.91503409,0.07922300
883.15754095,0.07704740
883.40005685,0.07499611
883.64258178,0.08013468
883.88511573,0.07816628
884.12765869,0.07646724
884.37021068,0.07344211
884.61277168,0.07507900
884.85534170,0.07023051
885.09792072,0.06467754
885.34050876,0.06372442
885.58310579,0.06196322
885.82571183,0.06370370
886.06832686,0.05539498
886.31095090,0.06013986
886.55358392,0.05566434
886.79622594,0.05429681
887.03887694,0.05073297
887.28153693,0.04830873
887.52420589,0.05031857
887.76688384,0.04625745
888.00957077,0.04339808
888.25226667,0.03591816
888.49497154,0.04130536
888.73768537,0.04103600
888.98040818,0.03635328
889.22313994,0.03326599
889.46588067,0.03772080
889.70863035,0.03494431
889.95138899,0.03268583
890.19415657,0.03281015
890.43693311,0.03071743
890.67971859,0.03102823
890.92251302,0.02806527
891.16531639,0.02928775
891.40812869,0.02379694
891.65094993,0.02748511
891.89378010,0.02854183
892.13661920,0.02458430
892.37946723,0.02966071
892.62232418,0.02549599
892.86519005,0.03386687
893.10806484,0.03144263
893.35094854,0.03504792
893.59384116,0.03135975
893.83674269,0.03805232
894.07965312,0.03906760
894.32257246,0.04306656
894.56550070,0.04271432
894.80843784,0.05123025
895.05138388,0.04820513
895.29433881,0.05295001
895.53730263,0.04980057
895.78027533,0.05251489
896.02325692,0.05216265
896.26624740,0.05160321
896.50924675,0.05446257
896.75225498,0.05951826
896.99527208,0.05607874
897.23829806,0.05887594
897.48133290,0.06190106
897.72437661,0.06088578
897.96742918,0.05730122
898.21049061,0.05740482
898.45356090,0.05363377
898.69664005,0.05580938
898.93972804,0.05212121
899.18282488,0.05790210
899.42593057,0.05769490
899.66904511,0.05798498
899.91216848,0.06127946
900.15530069,0.05717690
900.39844174,0.05850298
900.64159162,0.05520850
900.88475033,0.05485625
901.12791786,0.06328930
901.37109422,0.06279202
901.61427940,0.06080290
901.85747340,0.06590003
902.10067621,0.06745403
902.34388784,0.07393939
902.58710827,0.07485107
902.83033752,0.07213675
903.07357557,0.07470603
903.31682242,0.07373219
903.56007807,0.07632220
903.80334251,0.07878788
904.04661575,0.07920228
904.28989778,0.08193732
904.53318860,0.08672365
904.77648820,0.08562549
905.01979659,0.08597773
905.26311375,0.08212380
905.50643969,0.09157213
905.74977441,0.09076405
905.99311789,0.08655789
906.23647015,0.09161357
906.47983117,0.08964517
906.72320095,0.08487956
906.96657950,0.09157213
907.20996680,0.08539757
907.45336285,0.08923077
907.69676766,0.08699301
907.94018122,0.08889925
908.18360352,0.08434084
908.42703457,0.08647501
908.67047435,0.07951308
908.91392288,0.07733748
909.15738014,0.07559700
909.40084613,0.07329707
909.64432085,0.07905724
909.88780430,0.07851852
910.13129648,0.07806268
910.37479737,0.07675732
910.61830699,0.07603212
910.86182531,0.07609428
911.10535236,0.07207459
911.34888811,0.08015540
911.59243257,0.07460243
911.83598573,0.07789692
912.07954760,0.07679876
912.32311816,0.07526548
912.56669743,0.08338772
912.81028538,0.07652940
913.05388203,0.07961668
913.29748736,0.08173012
913.54110138,0.07785548
913.78472408,0.07824916
914.02835547,0.07810412
914.27199552,0.08001036
914.51564426,0.07396011
914.75930166,0.06967107
915.00296774,0.06745403
915.24664247,0.07209531
915.49032588,0.06849003
915.73401794,0.06971251
915.97771866,0.06751619
916.22142803,0.07456099
916.46514606,0.07091427
916.70887274,0.06983683
916.95260806,0.06722611
917.19635202,0.07777260
917.44010463,0.07447811
917.68386588,0.07820772
917.92763576,0.07791764
918.17141427,0.08606061
918.41520141,0.09271173
918.65899718,0.09233877
918.90280158,0.09853406
919.14661459,0.11044807
919.39043623,0.11183631
919.63426648,0.11765864
919.87810534,0.12602953
920.12195281,0.13566434
920.36580890,0.13512562
920.60967358,0.14196322
920.85354687,0.14554779
921.09742876,0.14822067
921.34131924,0.14451178
921.58521832,0.14875939
921.82912599,0.14496762
922.07304225,0.15033411
922.31696709,0.13817146
922.56090052,0.13740482
922.80484252,0.13475265
923.04879310,0.12704481
923.29275226,0.12157472
923.53671999,0.12213416
923.78069629,0.10276094
924.02468115,0.10257446
924.26867458,0.09229733
924.51267656,0.08007252
924.75668711,0.07478891
925.00070621,0.07215747
925.24473386,0.06494690
925.48877006,0.06169386
925.73281481,0.05554002
925.97686810,0.05056721
926.22092994,0.04383320
926.46500031,0.04472416
926.70907921,0.03697488
926.95316665,0.03757576
927.19726262,0.03446775
927.44136712,0.03382543
927.68548014,0.03117327
927.92960168,0.03003367
928.17373175,0.02483294
928.41787032,0.02588967
928.66201741,0.02441854
928.90617302,0.02375550
929.15033713,0.01849262
929.39450974,0.01805750
929.63869086,0.01983942
929.88288047,0.02056462
930.12707859,0.02041958
930.37128520,0.02796167
930.61550029,0.02019166
930.85972388,0.02458430
931.10395595,0.02164206
931.34819651,0.02170422
931.59244554,0.02526807
931.83670306,0.02265734
932.08096904,0.03007511
932.32524350,0.03368039
932.56952643,0.03699560
932.81381782,0.04043512
933.05811768,0.03459207
933.30242600,0.04298368
933.54674278,0.04555297
933.79106801,0.05052577
934.03540169,0.04915825
934.27974382,0.05394457
934.52409440,0.05440041
934.76845343,0.05808858
935.01282089,0.05446257
935.25719680,0.05796426
935.50158114,0.06063714
935.74597391,0.05290857
935.99037511,0.05404817
936.23478474,0.05199689
936.47920279,0.05328153
936.72362927,0.06103082
936.96806417,0.05274281
937.21250748,0.05984978
937.45695920,0.05665890
937.70141934,0.04938617
937.94588788,0.04874385
938.19036483,0.04656825
938.43485019,0.05377881
938.67934394,0.04895105
938.92384608,0.05226625
939.16835663,0.05274281
939.41287556,0.05292929
939.65740288,0.05228697
939.90193859,0.04555297
940.14648268,0.04818441
940.39103515,0.04097384
940.63559600,0.04493136
940.88016523,0.04339808
941.12474282,0.04513857
941.36932879,0.04569801
941.61392312,0.04733489
941.85852581,0.04716913
942.10313687,0.04559441
942.34775628,0.04428904
942.59238405,0.04271432
942.83702017,0.04261072
943.08166464,0.04716913
943.32631746,0.04909609
943.57097862,0.04509713
943.81564813,0.04325304
944.06032597,0.04389536
944.30501215,0.04306656
944.54970666,0.04617457
944.79440950,0.04219632
945.03912067,0.04107744
945.28384016,0.04569801
945.52856798,0.04279720
945.77330412,0.04395752
946.01804857,0.03608392
946.26280133,0.03492359
946.50756241,0.03649832
946.75233179,0.03941984
946.99710948,0.03490287
947.24189548,0.04072520
947.48668977,0.03639472
947.73149236,0.03896400
947.97630324,0.03558664
948.22112242,0.03809376
948.46594988,0.03809376
948.71078563,0.03585600
948.95562966,0.04689977
949.20048198,0.03606320
949.44534257,0.03915048
949.69021144,0.04035224
949.93508857,0.04029008
950.17997398,0.03958560
950.42486766,0.03842528
950.66976959,0.04439264
950.91467979,0.04215488
951.15959825,0.04223776
951.40452496,0.03682984
951.64945993,0.03419839
951.89440314,0.04026936
952.13935461,0.03082103
952.38431431,0.03227143
952.62928226,0.02734007
952.87425845,0.03017871
953.11924287,0.03160839
953.36423553,0.02899767
953.60923642,0.02671847
953.85424553,0.02719503
954.09926287,0.02377622
954.34428843,0.02377622
954.58932222,0.02193214
954.83436421,0.02317534
955.07941443,0.01948718
955.32447285,0.01683502
955.56953948,0.01986014
955.81461432,0.01961150
956.05969736,0.01666926
956.30478860,0.01277389
956.54988803,0.01675214
956.79499567,0.01318829
957.04011149,0.01772598
957.28523550,0.01101269
957.53036770,0.01497021
957.77550808,0.01105413
958.02065664,0.01296037
958.26581338,0.01105413
958.51097830,0.01581974
958.75615139,0.01389277
959.00133264,0.01714582
959.24652207,0.01045325
959.49171965,0.01892774
959.73692540,0.01594406
959.98213931,0.01586118
960.22736137,0.01420357
960.47259159,0.02046102
960.71782995,0.04762497
960.96307647,0.02027454
961.20833112,0.02170422
961.45359392,0.02634551
961.69886486,0.02483294
961.94414394,0.02533023
962.18943115,0.02601399
962.43472648,0.02601399
962.68002995,0.02868687
962.92534154,0.02951567
963.17066126,0.02721575
963.41598909,0.02924631
963.66132504,0.03063455
963.90666911,0.02883191
964.15202128,0.02847967
964.39738157,0.03811448
964.64274996,0.03349391
964.88812645,0.03796944
965.13351104,0.03343175
965.37890374,0.03701632
965.62430452,0.03595960
965.86971340,0.03593888
966.11513036,0.04132608
966.36055542,0.03825952
966.60598855,0.04147112
966.85142977,0.03958560
967.09687907,0.03933696
967.34233644,0.04041440
967.58780188,0.04037296
967.83327539,0.04012432
968.07875697,0.04634033
968.32424661,0.04808081
968.56974432,0.03900544
968.81525008,0.04066304
969.06076390,0.03720280
969.30628577,0.04091168
969.55181570,0.04348096
969.79735367,0.04491064
970.04289968,0.03685056
970.28845374,0.04256928
970.53401583,0.04331520
970.77958597,0.04922041
971.02516413,0.04157472
971.27075033,0.04223776
971.51634455,0.04381248
971.76194680,0.05044289
972.00755708,0.04762497
972.25317537,0.04934473
972.49880168,0.04845377
972.74443600,0.04679617
972.99007834,0.04957265
973.23572868,0.04772857
973.48138703,0.05000777
973.72705338,0.04946905
973.97272774,0.04969697
974.21841009,0.05131313
974.46410043,0.05212121
974.70979877,0.05091945
974.95550510,0.04190624
975.20121941,0.04642321
975.44694171,0.04758353
975.69267199,0.04712769
975.93841024,0.04781145
976.18415647,0.05361305
976.42991068,0.05448329
976.67567285,0.04816369
976.92144299,0.04414400
977.16722110,0.04418544
977.41300717,0.05048433
977.65880119,0.04814297
977.90460317,0.04161616
978.15041311,0.04984201
978.39623099,0.04563585
978.64205683,0.04880601
978.88789061,0.04553225
979.13373233,0.04700337
979.37958199,0.04428904
979.62543958,0.03997928
979.87130511,0.04352240
980.11717857,0.04372960
980.36305996,0.04033152
980.60894928,0.03937840
980.85484651,0.03523440
981.10075167,0.04049728
981.34666475,0.03535872
981.59258573,0.03672624
981.83851463,0.03123543
982.08445144,0.03357679
982.33039616,0.02868687
982.57634878,0.02537167
982.82230930,0.02543383
983.06827771,0.02854183
983.31425403,0.02843823
983.56023823,0.02653199
983.80623032,0.02640767
984.05223031,0.02104118
984.29823817,0.02168350
984.54425391,0.02228438
984.79027754,0.01644134
985.03630904,0.02174566
985.28234841,0.01971510
985.52839565,0.02381766
985.77445076,0.02199430
986.02051374,0.02495726
986.26658457,0.02099974
986.51266327,0.02574463
986.75874982,0.02309246
987.00484422,0.02626263
987.25094647,0.02760943
987.49705658,0.02713287
987.74317452,0.02655271
987.98930031,0.02696711
988.23543394,0.03082103
988.48157541,0.02926703
988.72772471,0.03181559
988.97388184,0.03707848
989.22004680,0.02738151
989.46621959,0.03459207
989.71240020,0.03125615
989.95858862,0.03380471
990.20478487,0.02746439
990.45098893,0.04022792
990.69720080,0.03326599
990.94342048,0.03187775
991.18964797,0.02920487
991.43588326,0.02972287
991.68212635,0.02827247
991.92837724,0.03017871
992.17463593,0.02937063
992.42090240,0.02802383
992.66717667,0.02562031
992.91345872,0.02501943
993.15974856,0.02104118
993.40604618,0.02497798
993.65235158,0.01992230
993.89866475,0.02122766
994.14498570,0.01963222
994.39131441,0.01979798
994.63765090,0.01936286
994.88399515,0.01876198
995.13034716,0.01936286
995.37670693,0.01938358
995.62307445,0.01681430
995.86944973,0.01474229
996.11583276,0.01584046
996.36222354,0.01801606
996.60862206,0.01646206
996.85502833,0.01938358
997.10144233,0.01534318
997.34786408,0.01588190
997.59429355,0.01602694
997.84073076,0.01584046
998.08717570,0.00966589
998.33362836,0.01383061
998.58008875,0.00933437
998.82655685,0.01608910
999.07303267,0.02083398
999.31951621,0.01515670
999.56600746,0.01327117
999.81250642,0.01397565
1000.05901309,0.01072261
1000.30552746,0.01186221
1000.55204953,0.01076405
1000.79857929,0.01414141
1001.04511676,0.01459725
1001.29166191,0.01681430
1001.53821476,0.00825693
1001.78477529,0.01360269
1002.03134351,0.01277389
1002.27791941,0.01677286
1002.52450299,0.01633774
1002.77109424,0.01325045
1003.01769317,0.01047397
1003.26429976,0.01291893
1003.51091403,0.01206941
1003.75753596,0.01484589
1004.00416555,0.01289821
1004.25080280,0.01880342
1004.49744771,0.01521886
1004.74410027,0.01107485
1004.99076048,0.01117845
1005.23742834,0.01090909
1005.48410384,0.01550894
1005.73078699,0.01260813
1005.97747778,0.01565398
1006.22417620,0.01134421
1006.47088226,0.01223517
1006.71759595,0.01246309
1006.96431727,0.01455581
1007.21104622,0.01041181
1007.45778279,0.01414141
1007.70452698,0.00921005
1007.95127879,0.01256669
1008.19803821,0.01231805
1008.44480524,0.01484589
1008.69157988,0.01397565
1008.93836213,0.01610982
1009.18515199,0.00902357
1009.43194944,0.01459725
1009.67875450,0.01412069
1009.92556715,0.01310541
1010.17238739,0.01577830
1010.41921522,0.01637918
1010.66605064,0.01519814
1010.91289364,0.01428645
1011.15974422,0.01140637
1011.40660239,0.01310541
1011.65346813,0.01298109
1011.90034144,0.01863766
1012.14722232,0.01637918
1012.39411078,0.01482517
1012.64100679,0.01799534
1012.88791037,0.01948718
1013.13482151,0.01515670
1013.38174020,0.01733230
1013.62866645,0.02292670
1013.87560025,0.02344470
1014.12254160,0.01950790
1014.36949049,0.02166278
1014.61644693,0.02690495
1014.86341091,0.01986014
1015.11038242,0.02180782
1015.35736147,0.02421134
1015.60434805,0.02110334
1015.85134216,0.01913494
1016.09834379,0.01973582
1016.34535295,0.02029526
1016.59236963,0.02050246
1016.83939383,0.01737374
1017.08642554,0.02106190
1017.33346476,0.01946646
1017.58051150,0.01822326
1017.82756574,0.01646206
1018.07462748,0.01318829
1018.32169673,0.01898990
1018.56877347,0.01389277
1018.81585771,0.01766382
1019.06294945,0.01459725
1019.31004867,0.01119917
1019.55715538,0.00873349
1019.80426957,0.01333333
1020.05139125,0.01523958
1020.29852041,0.01526030
1020.54565704,0.00974877
1020.79280114,0.01014245
1021.03995272,0.00709661
1021.28711177,0.01474229
1021.53427828,0.00906501
1021.78145225,0.01235949
1022.02863368,0.00670293
1022.27582257,0.00641285
1022.52301891,0.01229733
1022.77022270,0.01016317
1023.01743395,0.00939653
1023.26465263,0.00974877
1023.51187876,0.00214452
1023.75911234,0.00664077
1024.00635335,0.00807045
1024.25360179,0.00651645
1024.50085766,0.00479668
1024.74812097,0.00749029
1024.99539170,0.00566693
1025.24266985,0.00788397
1025.48995543,0.00444444
1025.73724842,0.00444444
1025.98454883,0.00653717
1026.23185665,0.00264180
1026.47917188,0.00427868
1026.72649452,0.00896141
1026.97382456,0.00858845
1027.22116200,0.00226884
1027.46850685,0.00353276
1027.71585908,0.00632997
1027.96321872,0.00494172
1028.21058574,0.00514893
1028.45796014,-0.01165501
1028.70534194,-0.01180005
1028.95273111,-0.01163429
1029.20012767,-0.01090909
1029.44753160,-0.01225589
1029.69494290,-0.01113701
