199.82001468,0.00158773
200.02220309,0.00480119
200.22440896,0.00024015
200.42663230,0.00177431
200.62887310,0.00196090
200.83113136,0.00326702
201.03340708,-0.00021596
201.23570025,0.00322556
201.43801087,0.00428289
201.64033894,0.00594145
201.84268445,0.00305970
202.04504741,0.00276945
202.24742780,0.00067552
202.44982564,0.00206456
202.65224090,-0.00199891
202.85467360,0.00596218
203.05712372,0.00189871
203.25959128,-0.00145988
203.46207625,0.00254140
203.66457864,0.00189871
203.86709846,0.00542315
204.06963568,0.00515363
204.27219032,0.00376459
204.47476237,0.00235481
204.67735182,0.00102796
204.87995868,0.01031590
205.08258293,0.00498778
205.28522459,0.00308043
205.48788364,0.00366093
205.69056008,0.00245847
205.89325391,0.00701951
206.09596513,0.00173285
206.29869374,0.00695732
206.50143972,0.00544388
206.70420308,0.00146333
206.90698382,0.00123528
207.10978194,-0.00038181
207.31259742,0.00691585
207.51543027,-0.00185379
207.71828048,0.00372312
207.92114806,0.00131821
208.12403299,0.00874027
208.32693528,0.00183651
208.52985493,0.00403410
208.73279193,-0.00007083
208.93574627,0.00938296
209.13871796,0.00552681
209.34170699,0.00490485
209.54471336,0.00042673
209.74773707,0.00326702
209.95077811,0.00326702
210.15383649,0.00086211
210.35691219,0.00320482
210.56000522,0.00337068
210.76311557,0.00011575
210.96624324,0.00527802
211.16938823,0.00026088
211.37255053,0.00254140
211.57573015,-0.00011230
211.77892707,0.00463533
211.98214130,0.00001209
212.18537284,0.00223042
212.38862167,0.00131821
212.59188781,0.00059259
212.79517124,0.00017795
212.99847196,-0.00017449
213.20178997,0.00405484
213.40512527,0.00509144
213.60847785,0.00077918
213.81184772,0.00270726
214.01523486,-0.00077572
214.21863928,0.00308043
214.42206097,0.00446948
214.62549993,0.00164992
214.82895616,0.00055113
215.03242966,0.00343288
215.23592042,-0.00112817
215.43942843,0.00339141
215.64295370,0.00504997
215.84649623,0.00490485
216.05005601,0.00828417
216.25363303,0.00393044
216.45722731,0.00252067
216.66083882,-0.00002937
216.86446757,0.00237554
217.06811356,0.00115235
217.27177679,0.00706098
217.47545724,0.00440728
217.67915493,0.00289384
217.88286984,0.00295604
218.08660198,0.00627316
218.29035133,0.00722683
218.49411790,0.00658414
218.69790169,0.00345361
218.90170269,0.00194017
219.10552090,0.00751708
219.30935632,0.00442801
219.51320894,0.00158773
219.71707876,0.00063405
219.92096578,0.00374386
220.12486999,0.00135967
220.32879140,0.00610731
220.53272999,0.00061332
220.73668578,0.00494631
220.94065875,0.00372312
221.14464890,0.00179505
221.34865623,0.00308043
221.55268073,0.00212676
221.75672241,-0.00013303
221.96078126,0.00102796
222.16485728,0.00013649
222.36895046,0.00090357
222.57306080,0.00438655
222.77718831,0.00185724
222.98133297,-0.00268307
223.18549478,0.00488412
223.38967375,0.00017795
223.59386986,0.00133894
223.79808312,0.00109016
224.00231352,0.00343288
224.20656106,0.00457314
224.41082574,0.00496704
224.61510756,0.00853295
224.81940650,0.00001209
225.02372258,0.00001209
225.22805578,0.00297677
225.43240610,-0.00197818
225.63677355,0.00384752
225.84115811,-0.00166720
226.04555979,0.00276945
226.24997858,0.00038527
226.45441448,0.00098650
226.65886748,0.00577559
226.86333759,0.00283165
227.06782480,0.00279018
227.27232911,0.00104869
227.47685052,-0.00067206
227.68138902,0.00457314
227.88594461,0.00127675
228.09051728,0.00133894
228.29510704,0.00305970
228.49971389,0.00762074
228.70433781,0.00500851
228.90897881,0.00322556
229.11363688,0.00104869
229.31831202,0.00376459
229.52300423,0.00239628
229.72771350,0.00206456
229.93243984,0.00285238
230.13718324,0.00102796
230.34194369,0.00247920
230.54672120,0.00658414
230.75151576,0.00117309
230.95632737,0.00463533
231.16115602,0.00150480
231.36600172,0.00015722
231.57086446,0.00001209
231.77574423,0.00428289
231.98064104,-0.00195745
232.18555488,0.00133894
232.39048575,0.00254140
232.59543365,-0.00009157
232.80039857,-0.00104524
233.00538051,0.00426216
233.21037947,0.00467680
233.41539544,0.01827700
233.62042843,0.00175358
233.82547842,0.00156699
234.03054543,0.00706098
234.23562943,-0.00081719
234.44073044,0.00135967
234.64584845,0.00388898
234.85098345,0.00208529
235.05613545,0.00297677
235.26130444,0.00409630
235.46649041,0.00258286
235.67169337,0.00339141
235.87691331,0.00608657
236.08215023,0.00057186
236.28740413,0.00482192
236.49267500,0.00154626
236.69796284,0.00011575
236.90326765,0.00357800
237.10858942,0.00386825
237.31392816,0.00281092
237.51928386,0.00695732
237.72465651,0.00164992
237.93004612,0.00065479
238.13545268,0.00146333
238.34087619,0.00527802
238.54631664,0.00332922
238.75177404,-0.00036108
238.95724838,0.00111089
239.16273965,0.00370239
239.36824786,0.00780733
239.57377300,0.00084137
239.77931508,0.00540242
239.98487407,0.00517436
240.19045000,0.00372312
240.39604284,0.00279018
240.60165260,0.00001209
240.80727928,0.00133894
241.01292287,0.00419996
241.21858337,0.00519510
241.42426077,0.00189871
241.62995508,0.00407557
241.83566630,-0.00015376
242.04139441,0.00274872
242.24713941,0.00337068
242.45290131,0.00096577
242.65868010,0.00544388
242.86447578,0.00102796
243.07028835,0.00594145
243.27611779,0.00695732
243.48196412,0.00312190
243.68782732,0.00113162
243.89370739,0.00206456
244.09960434,-0.00046474
244.30551816,0.00384752
244.51144884,0.00399264
244.71739638,0.00380605
244.92336078,0.00299750
245.12934204,0.00293531
245.33534016,0.00156699
245.54135512,0.00028161
245.74738694,0.00094503
245.95343560,0.00239628
246.15950110,0.00612804
246.36558345,0.00096577
246.57168263,0.00374386
246.77779865,0.00225115
246.98393150,0.00469753
247.19008118,0.00227188
247.39624769,0.00326702
247.60243102,0.00204383
247.80863117,0.00685366
248.01484814,0.00214749
248.22108192,0.00322556
248.42733252,-0.00108670
248.63359993,0.00061332
248.83988415,-0.00201964
249.04618517,0.00701951
249.25250299,0.00017795
249.45883761,-0.00114890
249.66518903,0.00279018
249.87155724,0.00125601
250.07794224,0.00478046
250.28434403,0.00297677
250.49076260,0.00666707
250.69719796,-0.00257941
250.90365009,0.00115235
251.11011901,0.00133894
251.31660469,0.00517436
251.52310715,0.00088284
251.72962638,0.00413776
251.93616237,0.00156699
252.14271513,0.00291458
252.34928464,0.00177431
252.55587091,-0.00011230
252.76247394,0.00214749
252.96909372,0.00274872
253.17573025,0.00142187
253.38238352,0.00046820
253.58905354,0.00415850
253.79574030,0.00227188
254.00244380,0.00291458
254.20916403,0.00934150
254.41590099,0.00469753
254.62265469,0.00177431
254.82942511,0.00144260
255.03621225,0.00077918
255.24301612,0.00156699
255.44983670,-0.00071353
255.65667400,0.00438655
255.86352802,0.00086211
256.07039874,0.00055113
256.27728617,-0.00009157
256.48419031,0.00372312
256.69111115,0.00328775
256.89804868,0.00247920
257.10500292,0.00142187
257.31197384,0.00318409
257.51896146,0.00934150
257.72596577,-0.00264160
257.93298676,0.00249994
258.14002443,0.00426216
258.34707878,0.00218896
258.55414981,0.00229262
258.76123752,0.00090357
258.96834190,0.00581706
259.17546294,-0.00031962
259.38260065,-0.00023669
259.58975502,-0.00009157
259.79692606,0.00164992
260.00411375,0.00102796
260.21131810,-0.00398918
260.41853909,0.00148407
260.62577674,0.00146333
260.83303103,0.00212676
261.04030197,-0.00162574
261.24758955,0.00034381
261.45489377,0.00194017
261.66221462,0.00164992
261.86955210,0.00436582
262.07690622,0.00351580
262.28427696,-0.00044401
262.49166433,-0.00268307
262.69906831,0.00276945
262.90648892,-0.00181232
263.11392614,0.00013649
263.32137998,0.00438655
263.52885042,0.00322556
263.73633747,0.00500851
263.94384113,-0.00183306
264.15136139,0.00403410
264.35889825,0.00766221
264.56645171,0.00515363
264.77402176,0.00258286
264.98160840,0.00183651
265.18921163,-0.00000864
265.39683144,-0.00106597
265.60446784,0.00762074
265.81212081,0.00069625
266.01979037,0.00223042
266.22747650,0.00125601
266.43517920,0.00422069
266.64289847,-0.00063060
266.85063430,0.00038527
267.05838670,-0.00027815
267.26615566,0.00229262
267.47394117,-0.00121110
267.68174324,-0.00268307
267.88956187,0.00467680
268.09739704,0.00268652
268.30524876,0.00241701
268.51311702,0.00461460
268.72100183,-0.00309771
268.92890317,-0.00266234
269.13682105,-0.00177086
269.34475546,-0.00268307
269.55270640,0.00044747
269.76067387,0.00017795
269.96865786,-0.00193672
270.17665838,0.00001209
270.38467541,0.00117309
270.59270896,0.00183651
270.80075902,0.00073771
271.00882560,0.00181578
271.21690868,0.00104869
271.42500826,0.00185724
271.63312435,0.00202310
271.84125694,0.00069625
272.04940602,0.00741342
272.25757160,0.00266579
272.46575367,0.00478046
272.67395223,0.00104869
272.88216727,0.00026088
273.09039880,0.00699878
273.29864681,0.00017795
273.50691129,0.00295604
273.71519225,0.00202310
273.92348968,-0.00009157
274.13180358,0.00152553
274.34013395,-0.00027815
274.54848077,0.00291458
274.75684406,0.00204383
274.96522381,0.00401337
275.17362001,-0.00226843
275.38203267,0.00287311
275.59046177,0.00229262
275.79890732,0.00127675
276.00736932,0.00239628
276.21584776,-0.00077572
276.42434263,0.00227188
276.63285394,-0.00608312
276.84138169,0.00125601
277.04992586,0.00295604
277.25848646,0.00359873
277.46706349,-0.00007083
277.67565694,-0.00241355
277.88426680,0.00017795
278.09289309,-0.00108670
278.30153578,-0.00175013
278.51019489,0.00270726
278.71887041,0.00179505
278.92756233,0.00388898
279.13627065,0.00376459
279.34499537,0.00223042
279.55373649,0.00436582
279.76249401,0.01000492
279.97126791,0.00276945
280.18005820,0.00011575
280.38886488,0.00235481
280.59768795,-0.00058913
280.80652739,0.00138041
281.01538321,0.00098650
281.22425540,0.00208529
281.43314397,0.00106943
281.64204891,0.00053039
281.85097021,0.00316336
282.05990788,0.00376459
282.26886190,0.00055113
282.47783229,-0.00036108
282.68681903,0.00297677
282.89582212,0.00150480
283.10484156,0.00220969
283.31387735,-0.00108670
283.52292949,0.00021941
283.73199796,0.00121455
283.94108277,0.00274872
284.15018392,0.00036454
284.35930141,0.00142187
284.56843522,0.00366093
284.77758536,0.00560974
284.98675183,0.00036454
285.19593461,0.00797319
285.40513372,0.00328775
285.61434914,0.00326702
285.82358088,-0.00272453
286.03282893,0.00065479
286.24209328,0.00397191
286.45137395,0.00057186
286.66067091,0.00361946
286.86998417,0.00295604
287.07931373,0.00239628
287.28865959,0.00444874
287.49802174,0.00208529
287.70740017,0.00034381
287.91679489,0.00239628
288.12620590,0.00187797
288.33563318,-0.00015376
288.54507675,0.00407557
288.75453658,0.00015722
288.96401269,-0.00181232
289.17350507,0.00196090
289.38301372,0.00266579
289.59253863,0.00191944
289.80207980,0.00517436
290.01163723,0.00291458
290.22121091,0.00266579
290.43080085,0.00322556
290.64040703,0.00225115
290.85002947,0.00359873
291.05966815,0.00511217
291.26932307,0.00552681
291.47899422,0.00038527
291.68868162,0.00297677
291.89838525,0.00249994
292.10810511,0.00641829
292.31784119,0.00254140
292.52759350,-0.00222696
292.73736204,0.00469753
292.94714679,0.00241701
293.15694776,0.00077918
293.36676494,0.00057186
293.57659834,0.00227188
293.78644794,-0.00150134
293.99631375,-0.00228916
294.20619576,0.00384752
294.41609397,0.00782806
294.62600838,0.00171212
294.83593898,0.00285238
295.04588578,-0.00121110
295.25584876,-0.00162574
295.46582793,-0.00044401
295.67582328,0.00386825
295.88583481,-0.00187452
296.09586253,0.00069625
296.30590641,0.00177431
296.51596647,0.00225115
296.72604270,-0.00002937
296.93613509,0.00492558
297.14624365,-0.00351235
297.35636837,0.00129748
297.56650925,0.00181578
297.77666629,-0.00046474
297.98683947,-0.00129402
298.19702881,0.00405484
298.40723429,0.00297677
298.61745592,0.00121455
298.82769369,0.00517436
299.03794760,0.00666707
299.24821765,-0.00098304
299.45850383,0.00467680
299.66880614,0.00181578
299.87912458,-0.00019523
300.08945914,-0.00025742
300.29980983,0.00473899
300.51017663,0.00289384
300.72055955,0.00701951
300.93095859,0.00160846
301.14137374,0.00140114
301.35180499,-0.00073426
301.56225235,-0.00054767
301.77271582,-0.00351235
301.98319538,0.01064762
302.19369105,-0.00274526
302.40420280,-0.00154281
302.61473065,0.00457314
302.82527459,0.00314263
303.03583461,-0.00123183
303.24641072,0.00040600
303.45700291,0.00295604
303.66761117,0.00227188
303.87823552,0.00523656
304.08887593,0.00181578
304.29953241,-0.00052694
304.51020496,-0.00042328
304.72089358,0.00536095
304.93159825,0.00216822
305.14231899,-0.00125256
305.35305578,0.00515363
305.56380862,0.00274872
305.77457752,0.00113162
305.98536246,0.00243774
306.19616344,0.00295604
306.40698047,0.00243774
306.61781354,0.00119382
306.82866264,0.00560974
307.03952778,0.00156699
307.25040895,0.00162919
307.46130614,0.00328775
307.67221937,0.00030234
307.88314861,-0.00054767
308.09409387,0.00359873
308.30505515,0.00090357
308.51603245,0.00249994
308.72702576,0.00117309
308.93803507,0.00011575
309.14906039,0.00235481
309.36010172,0.00212676
309.57115904,0.00390971
309.78223236,0.00366093
309.99332168,0.00090357
310.20442699,0.00299750
310.41554829,0.00084137
310.62668557,-0.00114890
310.83783884,0.00351580
311.04900809,-0.00260014
311.26019332,0.00125601
311.47139452,0.00196090
311.68261169,0.00293531
311.89384484,0.00368166
312.10509395,0.00227188
312.31635903,0.00361946
312.52764007,0.00202310
312.73893706,-0.00017449
312.95025002,-0.00087938
313.16157892,-0.00119036
313.37292378,0.00337068
313.58428458,0.00096577
313.79566133,0.00206456
314.00705402,0.00276945
314.21846266,0.00046820
314.42988722,-0.00160500
314.64132772,0.00237554
314.85278416,0.00013649
315.06425652,0.01044030
315.27574480,-0.00094158
315.48724901,0.00179505
315.69876914,-0.00000864
315.91030518,0.00216822
316.12185715,-0.00058913
316.33342502,0.00270726
316.54500880,0.00202310
316.75660848,0.00218896
316.96822407,0.00289384
317.17985556,0.00019868
317.39150295,0.00208529
317.60316624,0.00239628
317.81484541,0.00177431
318.02654048,0.00279018
318.23825143,0.00449021
318.44997826,0.00096577
318.66172098,0.00334995
318.87347957,0.00519510
319.08525404,0.00204383
319.29704439,0.00249994
319.50885060,0.00194017
319.72067268,0.00349507
319.93251063,0.00247920
320.14436443,0.00084137
320.35623410,0.00631463
320.56811962,0.00223042
320.78002100,-0.00311844
320.99193822,0.00086211
321.20387130,-0.00069279
321.41582021,0.00150480
321.62778498,0.00554754
321.83976558,0.00254140
322.05176201,0.00349507
322.26377428,0.00073771
322.47580239,0.00600365
322.68784632,0.00361946
322.89990607,0.00220969
323.11198165,0.00038527
323.32407305,0.00210603
323.53618027,0.00218896
323.74830330,-0.00052694
323.96044215,0.00198163
324.17259680,0.00536095
324.38476726,0.00417923
324.59695352,0.00162919
324.80915558,0.00297677
325.02137344,0.00003283
325.23360710,0.00264506
325.44585655,0.00536095
325.65812178,0.00432435
325.87040281,-0.00094158
326.08269962,0.00343288
326.29501221,-0.00193672
326.50734058,0.00567193
326.71968472,0.00044747
326.93204464,0.00706098
327.14442032,0.00397191
327.35681178,0.00355727
327.56921900,-0.00069279
327.78164198,0.00088284
327.99408072,-0.00137695
328.20653522,0.00293531
328.41900547,-0.00092085
328.63149147,0.00200237
328.84399322,0.00214749
329.05651071,0.00291458
329.26904395,0.00111089
329.48159293,0.00438655
329.69415764,-0.00013303
329.90673809,0.00260360
330.11933427,-0.00114890
330.33194617,0.00233408
330.54457381,0.00048893
330.75721716,-0.00152208
330.96987624,-0.00052694
331.18255104,0.00266579
331.39524154,0.00706098
331.60794777,0.00053039
331.82066970,-0.00067206
332.03340733,0.00314263
332.24616067,0.00521583
332.45892971,0.00158773
332.67171445,0.00380605
332.88451489,0.00229262
333.09733102,0.00079991
333.31016283,0.00028161
333.52301034,-0.00042328
333.73587352,-0.00090011
333.94875239,-0.00156354
334.16164694,-0.00050621
334.37455717,-0.00297332
334.58748306,0.00461460
334.80042463,0.00268652
335.01338187,-0.00133549
335.22635477,0.00254140
335.43934333,-0.00040255
335.65234755,0.00417923
335.86536743,0.00279018
336.07840296,0.00084137
336.29145415,-0.00044401
336.50452098,0.00310116
336.71760345,0.00160846
336.93070157,0.00287311
337.14381533,-0.00081719
337.35694473,0.00001209
337.57008976,0.00442801
337.78325042,0.00067552
337.99642671,0.00218896
338.20961863,0.00169139
338.42282617,0.00409630
338.63604933,-0.00233062
338.84928810,-0.00027815
339.06254250,0.00274872
339.27581250,0.00160846
339.48909812,0.00254140
339.70239934,0.00322556
339.91571616,0.00069625
340.12904859,0.00098650
340.34239661,-0.00239282
340.55576023,0.00339141
340.76913945,0.00434508
340.98253425,0.00220969
341.19594464,0.00160846
341.40937061,-0.00096231
341.62281217,0.00194017
341.83626930,0.00849149
342.04974201,0.00061332
342.26323030,-0.00320137
342.47673415,0.00436582
342.69025357,0.00797319
342.90378856,-0.00073426
343.11733911,0.00305970
343.33090522,0.00104869
343.54448688,0.00274872
343.75808410,0.00053039
343.97169687,0.00212676
344.18532519,-0.00029889
344.39896906,0.00266579
344.61262847,-0.00034035
344.82630341,0.00517436
345.03999390,0.00293531
345.25369992,0.00525729
345.46742147,0.00764147
345.68115855,0.00295604
345.89491115,0.00208529
346.10867928,-0.00058913
346.32246293,0.00148407
346.53626210,-0.00185379
346.75007679,-0.00005010
346.96390698,0.00249994
347.17775269,0.00386825
347.39161390,-0.00150134
347.60549061,0.00079991
347.81938283,0.00227188
348.03329055,0.00194017
348.24721376,0.00216822
348.46115246,0.00320482
348.67510665,-0.00158427
348.88907634,0.00164992
349.10306150,-0.00158427
349.31706215,-0.00135622
349.53107828,0.00312190
349.74510988,0.00167065
349.95915696,0.00378532
350.17321950,0.00334995
350.38729752,0.00623170
350.60139100,0.00073771
350.81549994,0.00171212
351.02962435,-0.00170866
351.24376421,0.00291458
351.45791952,-0.00063060
351.67209028,0.00220969
351.88627650,-0.00071353
352.10047816,-0.00048547
352.31469526,0.00212676
352.52892780,0.00268652
352.74317578,0.00424142
352.95743919,0.00218896
353.17171804,0.00127675
353.38601232,0.00326702
353.60032202,-0.00007083
353.81464714,0.00689512
354.02898769,-0.00199891
354.24334365,-0.00127329
354.45771503,-0.00156354
354.67210182,0.00417923
354.88650403,0.00397191
355.10092164,0.00254140
355.31535465,0.00160846
355.52980306,0.00944516
355.74426687,0.00162919
355.95874608,0.00283165
356.17324069,0.00262433
356.38775068,-0.00185379
356.60227606,0.00316336
356.81681682,-0.00063060
357.03137297,-0.00058913
357.24594449,0.00247920
357.46053139,0.00637682
357.67513367,0.00494631
357.88975132,0.00119382
358.10438433,0.00005356
358.31903271,0.00212676
358.53369645,0.00266579
358.74837556,-0.00199891
358.96307002,0.00388898
359.17777983,-0.00233062
359.39250499,0.00152553
359.60724551,0.00152553
359.82200137,0.00231335
360.03677257,0.00077918
360.25155911,-0.00013303
360.46636100,0.00125601
360.68117821,-0.00270380
360.89601076,-0.00094158
361.11085864,0.00409630
361.32572184,-0.00260014
361.54060037,0.00297677
361.75549422,0.00449021
361.97040338,0.00500851
362.18532786,0.00428289
362.40026766,0.00065479
362.61522276,0.00243774
362.83019318,0.00465606
363.04517889,0.00146333
363.26017991,0.00260360
363.47519623,0.00096577
363.69022784,0.00343288
363.90527474,-0.00038181
364.12033694,0.00455240
364.33541442,-0.00054767
364.55050719,0.00040600
364.76561524,-0.00038181
364.98073857,0.00046820
365.19587718,-0.00090011
365.41103106,0.00297677
365.62620021,-0.00154281
365.84138463,0.00158773
366.05658432,0.00131821
366.27179927,0.00523656
366.48702948,0.00038527
366.70227494,0.00276945
366.91753566,0.00121455
367.13281163,-0.00067206
367.34810285,-0.00127329
367.56340932,0.00138041
367.77873103,0.00212676
367.99406798,0.00411703
368.20942017,-0.00276600
368.42478759,0.00140114
368.64017025,-0.00073426
368.85556813,0.00457314
369.07098125,0.00212676
369.28640958,0.00117309
369.50185314,-0.00007083
369.71731191,0.00401337
369.93278590,-0.00272453
370.14827511,0.00239628
370.36377952,-0.00293185
370.57929914,0.00065479
370.79483397,0.00434508
371.01038400,0.00173285
371.22594922,0.00032307
371.44152965,0.00030234
371.65712526,0.00326702
371.87273607,-0.00179159
372.08836206,0.00256213
372.30400324,0.00461460
372.51965960,-0.00168793
372.73533114,0.00432435
372.95101786,-0.00160500
373.16671976,0.00440728
373.38243682,0.00405484
373.59816905,0.00131821
373.81391645,-0.00168793
374.02967901,0.00254140
374.24545673,0.00003283
374.46124961,-0.00143915
374.67705764,0.00138041
374.89288082,0.00038527
375.10871916,0.00015722
375.32457264,0.00084137
375.54044126,0.00013649
375.75632503,0.00446948
375.97222393,0.00102796
376.18813797,-0.00220623
376.40406713,0.00005356
376.62001143,0.00158773
376.83597086,-0.00239282
377.05194541,0.00098650
377.26793508,0.00204383
377.48393987,0.00111089
377.69995978,0.00417923
377.91599480,-0.00054767
378.13204493,0.00067552
378.34811016,0.00374386
378.56419050,0.00409630
378.78028595,0.00301824
378.99639649,-0.00063060
379.21252213,0.00032307
379.42866286,0.00196090
379.64481868,-0.00133549
379.86098960,0.00569267
380.07717559,0.00177431
380.29337667,0.00169139
380.50959283,-0.00150134
380.72582407,0.00318409
380.94207038,0.00372312
381.15833176,0.00079991
381.37460821,0.00063405
381.59089972,0.00189871
381.80720630,0.00287311
382.02352794,0.00059259
382.23986464,0.00106943
382.45621639,0.00227188
382.67258319,0.00106943
382.88896505,0.00102796
383.10536195,0.00293531
383.32177389,0.00111089
383.53820087,0.00254140
383.75464289,0.00148407
383.97109995,0.00073771
384.18757204,0.00003283
384.40405916,0.00088284
384.62056131,-0.00270380
384.83707848,0.00036454
385.05361067,0.00252067
385.27015788,0.00075845
385.48672011,0.00312190
385.70329735,0.00401337
385.91988960,0.00254140
386.13649686,0.00102796
386.35311912,0.00220969
386.56975639,0.00092430
386.78640865,0.00001209
387.00307592,-0.00019523
387.21975817,-0.00158427
387.43645542,-0.00007083
387.65316765,0.00067552
387.86989487,0.00276945
388.08663707,0.00109016
388.30339426,-0.00042328
388.52016641,0.00361946
388.73695355,0.00502924
388.95375565,0.00156699
389.17057273,-0.00073426
389.38740477,0.00527802
389.60425177,0.00428289
389.82111374,-0.00135622
390.03799066,0.00616950
390.25488253,-0.00104524
390.47178936,-0.00077572
390.68871114,0.00312190
390.90564787,0.00187797
391.12259954,0.00075845
391.33956614,0.00092430
391.55654769,0.00088284
391.77354418,0.00218896
391.99055559,0.00135967
392.20758194,0.00119382
392.42462321,0.00138041
392.64167941,0.00210603
392.85875053,0.00393044
393.07583657,0.00086211
393.29293752,0.00417923
393.51005339,0.00430362
393.72718417,0.00351580
393.94432986,0.00428289
394.16149045,0.00079991
394.37866594,0.00104869
394.59585634,0.00403410
394.81306163,0.00366093
395.03028181,0.00393044
395.24751689,0.00776587
395.46476685,0.00249994
395.68203170,0.00256213
395.89931143,0.00652195
396.11660604,0.00305970
396.33391553,0.00353654
396.55123990,0.00214749
396.76857913,0.00453167
396.98593324,0.00337068
397.20330221,-0.00160500
397.42068604,0.00351580
397.63808474,-0.00102451
397.85549829,0.00467680
398.07292670,0.00610731
398.29036996,0.00461460
398.50782807,0.00475972
398.72530103,0.00623170
398.94278883,0.00249994
399.16029147,0.00500851
399.37780895,0.00032307
399.59534127,0.00558901
399.81288841,0.00552681
400.03045039,0.00573413
400.24802720,0.00882320
400.46561883,0.00152553
400.68322529,0.00086211
400.90084656,0.00164992
401.11848265,0.00842929
401.33613355,0.00262433
401.55379926,0.00125601
401.77147978,0.00500851
401.98917511,0.00760001
402.20688524,0.00295604
402.42461017,0.00216822
402.64234989,0.00575486
402.86010441,0.00005356
403.07787372,0.00494631
403.29565782,0.00457314
403.51345670,0.00415850
403.73127037,0.00677073
403.94909882,0.00324629
404.16694205,0.00478046
404.38480005,0.00376459
404.60267282,0.00227188
404.82056036,0.00113162
405.03846267,0.00755855
405.25637974,0.00959028
405.47431157,0.00648048
405.69225816,0.00305970
405.91021951,0.00517436
406.12819561,-0.00145988
406.34618645,0.00241701
406.56419205,0.00587925
406.78221239,0.00264506
407.00024747,0.00446948
407.21829729,0.00055113
407.43636184,0.00793172
407.65444113,0.00668780
407.87253515,0.00801465
408.09064390,0.00461460
408.30876737,0.00436582
408.52690556,0.00822197
408.74505847,0.00370239
408.96322610,0.00681219
409.18140844,0.00312190
409.39960550,0.00521583
409.61781726,0.00789026
409.83604372,0.00432435
410.05428489,0.00822197
410.27254076,0.00187797
410.49081133,0.00741342
410.70909659,0.00670853
410.92739654,0.00312190
411.14571118,0.00890613
411.36404051,0.00480119
411.58238452,0.00627316
411.80074321,0.00627316
412.01911658,0.00621097
412.23750462,0.00650121
412.45590734,0.00457314
412.67432472,0.00662561
412.89275677,0.00563047
413.11120349,0.00247920
413.32966486,0.00326702
413.54814090,0.00473899
413.76663159,0.00643902
413.98513693,0.00415850
414.20365692,0.00473899
414.42219156,0.00571340
414.64074084,0.00119382
414.85930477,0.00453167
415.07788333,0.00113162
415.29647653,0.00426216
415.51508437,0.00061332
415.73370683,0.00616950
415.95234392,0.00449021
416.17099564,0.00473899
416.38966198,0.00826343
416.60834294,0.00459387
416.82703851,0.00583779
417.04574870,-0.00063060
417.26447350,0.00403410
417.48321291,0.00610731
417.70196692,0.00011575
417.92073554,0.00637682
418.13951875,0.00587925
418.35831657,0.00111089
418.57712898,0.00142187
418.79595598,0.00865734
419.01479757,0.00961102
419.23365374,0.00677073
419.45252450,0.00239628
419.67140984,0.00662561
419.89030975,0.00849149
420.10922425,0.00954882
420.32815331,0.00446948
420.54709694,0.00710244
420.76605514,0.00654268
420.98502791,0.00546461
421.20401523,0.00048893
421.42301712,0.00419996
421.64203356,0.00853295
421.86106455,0.00529876
422.08011009,0.00357800
422.29917018,0.00815977
422.51824482,0.00507070
422.73733399,0.00227188
422.95643771,0.00596218
423.17555596,0.00498778
423.39468875,0.00357800
423.61383606,0.00409630
423.83299790,0.00241701
424.05217427,0.00484265
424.27136516,0.00735123
424.49057057,0.00490485
424.70979050,0.00619023
424.92902494,0.00451094
425.14827390,0.00625243
425.36753736,0.00728903
425.58681532,0.00871954
425.80610779,0.00670853
426.02541476,0.00917564
426.24473623,0.00297677
426.46407219,0.00585852
426.68342265,0.00393044
426.90278759,0.00741342
427.12216702,0.00592072
427.34156093,0.00498778
427.56096933,0.00973541
427.78039220,0.01044030
427.99982955,0.00747562
428.21928137,0.00446948
428.43874766,0.00419996
428.65822841,0.00714391
428.87772363,0.00828417
429.09723331,0.00600365
429.31675745,0.00384752
429.53629605,0.00542315
429.75584910,0.00722683
429.97541660,0.00927930
430.19499854,0.00432435
430.41459494,0.00905125
430.63420577,0.00983907
430.85383104,0.00836709
431.07347075,0.00838783
431.29312489,0.01054396
431.51279347,0.00720610
431.73247647,0.00650121
431.95217390,0.00735123
432.17188574,0.00942443
432.39161201,0.00648048
432.61135270,0.00693659
432.83110780,0.00927930
433.05087731,0.01471109
433.27066123,0.00643902
433.49045956,0.00822197
433.71027229,0.00853295
433.93009942,0.01203666
434.14994095,0.00898906
434.36979687,0.00809758
434.58966718,0.00917564
434.80955189,0.00907198
435.02945098,0.00994273
435.24936445,0.01645258
435.46929230,0.01153909
435.68923454,0.00948662
435.90919115,0.01456597
436.12916213,0.00969394
436.34914748,0.01348790
436.56914720,0.01151836
436.78916128,0.01019151
437.00918972,0.01025371
437.22923252,0.00917564
437.44928968,0.01160129
437.66936119,0.01019151
437.88944706,0.01377815
438.10954727,0.01193300
438.32966182,0.01240984
438.54979072,0.01147690
438.76993395,0.01993556
438.99009153,0.01734406
439.21026343,0.01597574
439.43044967,0.01717820
439.65065024,0.02041239
439.87086513,0.01234764
440.09109434,0.01224398
440.31133788,0.01498061
440.53159573,0.01854651
440.75186789,0.01257569
440.97215437,0.01332205
441.19245516,0.01692942
441.41277025,0.01512573
441.63309964,0.01500134
441.85344334,0.01686722
442.07380133,0.01203666
442.29417362,0.01545744
442.51456020,0.01313546
442.73496107,0.01475255
442.95537623,0.01365376
443.17580567,0.01692942
443.39624939,0.01765504
443.61670739,0.01556110
443.83717967,0.01601721
444.05766622,0.01612087
444.27816704,0.02099289
444.49868212,0.01058542
444.71921147,0.01201593
444.93975509,0.01794528
445.16031296,0.01576842
445.38088508,0.01823553
445.60147147,0.01763430
445.82207210,0.01429645
446.04268698,0.01682576
446.26331610,0.02173924
446.48395947,0.01081347
446.70461707,0.01408913
446.92528892,0.01216105
447.14597499,0.01711600
447.36667530,0.01143543
447.58738984,0.01920994
447.80811860,0.01748918
448.02886158,0.01261716
448.24961879,0.01562330
448.47039021,0.01622453
448.69117585,0.02383318
448.91197570,0.01885749
449.13278975,0.01104152
449.35361802,0.01510500
449.57446049,0.01763430
449.79531715,0.01118665
450.01618802,0.01147690
450.23707308,0.01185007
450.45797234,0.01997702
450.67888578,0.01386108
450.89981341,0.01259643
451.12075522,0.01585135
451.34171122,0.01825626
451.56268139,0.01844285
451.78366574,0.01786236
452.00466426,0.01806968
452.22567696,0.01158056
452.44670382,0.01394401
452.66774484,0.01180861
452.88880003,0.01910628
453.10986938,0.01599648
453.33095288,0.01636965
453.55205053,0.01498061
453.77316234,0.01160129
453.99428830,0.01556110
454.21542840,0.01435865
454.43658264,0.01856725
454.65775102,0.01381961
454.87893354,0.01734406
455.10013019,0.01753064
455.32134098,0.02113801
455.54256589,0.02066118
455.76380493,0.01361229
455.98505809,0.01651478
456.20632537,0.01943799
456.42760677,0.01692942
456.64890229,0.01464889
456.87021191,0.01838066
457.09153565,0.01543671
457.31287349,0.01848432
457.53422544,0.02184290
457.75559149,0.02059898
457.97697163,0.01686722
458.19836587,0.01852578
458.41977420,0.01759284
458.64119663,0.02155265
458.86263313,0.01865017
459.08408373,0.02217462
459.30554840,0.02090996
459.52702716,0.02698444
459.74851999,0.01740625
459.97002689,0.02632102
460.19154786,0.01927213
460.41308290,0.02437221
460.63463201,0.01865017
460.85619518,0.01753064
461.07777241,0.02122094
461.29936369,0.02157339
461.52096903,0.02360512
461.74258841,0.02412342
461.96422185,0.02146973
462.18586933,0.02308682
462.40753086,0.02698444
462.62920642,0.02271365
462.85089602,0.02372952
463.07259966,0.02099289
463.29431733,0.02028800
463.51604902,0.02109655
463.73779475,0.02074411
463.95955449,0.02428928
464.18132826,0.02739908
464.40311604,0.02163558
464.62491784,0.02267218
464.84673365,0.02217462
465.06856347,0.02586491
465.29040730,0.02273438
465.51226513,0.02321122
465.73413696,0.02018434
465.95602279,0.02601004
466.17792261,0.02654907
466.39983643,0.02994912
466.62176424,0.02559540
466.84370603,0.02891252
467.06566181,0.02715030
467.28763157,0.02849788
467.50961531,0.02744055
467.73161303,0.02920277
467.95362472,0.02715030
468.17565038,0.03084060
468.39769001,0.02814544
468.61974360,0.02559540
468.84181116,0.02829056
469.06389267,0.03359795
469.28598814,0.02719176
469.50809757,0.03421991
469.73022094,0.03235403
469.95235827,0.02911984
470.17450954,0.02706737
470.39667475,0.02831129
470.61885390,0.02856008
470.84104699,0.03150402
471.06325402,0.03523578
471.28547498,0.02785519
471.50770986,0.03276867
471.72995867,0.02986619
471.95222141,0.02696371
472.17449806,0.02719176
472.39678864,0.02611370
472.61909313,0.02793811
472.84141153,0.02692225
473.06374384,0.03536018
473.28609005,0.03266501
473.50845017,0.03071620
473.73082420,0.03225037
473.95321212,0.03125524
474.17561393,0.03117231
474.39802964,0.02899545
474.62045924,0.03067474
474.84290273,0.02424782
475.06536010,0.03376381
475.28783136,0.03092352
475.51031649,0.03061254
475.73281550,0.02576125
475.95532838,0.02437221
476.17785513,0.02509783
476.40039575,0.02804178
476.62295024,0.02760640
476.84551859,0.03160768
477.06810080,0.02945155
477.29069686,0.02905764
477.51330678,0.03063328
477.73593055,0.03200159
477.95856817,0.02918204
478.18121963,0.03241623
478.40388494,0.03158695
478.62656409,0.03475895
478.84925707,0.03001132
479.07196389,0.03303819
479.29468455,0.03249916
479.51741903,0.03411625
479.74016733,0.02920277
479.96292946,0.03347356
480.18570542,0.03158695
480.40849519,0.02731615
480.63129877,0.03214671
480.85411617,0.02858081
481.07694738,0.03042596
481.29979239,0.03115158
481.52265121,0.03084060
481.74552383,0.02851861
481.96841025,0.03028083
482.19131046,0.03171134
482.41422447,0.03160768
482.63715227,0.03067474
482.86009385,0.03065401
483.08304922,0.02895398
483.30601837,0.03023937
483.52900130,0.02970034
483.75199801,0.03028083
483.97500849,0.02818690
484.19803274,0.02936862
484.42107076,0.02486978
484.64412255,0.03287233
484.86718810,0.03274794
485.09026741,0.02304536
485.31336047,0.02723323
485.53646729,0.02650761
485.75958786,0.02764787
485.98272218,0.02642468
486.20587024,0.02455880
486.42903205,0.02758567
486.65220760,0.02536735
486.87539689,0.03084060
487.09859991,0.02816617
487.32181666,0.02833202
487.54504715,0.03121377
487.76829136,0.03032230
487.99154929,0.03173207
488.21482094,0.03196013
488.43810631,0.03191866
488.66140540,0.03683215
488.88471820,0.03351503
489.10804471,0.03693581
489.33138493,0.03834559
489.55473885,0.03853217
489.77810647,0.03679068
490.00148780,0.03842851
490.22488281,0.03741264
490.44829153,0.04473105
490.67171393,0.04323834
490.89515002,0.04537374
491.11859979,0.04790304
491.34206325,0.04518715
491.56554038,0.04058464
491.78903120,0.04332127
492.01253568,0.03683215
492.23605384,0.04058464
492.45958567,0.04093709
492.68313116,0.03940292
492.90669031,0.03562969
493.13026312,0.03332844
493.35384960,0.03421991
493.57744972,0.03133817
493.80106350,0.02999058
494.02469092,0.03446870
494.24833200,0.03465529
494.47198671,0.03544310
494.69565507,0.03173207
494.91933706,0.04195296
495.14303269,0.03670776
495.36674195,0.03303819
495.59046484,0.03380527
495.81420136,0.03554676
496.03795150,0.03202232
496.26171526,0.02996985
496.48549264,0.03237477
496.70928364,0.03009424
496.93308825,0.02963814
497.15690647,0.03453090
497.38073830,0.03069547
497.60458373,0.03720532
497.82844276,0.04330054
498.05231539,0.03571262
498.27620162,0.03791021
498.50010144,0.03668702
498.72401485,0.03764070
498.94794185,0.04354932
499.17188244,0.03579555
499.39583661,0.03693581
499.61980435,0.03411625
499.84378568,0.03961024
500.06778058,0.03894681
500.29178904,0.04126880
500.51581108,0.03589921
500.73984668,0.03892608
500.96389585,0.03604433
501.18795858,0.03490407
501.41203486,0.03886389
501.63612470,0.03703947
501.86022809,0.03977609
502.08434503,0.03900901
502.30847551,0.03612726
502.53261954,0.03676995
502.75677711,0.03438577
502.98094822,0.03571262
503.20513286,0.03600287
503.42933104,0.03606506
503.65354274,0.03144183
503.87776797,0.02926496
504.10200673,0.02708810
504.32625901,0.03361869
504.55052480,0.03094426
504.77480411,0.02810397
504.99909694,0.02424782
505.22340327,0.03146256
505.44772312,0.02507710
505.67205646,0.02574052
505.89640331,0.02663200
506.12076366,0.02530515
506.34513750,0.02329414
506.56952484,0.02547101
506.79392567,0.02327341
507.01833999,0.02686005
507.24276779,0.02766860
507.46720907,0.02858081
507.69166384,0.03104792
507.91613208,0.02690151
508.14061380,0.02746128
508.36510898,0.02853934
508.58961764,0.03023937
508.81413976,0.03303819
509.03867534,0.03463456
509.26322439,0.03187720
509.48778689,0.02945155
509.71236285,0.03888462
509.93695226,0.03438577
510.16155512,0.03386747
510.38617142,0.03589921
510.61080117,0.03484188
510.83544436,0.03395040
511.06010099,0.03461382
511.28477105,0.03981756
511.50945454,0.04218101
511.73415147,0.03509066
511.95886182,0.03198086
512.18358560,0.03285160
512.40832280,0.02431001
512.63307341,0.03096499
512.85783745,0.02851861
513.08261489,0.02704664
513.30740575,0.02497344
513.53221001,0.02880886
513.75702768,0.03061254
513.98185875,0.02758567
514.20670322,0.02974180
514.43156109,0.02876740
514.65643235,0.02729542
514.88131700,0.02671493
515.10621504,0.03370161
515.33112647,0.02777226
515.55605128,0.02930643
515.78098946,0.02911984
516.00594103,0.02632102
516.23090597,0.02661127
516.45588428,0.03355649
516.68087596,0.02721249
516.90588100,0.02816617
517.13089941,0.02470392
517.35593118,0.02706737
517.58097631,0.02325268
517.80603479,0.02669419
518.03110663,0.02331488
518.25619181,0.02638321
518.48129034,0.02333561
518.70640222,0.02748201
518.93152743,0.02750274
519.15666598,0.02947228
519.38181787,0.02499417
519.60698310,0.02932716
519.83216165,0.02474538
520.05735353,0.02236120
520.28255873,0.02356366
520.50777726,0.02387464
520.73300910,0.02710883
520.95825426,0.02540881
521.18351273,0.02907838
521.40878452,0.02874666
521.63406961,0.02474538
521.85936801,0.02505637
522.08467971,0.02468319
522.31000471,0.02592711
522.53534300,0.02843568
522.76069459,0.03409552
522.98605947,0.03289307
523.21143764,0.03179427
523.43682910,0.03633458
523.66223383,0.03477968
523.88765185,0.03453090
524.11308315,0.03766143
524.33852772,0.03755777
524.56398556,0.03106865
524.78945667,0.03838705
525.01494104,0.03573335
525.24043868,0.03714313
525.46594959,0.04213954
525.69147374,0.04960307
525.91701116,0.04296882
526.14256182,0.03917487
526.36812574,0.03954804
526.59370290,0.04089562
526.81929331,0.03720532
527.04489696,0.03797241
527.27051384,0.03969317
527.49614396,0.03761996
527.72178732,0.03685288
527.94744390,0.04116514
528.17311372,0.04046025
528.39879675,0.04205662
528.62449301,0.04180783
528.85020249,0.04630668
529.07592518,0.04514569
529.30166109,0.04587131
529.52741021,0.05221530
529.75317254,0.05117870
529.97894807,0.05051528
530.20473680,0.05586414
530.43053874,0.05426777
530.65635387,0.06645819
530.88218219,0.05634097
531.10802371,0.06285082
531.33387841,0.06544233
531.55974630,0.06171056
531.78562738,0.06189715
532.01152163,0.06486183
532.23742906,0.06160690
532.46334967,0.06168983
532.68928344,0.05961663
532.91523039,0.05918126
533.14119051,0.05864223
533.36716378,0.05897394
533.59315022,0.05733611
533.81914982,0.05940931
534.04516257,0.06322400
534.27118847,0.05690074
534.49722752,0.05820685
534.72327973,0.05940931
534.94934507,0.05858003
535.17542356,0.06106787
535.40151518,0.06162764
535.62761994,0.05692147
535.85373784,0.05401899
536.07986886,0.06241545
536.30601301,0.05795807
536.53217029,0.05797880
536.75834069,0.05495193
536.98452420,0.05804100
537.21072084,0.05974102
537.43693059,0.06038372
537.66315345,0.05750197
537.88938941,0.05685927
538.11563848,0.06142032
538.34190066,0.06303741
538.56817593,0.06129592
538.79446431,0.06088128
539.02076577,0.05855930
539.24708033,0.06482037
539.47340798,0.06492403
539.69974871,0.06301668
539.92610252,0.06473744
540.15246942,0.06581550
540.37884939,0.06896677
540.60524244,0.07168266
540.83164856,0.07091558
541.05806775,0.07738397
541.28450001,0.07329976
541.51094533,0.08055596
541.73740371,0.07929131
541.96387515,0.07338269
542.19035965,0.07236682
542.41685719,0.07752909
542.64336779,0.07734250
542.86989144,0.07877301
543.09642813,0.06637527
543.32297786,0.07456441
543.54954063,0.06911189
543.77611643,0.07547662
544.00270527,0.07392172
544.22930714,0.07879374
544.45592204,0.07566321
544.68254996,0.07300951
544.90919091,0.06610575
545.13584487,0.07450222
545.36251185,0.06654112
545.58919184,0.06749480
545.81588485,0.06533867
546.04259086,0.06801310
546.26930988,0.06407401
546.49604191,0.06780578
546.72278693,0.06430207
546.94954495,0.07000337
547.17631596,0.06853140
547.40309997,0.07201437
547.62989696,0.06884238
547.85670694,0.07518637
548.08352991,0.08190354
548.31036585,0.07437782
548.53721477,0.07655469
548.76407667,0.08134378
548.99095154,0.08047304
549.21783938,0.07725957
549.44474018,0.07566321
549.67165395,0.07960229
549.89858069,0.08080475
550.12552038,0.07537296
550.35247302,0.07070826
550.57943862,0.07064606
550.80641717,0.06975458
551.03340866,0.07558028
551.26041310,0.08051450
551.48743048,0.08063889
551.71446081,0.07904253
551.94150406,0.08793656
552.16856025,0.08959512
552.39562937,0.09154393
552.62271142,0.08907682
552.84980640,0.09276712
553.07691429,0.09065245
553.30403511,0.08915975
553.53116884,0.09589765
553.75831549,0.09291224
553.98547505,0.09540008
554.21264752,0.09894526
554.43983289,0.09757695
554.66703116,0.10149530
554.89424234,0.10518559
555.12146641,0.10887589
555.34870338,0.10400387
555.57595324,0.10910395
555.80321599,0.11030640
556.03049162,0.10580756
556.25778014,0.10738319
556.48508154,0.11038933
556.71239582,0.11362352
556.93972297,0.11150886
557.16706300,0.10848198
557.39441589,0.10949785
557.62178165,0.11356133
557.84916028,0.10605634
558.07655177,0.11076251
558.30395611,0.11208935
558.53137331,0.11354060
558.75880337,0.11399670
558.98624627,0.11306376
559.21370202,0.11053445
559.44117062,0.10387948
559.66865206,0.10539291
559.89614634,0.10589048
560.12365345,0.10220018
560.35117340,0.09931844
560.57870618,0.09859281
560.80625179,0.09388665
561.03381022,0.09761841
561.26138148,0.10300873
561.48896555,0.10661610
561.71656244,0.10168188
561.94417215,0.10253190
562.17179467,0.09813671
562.39942999,0.09525496
562.62707812,0.09372079
562.85473906,0.10141237
563.08241279,0.09697572
563.31009933,0.08795729
563.53779866,0.09537935
563.76551078,0.08918048
563.99323568,0.08951219
564.22097338,0.08915975
564.44872386,0.08580116
564.67648712,0.09085977
564.90426316,0.09322322
565.13205197,0.09332688
565.35985356,0.09564887
565.58766792,0.09927697
565.81549504,0.09763914
566.04333493,0.09888306
566.27118758,0.09189637
566.49905298,0.08976098
566.72693115,0.09040367
566.95482207,0.09877940
567.18272573,0.09305737
567.41064215,0.09799159
567.63857131,0.09425982
567.86651321,0.09693425
568.09446785,0.08992683
568.32243523,0.09656108
568.55041534,0.09297444
568.77840819,0.09282932
569.00641376,0.08959512
569.23443206,0.09019635
569.46246308,0.09150247
569.69050682,0.09015489
569.91856327,0.08967805
570.14663244,0.09411470
570.37471433,0.08822681
570.60280892,0.09668547
570.83091622,0.09065245
571.05903622,0.09552448
571.28716892,0.09797085
571.51531432,0.10182701
571.74347241,0.10199286
571.97164320,0.10180628
572.19982667,0.09975381
572.42802284,0.09896599
572.65623168,0.09552448
572.88445321,0.10338191
573.11268742,0.09641595
573.34093430,0.09882087
573.56919385,0.10508193
573.79746608,0.10354777
574.02575097,0.10960151
574.25404853,0.10885516
574.48235874,0.11152959
574.71068162,0.10918687
574.93901715,0.10945639
575.16736534,0.11739675
575.39572618,0.11169545
575.62409966,0.11466012
575.85248579,0.11414182
576.08088456,0.11586258
576.30929597,0.11567599
576.53772002,0.11457720
576.76615671,0.12311879
576.99460602,0.12083826
577.22306796,0.11710650
577.45154253,0.12212365
577.68002972,0.12434197
577.90852953,0.11936629
578.13704196,0.12245536
578.36556700,0.12548224
578.59410465,0.12848838
578.82265492,0.13464578
579.05121779,0.12962864
579.27979326,0.12591761
579.50838133,0.12342977
579.73698201,0.12276634
579.96559527,0.11913824
580.19422113,0.12127364
580.42285958,0.11484671
580.65151062,0.11215155
580.88017424,0.11706504
581.10885044,0.11714797
581.33753922,0.11747968
581.56624057,0.11128081
581.79495450,0.10935273
582.02368100,0.10518559
582.25242007,0.10242824
582.48117170,0.10435631
582.70993589,0.10667830
582.93871264,0.10564170
583.16750195,0.09855135
583.39630381,0.09641595
583.62511822,0.10271849
583.85394518,0.10174408
584.08278469,0.10734172
584.31163674,0.10460510
584.54050133,0.10166115
584.76937845,0.11150886
584.99826811,0.11103202
585.22717030,0.11347840
585.45608502,0.11370645
585.68501226,0.12382367
585.91395203,0.12193706
586.14290432,0.13049938
586.37186912,0.13081036
586.60084644,0.13251039
586.82983628,0.13557873
587.05883862,0.14304225
587.28785347,0.14283493
587.51688082,0.14134223
587.74592067,0.14026416
587.97497302,0.14119710
588.20403787,0.14072026
588.43311520,0.15071309
588.66220503,0.15446559
588.89130735,0.15554365
589.12042215,0.15674611
589.34954943,0.15705709
589.57868919,0.15326313
589.80784142,0.15751320
590.03700613,0.15270337
590.26618331,0.15664245
590.49537296,0.15863272
590.72457507,0.14919966
590.95378964,0.14306298
591.18301667,0.14789354
591.41225616,0.14866063
591.64150811,0.14229590
591.87077250,0.14733378
592.10004934,0.14378860
592.32933863,0.14061660
592.55864036,0.13831535
592.78795453,0.14032636
593.01728114,0.14414105
593.24662018,0.14432763
593.47597165,0.13576531
593.70533555,0.13978732
593.93471188,0.14588254
594.16410063,0.14857770
594.39350180,0.14946917
594.62291539,0.15380216
594.85234140,0.15303508
595.08177981,0.15898517
595.31123064,0.14998747
595.54069387,0.14909600
595.77016951,0.14843257
595.99965755,0.14942771
596.22915798,0.14899234
596.45867081,0.14615205
596.68819604,0.14264834
596.91773365,0.13899951
597.14728365,0.13814950
597.37684603,0.14557156
597.60642080,0.13875072
597.83600795,0.14633864
598.06560747,0.14565448
598.29521936,0.14438983
598.52484363,0.15328386
598.75448026,0.15488023
598.98412926,0.15819735
599.21379062,0.16400232
599.44346434,0.17246098
599.67315042,0.17430613
599.90284885,0.18083671
600.13255963,0.19056002
600.36228276,0.18170745
600.59201824,0.17758178
600.82176606,0.17382929
601.05152622,0.17509394
601.28129871,0.17453418
601.51108354,0.18189404
601.74088070,0.18523190
601.97069019,0.19530765
602.20051201,0.20150653
602.43034615,0.21139570
602.66019261,0.21357256
602.89005139,0.21695188
603.11992249,0.21035910
603.34980589,0.21773969
603.57970161,0.21373841
603.80960963,0.21367622
604.03952996,0.21566649
604.26946259,0.22024827
604.49940751,0.22462272
604.72936474,0.21203839
604.95933425,0.20737369
605.18931606,0.20704197
605.41931015,0.20671026
605.64931653,0.21122984
605.87933519,0.20577732
606.10936612,0.20579805
606.33940934,0.20890785
606.56946483,0.22302636
606.79953259,0.22043485
607.02961261,0.22057998
607.25970490,0.22814716
607.48980946,0.23546556
607.71992627,0.23505092
607.95005534,0.25059993
608.18019667,0.25522317
608.41035024,0.27039900
608.64051607,0.27346734
608.87069414,0.29660427
609.10088445,0.29998359
609.33108700,0.32264368
609.56130179,0.32318271
609.79152882,0.32386687
610.02176808,0.32363881
610.25201956,0.32917426
610.48228328,0.33634754
610.71255921,0.34793673
610.94284737,0.35444658
611.17314775,0.36085278
611.40346034,0.34341715
611.63378514,0.34003784
611.86412215,0.33327920
612.09447137,0.31756433
612.32483280,0.31296183
612.55520642,0.29372252
612.78559225,0.27435882
613.01599027,0.25259021
613.24640048,0.24865112
613.47682288,0.24193395
613.70725747,0.23583874
613.93770425,0.21906654
614.16816321,0.22717276
614.39863434,0.22259098
614.62911766,0.22914230
614.85961314,0.22961914
615.09012080,0.22748374
615.32064063,0.21972997
615.55117262,0.22273611
615.78171677,0.21981289
616.01227308,0.21946045
616.24284156,0.21904581
616.47342218,0.21158228
616.70401496,0.21570796
616.93461988,0.20370412
617.16523695,0.20374558
617.39586617,0.18910878
617.62650752,0.18794779
617.85716101,0.18288918
618.08782664,0.17996596
618.31850440,0.17370490
618.54919429,0.17604761
618.77989630,0.16843897
619.01061044,0.15629001
619.24133670,0.15156311
619.47207508,0.14621425
619.70282557,0.14175687
619.93358818,0.14260688
620.16436289,0.13062377
620.39514972,0.13047865
620.62594864,0.12299439
620.85675967,0.12108705
621.08758280,0.11577965
621.31841802,0.10916614
621.54926534,0.11150886
621.78012475,0.10997469
622.01099624,0.10317459
622.24187982,0.10636732
622.47277549,0.10510267
622.70368323,0.10864784
622.93460305,0.10719660
623.16553494,0.10638805
623.39647890,0.10547584
623.62743493,0.10746612
623.85840303,0.10331971
624.08938319,0.09824037
624.32037541,0.09873794
624.55137968,0.09674767
624.78239602,0.08826827
625.01342440,0.08768778
625.24446483,0.08976098
625.47551731,0.09011342
625.70658183,0.08984391
625.93765839,0.09011342
626.16874699,0.08971951
626.39984763,0.08213160
626.63096029,0.08963659
626.86208499,0.08845486
627.09322171,0.08853779
627.32437046,0.09732816
627.55553123,0.10114285
627.78670401,0.10464656
628.01788882,0.11173691
628.24908563,0.11932483
628.48029446,0.11828823
628.71151529,0.12017484
628.94274813,0.13020913
629.17399296,0.13207502
629.40524980,0.13640801
629.63651863,0.13620069
629.86779946,0.13945561
630.09909228,0.14627644
630.33039709,0.15092041
630.56171388,0.16568161
630.79304265,0.16758895
631.02438340,0.17020119
631.25573613,0.17868058
631.48710084,0.18618557
631.71847751,0.19393934
631.94986615,0.19804428
632.18126676,0.20623343
632.41267933,0.21500307
632.64410387,0.20438828
632.87554035,0.21628845
633.10698880,0.23104964
633.33844919,0.22914230
633.56992154,0.23780828
633.80140583,0.23971563
634.03290207,0.23731071
634.26441024,0.23384847
634.49593035,0.24193395
634.72746240,0.24326080
634.95900638,0.24406935
635.19056229,0.25814639
635.42213013,0.26434526
635.65370989,0.26988070
635.88530158,0.27489785
636.11690518,0.27908572
636.34852069,0.28049550
636.58014812,0.29310056
636.81178746,0.30253362
637.04343871,0.30537391
637.27510187,0.30678369
637.50677692,0.32411565
637.73846387,0.31658993
637.97016272,0.30761297
638.20187347,0.30875323
638.43359610,0.31833142
638.66533062,0.31474478
638.89707703,0.31940948
639.12883532,0.31399843
639.36060549,0.32123390
639.59238754,0.31161242
639.82418146,0.32291393
640.05598725,0.32268904
640.28780491,0.31822383
640.51963444,0.32290510
640.75147583,0.30545936
640.98332908,0.31837215
641.21519419,0.32423266
641.44707115,0.32289878
641.67895997,0.31119394
641.91086063,0.30408599
642.14277314,0.28995271
642.37469750,0.29025134
642.60663369,0.29892263
642.83858172,0.30884453
643.07054159,0.30385383
643.30251329,0.28221015
643.53449683,0.26401381
643.76649218,0.25872256
643.99849937,0.26025821
644.23051837,0.27207955
644.46254919,0.25870049
644.69459183,0.25799963
644.92664628,0.25095564
645.15871254,0.24986866
645.39079061,0.24297493
645.62288049,0.24779776
645.85498217,0.24549234
646.08709564,0.23622411
646.31922091,0.22716431
646.55135798,0.23879564
646.78350684,0.24159680
647.01566748,0.22653565
647.24783991,0.22361114
647.48002413,0.21765011
647.71222012,0.21814262
647.94442789,0.21751269
648.17664744,0.22036610
648.40887875,0.21617861
648.64112184,0.21484673
648.87337669,0.20937846
649.10564331,0.20766688
649.33792168,0.21141646
649.57021181,0.20325601
649.80251370,0.20716428
650.03482734,0.20157354
650.26715273,0.20246903
650.49948987,0.20353042
650.73183875,0.20408608
650.96419937,0.20006407
651.19657173,0.19616596
651.42895582,0.20575233
651.66135165,0.21815509
651.89375921,0.20698100
652.12617849,0.21302149
652.35860950,0.22117046
652.59105224,0.22068634
652.82350669,0.22763159
653.05597285,0.22490395
653.28845073,0.21441515
653.52094032,0.21476814
653.75344162,0.21975239
653.98595462,0.22290161
654.21847933,0.21576328
654.45101573,0.20857851
654.68356383,0.21559656
654.91612363,0.21550093
655.14869511,0.20955860
655.38127829,0.22009526
655.61387315,0.21646521
655.84647969,0.21823071
656.07909792,0.21734087
656.31172782,0.21848590
656.54436939,0.21459819
656.77702264,0.20260461
657.00968756,0.20957439
657.24236414,0.21028948
657.47505238,0.21204419
657.70775229,0.21060803
657.94046385,0.21979932
658.17318707,0.22457521
658.40592195,0.22182258
658.63866847,0.22811936
658.87142663,0.23733584
659.10419645,0.23684187
659.33697790,0.23887141
659.56977099,0.23948133
659.80257572,0.23680973
660.03539208,0.23369404
660.26822007,0.23338106
660.50105969,0.23308190
660.73391093,0.22958152
660.96677380,0.23083627
661.19964828,0.23506436
661.43253438,0.22998224
661.66543209,0.23129863
661.89834142,0.23428466
662.13126235,0.22990261
662.36419489,0.22822900
662.59713903,0.24653817
662.83009477,0.23658706
663.06306210,0.22901848
663.29604103,0.23859090
663.52903155,0.24676933
663.76203367,0.23766412
663.99504736,0.23525665
664.22807264,0.23563526
664.46110950,0.23668806
664.69415794,0.23796625
664.92721795,0.22821322
665.16028953,0.22566029
665.39337269,0.23493314
665.62646740,0.22125528
665.85957369,0.21338849
666.09269153,0.20513007
666.32582093,0.20518394
666.55896189,0.20202234
666.79211440,0.19393934
667.02527846,0.20073944
667.25845406,0.19661377
667.49164121,0.18593678
667.72483991,0.19064295
667.95805014,0.19165882
668.19127190,0.18977221
668.42450520,0.18871487
668.65775003,0.17926108
668.89100639,0.17828667
669.12427427,0.18006963
669.35755368,0.17760252
669.59084460,0.17260610
669.82414704,0.18023548
670.05746099,0.18195624
670.29078646,0.18448554
670.52412343,0.17559151
670.75747191,0.18566727
670.99083189,0.18212209
671.22420337,0.18247454
671.45758635,0.19111979
671.69098082,0.19881136
671.92438678,0.20913591
672.15780424,0.21261889
672.39123317,0.21390427
672.62467360,0.22644714
672.85812550,0.22914230
673.09158888,0.23813999
673.32506373,0.23422164
673.55855006,0.24069003
673.79204785,0.23961197
674.02555712,0.23266674
674.25907784,0.22928742
674.49261003,0.23490580
674.72615367,0.22986792
674.95970878,0.24010953
675.19327533,0.24680597
675.42685333,0.26320500
675.66044278,0.26243791
675.89404368,0.27956255
676.12765601,0.27558201
676.36127979,0.27008802
676.59491500,0.27288685
676.82856165,0.26473917
677.06221972,0.26254157
677.29588922,0.26718554
677.52957015,0.26670871
677.76326250,0.25464268
677.99696627,0.24858893
678.23068146,0.24589377
678.46440806,0.23981929
678.69814607,0.22109828
678.93189549,0.21516892
679.16565631,0.21610186
679.39942854,0.19767110
679.63321217,0.20658587
679.86700720,0.20467852
680.10081361,0.19818940
680.33463143,0.19630279
680.56846063,0.19373202
680.80230121,0.18912951
681.03615318,0.19686256
681.27001653,0.18512824
681.50389126,0.18726363
681.73777736,0.19246737
681.97167484,0.18591605
682.20558368,0.19242590
682.43950390,0.18877707
682.67343547,0.18765754
682.90737841,0.18645508
683.14133270,0.17718788
683.37529836,0.17389149
683.60927536,0.17270976
683.84326371,0.16588893
684.07726341,0.16534990
684.31127446,0.16416817
684.54529685,0.16866702
684.77933057,0.17285488
685.01337564,0.17886717
685.24743203,0.18566727
685.48149976,0.20127847
685.71557881,0.21380061
685.94966919,0.21732505
686.18377090,0.22151292
686.41788392,0.23177526
686.65200826,0.24176810
686.88614391,0.24185102
687.12029088,0.25006090
687.35444915,0.24328153
687.58861873,0.24216200
687.82279961,0.23140209
688.05699179,0.22557639
688.29119527,0.22331660
688.52541004,0.23026183
688.75963611,0.23009597
688.99387346,0.23946684
689.22812210,0.24239006
689.46238203,0.25093164
689.69665323,0.24987431
689.93093571,0.26293548
690.16522947,0.27330149
690.39953450,0.27496005
690.63385080,0.28024671
690.86817837,0.28912001
691.10251720,0.29063345
691.33686730,0.29579572
691.57122865,0.29573352
691.80560125,0.29942382
692.03998511,0.29291397
692.27438023,0.30835932
692.50878658,0.30019091
692.74320419,0.29892625
692.97763303,0.29492498
693.21207312,0.30535318
693.44652444,0.29747501
693.68098699,0.30632758
693.91546077,0.30659710
694.14994579,0.31764726
694.38444203,0.31468258
694.61894949,0.32965110
694.85346817,0.33462678
695.08799806,0.34221470
695.32253918,0.32413638
695.55709150,0.33508288
695.79165503,0.33601583
696.02622977,0.33421214
696.26081571,0.32828278
696.49541285,0.32834498
696.73002119,0.32649983
696.96464072,0.32233270
697.19927145,0.32380467
697.43391336,0.31897411
697.66856647,0.32052901
697.90323075,0.31974120
698.13790622,0.31683871
698.37259286,0.32127536
698.60729068,0.32436443
698.84199967,0.33147551
699.07671984,0.33925002
699.31145117,0.35027945
699.54619366,0.36180645
699.78094731,0.37399687
700.01571213,0.40362292
700.25048810,0.40681565
700.48527522,0.43103064
700.72007349,0.44421620
700.95488292,0.45599198
701.18970348,0.46797509
701.42453519,0.47440201
701.65937804,0.48012405
701.89423202,0.48286067
702.12909714,0.48414606
702.36397339,0.46708361
702.59886077,0.46805802
702.83375927,0.45425049
703.06866889,0.44197714
703.30358964,0.43237822
703.53852150,0.42217807
703.77346448,0.41724385
704.00841857,0.41143889
704.24338376,0.41367795
704.47836007,0.41844631
704.71334748,0.41610359
704.94834598,0.41187426
705.18335559,0.40293876
705.41837629,0.39661550
705.65340808,0.40115581
705.88845096,0.39970457
706.12350493,0.40492904
706.35856998,0.39864724
706.59364612,0.40418268
706.82873333,0.40358146
707.06383161,0.41297306
707.29894097,0.41042302
707.53406141,0.42255125
707.76919290,0.42284150
708.00433546,0.44643453
708.23948909,0.44854919
708.47465377,0.46210793
708.70982951,0.46963365
708.94501630,0.47172758
709.18021414,0.46712507
709.41542303,0.46436772
709.65064297,0.45648955
709.88587395,0.44110640
710.12111597,0.43924052
710.35636902,0.42365004
710.59163311,0.42062317
710.82690823,0.41392673
711.06219437,0.39479108
711.29749155,0.39199226
711.53279974,0.38647754
711.76811896,0.39450083
712.00344920,0.39180567
712.23879044,0.40638028
712.47414270,0.41562675
712.70950597,0.41129376
712.94488025,0.41212304
713.18026553,0.43654536
713.41566181,0.42389883
713.65106908,0.42570251
713.88648736,0.42561958
714.12191662,0.42398176
714.35735688,0.41266208
714.59280812,0.41388527
714.82827034,0.40268998
715.06374355,0.39916554
715.29922774,0.38884099
715.53472290,0.38996052
715.77022903,0.37090780
716.00574614,0.37252490
716.24127421,0.36786020
716.47681324,0.35598075
716.71236324,0.34673428
716.94792420,0.34911846
717.18349611,0.33340359
717.41907898,0.33740487
717.65467280,0.32589860
717.89027757,0.31831069
718.12589328,0.30796541
718.36151993,0.30153849
718.59715752,0.30048116
718.83280605,0.29117248
719.06846552,0.28275528
719.30413591,0.28961758
719.53981724,0.28609314
719.77550949,0.29355666
720.01121266,0.30012871
720.24692676,0.30400560
720.48265177,0.31364598
720.71838769,0.30726052
720.95413453,0.30647271
721.18989228,0.31304476
721.42566093,0.29772380
721.66144049,0.29803478
721.89723095,0.28346017
722.13303231,0.28912001
722.36884456,0.28416506
722.60466770,0.28750292
722.84050173,0.27952109
723.07634666,0.27757228
723.31220246,0.27651495
723.54806915,0.27927231
723.78394671,0.27000510
724.01983515,0.26639773
724.25573447,0.26335012
724.49164465,0.26498795
724.72756571,0.25924518
724.96349762,0.26044764
725.19944040,0.26063423
725.43539404,0.25843663
725.67135854,0.25319143
725.90733388,0.24842307
726.14332008,0.25688173
726.37931713,0.25362681
726.61532503,0.24775965
726.85134376,0.24556205
727.08737334,0.24303275
727.32341375,0.24375837
727.55946500,0.24570718
727.79552708,0.25033042
728.03159998,0.25178166
728.26768372,0.25686100
728.50377827,0.27236855
728.73988365,0.27587226
728.97599985,0.27392345
729.21212686,0.27833937
729.44826468,0.27500151
729.68441331,0.26888557
729.92057275,0.25565854
730.15674299,0.26140131
730.39292403,0.26061349
730.62911587,0.24531327
730.86531851,0.23699973
731.10153194,0.23374481
731.33775616,0.21950191
731.57399117,0.21050422
731.81023696,0.19020758
732.04649353,0.18736729
732.28276088,0.17026338
732.51903901,0.16881214
732.75532791,0.16690480
732.99162758,0.16012543
733.22793802,0.15925468
733.46425923,0.15614488
733.70059119,0.14797647
733.93693392,0.13941415
734.17328740,0.13995318
734.40965164,0.13611776
734.64602662,0.13607629
734.88241236,0.13553726
735.11880884,0.13783851
735.35521607,0.13765193
735.59163403,0.13806657
735.82806273,0.14057514
736.06450217,0.14766549
736.30095234,0.14517765
736.53741323,0.15471437
736.77388486,0.17362197
737.01036720,0.18353187
737.24686027,0.19553571
737.48336406,0.20621269
737.71987856,0.22051778
737.95640377,0.23384847
738.19293969,0.24690963
738.42948632,0.25756589
738.66604365,0.25632197
738.90261169,0.25847810
739.13919042,0.27039900
739.37577985,0.27263806
739.61237997,0.27319783
739.84899078,0.27554054
740.08561228,0.27869181
740.32224446,0.26492575
740.55888732,0.25862322
740.79554087,0.24290836
741.03220509,0.23355822
741.26887998,0.22435320
741.50556555,0.21033836
741.74226178,0.20216995
741.97896868,0.19393934
742.21568624,0.18742949
742.45241446,0.17764398
742.68915333,0.17138291
742.92590286,0.17366343
743.16266304,0.17192194
743.39943387,0.16377426
743.63621535,0.16458281
743.87300747,0.15811442
744.10981023,0.15608269
744.34662363,0.16323523
744.58344766,0.16564014
744.82028232,0.16572307
745.05712761,0.16599259
745.29398353,0.16364987
745.53085007,0.16002177
745.76772724,0.16277913
746.00461502,0.15670465
746.24151341,0.14540570
746.47842242,0.14654596
746.71534204,0.14523984
746.95227227,0.14538497
747.18921310,0.14671182
747.42616453,0.14812159
747.66312656,0.15102408
747.90009918,0.14725085
748.13708240,0.15863272
748.37407621,0.16315230
748.61108061,0.16248888
748.84809559,0.15790710
749.08512115,0.16302791
749.32215730,0.15740953
749.55920401,0.15666318
749.79626131,0.16076812
750.03332917,0.15792784
750.27040760,0.15434120
750.50749660,0.16358767
750.74459616,0.16412671
750.98170628,0.16912312
751.21882695,0.16785847
751.45595818,0.17281342
751.69309997,0.17876351
751.93025230,0.17882570
752.16741517,0.17586103
752.40458859,0.17714641
752.64177256,0.17318660
752.87896705,0.18056719
753.11617209,0.18442335
753.35338765,0.18606118
753.59061374,0.18100257
753.82785037,0.19091247
754.06509751,0.19957845
754.30235518,0.20368339
754.53962336,0.21632992
754.77690206,0.22424954
755.01419127,0.23554849
755.25149099,0.23697900
755.48880122,0.24166444
755.72612195,0.24823648
755.96345319,0.24543766
756.20079492,0.23123623
756.43814715,0.23366188
756.67550987,0.23867903
756.91288309,0.22955694
757.15026679,0.22679958
757.38766097,0.22474711
757.62506564,0.21776042
757.86248079,0.21116764
758.09990641,0.20478218
758.33734251,0.20625416
758.57478908,0.20165165
758.81224612,0.20409803
759.04971362,0.19122345
759.28719159,0.19145150
759.52468001,0.17876351
759.76217889,0.18166599
759.99968823,0.17795496
760.23720802,0.17107193
760.47473826,0.15637293
760.71227894,0.15626927
760.94983007,0.15641440
761.18739164,0.15187409
761.42496364,0.14880575
761.66254608,0.15239239
761.90013895,0.15684977
762.13774226,0.15606195
762.37535598,0.14387153
762.61298014,0.14505326
762.85061471,0.14944844
763.08825970,0.15380216
763.32591511,0.16325596
763.56358093,0.16139008
763.80125716,0.17090608
764.03894380,0.17366343
764.27664084,0.17727080
764.51434829,0.16783774
764.75206613,0.17420247
764.98979437,0.17306220
765.22753300,0.17573663
765.46528203,0.18303430
765.70304144,0.18755388
765.94081124,0.18224649
766.17859142,0.18545995
766.41638197,0.19244664
766.65418291,0.18794779
766.89199422,0.18886000
767.12981590,0.17751959
767.36764795,0.17785130
767.60549036,0.17695982
767.84334314,0.17567444
768.08120628,0.17302074
768.31907977,0.16854263
768.55696362,0.17159023
768.79485782,0.16634503
769.03276238,0.16315230
769.27067727,0.16335962
769.50860251,0.15664245
769.74653809,0.16443769
769.98448401,0.17063656
770.22244027,0.16240595
770.46040685,0.17660738
770.69838377,0.18288918
770.93637101,0.18438188
771.17436858,0.18624776
771.41237647,0.19186614
771.65039468,0.19762964
771.88842320,0.19064295
772.12646204,0.19408447
772.36451118,0.18653801
772.60257064,0.18477579
772.84064039,0.17652445
773.07872045,0.17606835
773.31681081,0.16962069
773.55491147,0.17084388
773.79302242,0.17443052
774.03114366,0.17044997
774.26927519,0.16271693
774.50741700,0.15960713
774.74556910,0.15828028
774.98373147,0.15637293
775.22190413,0.16182545
775.46008705,0.16250961
775.69828025,0.16126569
775.93648372,0.16460354
776.17469745,0.16845970
776.41292145,0.17109266
776.65115570,0.16653162
776.88940022,0.17928181
777.12765499,0.16659382
777.36592001,0.16949630
777.60419528,0.16242668
777.84248079,0.15875712
778.08077655,0.15595829
778.31908256,0.15373997
778.55739879,0.14264834
778.79572527,0.14186053
779.03406198,0.13825316
779.27240891,0.13576531
779.51076608,0.12622859
779.74913346,0.12745178
779.98751107,0.12620786
780.22589890,0.14422397
780.46429695,0.12303586
780.70270520,0.12604200
780.94112367,0.12512979
781.17955235,0.13723729
781.41799123,0.12560663
781.65644031,0.12846765
781.89489959,0.12560663
782.13336907,0.12765910
782.37184874,0.12092119
782.61033861,0.12419685
782.84883866,0.13120427
783.08734890,0.12386514
783.32586931,0.12326391
783.56439991,0.12523345
783.80294069,0.12131510
784.04149164,0.12172974
784.28005276,0.12280781
784.51862406,0.13503969
784.75720551,0.12861277
784.99579713,0.12682982
785.23439891,0.13771412
785.47301085,0.14105198
785.71163295,0.13506043
785.95026519,0.14223370
786.18890759,0.13858487
786.42756013,0.13937268
786.66622282,0.13814950
786.90489564,0.14264834
787.14357861,0.13232380
787.38227171,0.13667752
787.62097494,0.13020913
787.85968831,0.12985669
788.09841180,0.12573102
788.33714541,0.12249683
788.57588915,0.11747968
788.81464301,0.11266985
789.05340698,0.11244180
789.29218106,0.11171618
789.53096526,0.11513696
789.76975956,0.11339547
790.00856397,0.11472232
790.24737848,0.12442490
790.48620309,0.11698211
790.72503780,0.12361635
790.96388260,0.12477735
791.20273749,0.12927619
791.44160247,0.12392733
791.68047754,0.11980166
791.91936269,0.12023704
792.15825792,0.11341620
792.39716323,0.11967727
792.63607861,0.10924907
792.87500406,0.10893809
793.11393958,0.11648454
793.35288517,0.11416256
793.59184082,0.11047226
793.83080653,0.10703074
794.06978230,0.11084543
794.30876813,0.12307732
794.54776401,0.11434914
794.78676993,0.11611137
795.02578591,0.12457003
795.26481193,0.12386514
795.50384798,0.12034070
795.74289408,0.11772846
795.98195022,0.11636015
796.22101638,0.12143949
796.46009258,0.11727236
796.69917880,0.11538575
796.93827505,0.11766627
797.17738132,0.11683699
797.41649761,0.11613210
797.65562392,0.12328464
797.89476024,0.12291147
798.13390657,0.12330537
798.37306290,0.13049938
798.61222925,0.12233097
798.85140559,0.12962864
799.09059194,0.12521272
799.32978828,0.13134939
799.56899462,0.12575175
799.80821094,0.13004328
800.04743726,0.13414822
800.28667356,0.13052011
800.52591985,0.13367138
800.76517611,0.13093475
801.00444236,0.12969083
801.24371857,0.13321528
801.48300476,0.13000181
801.72230092,0.12867497
801.96160705,0.13292503
802.20092314,0.13404456
802.44024919,0.13613849
802.67958519,0.14739597
802.91893116,0.14857770
803.15828707,0.15554365
803.39765294,0.15807296
803.63702875,0.16566088
803.87641450,0.15322167
804.11581020,0.15838394
804.35521584,0.16309011
804.59463141,0.16678040
804.83405692,0.16599259
805.07349235,0.16760969
805.31293772,0.16273766
805.55239300,0.16526697
805.79185821,0.16489379
806.03133334,0.17098900
806.27081839,0.15950347
806.51031335,0.16348401
806.74981822,0.16501818
806.98933300,0.16022909
807.22885768,0.15769978
807.46839227,0.15500462
807.70793675,0.15156311
807.94749114,0.14965576
808.18705542,0.14654596
808.42662959,0.14575814
808.66621364,0.14011904
808.90580759,0.14067880
809.14541141,0.14028489
809.38502512,0.13848121
809.62464871,0.13452139
809.86428217,0.14246175
810.10392550,0.13290430
810.34357870,0.11851628
810.58324177,0.12473588
810.82291470,0.11302230
811.06259749,0.10624293
811.30229015,0.11092836
811.54199265,0.09977454
811.78170501,0.09253907
812.02142722,0.08526213
812.26115928,0.07717665
812.50090118,0.07462661
812.74065292,0.07074972
812.98041450,0.06548379
813.22018592,0.07209730
813.45996717,0.05638244
813.69975825,0.05511778
813.93955916,0.05242262
814.17936989,0.05314824
814.41919045,0.04622375
814.65902083,0.04989332
814.89886102,0.03886389
815.13871102,0.04342493
815.37857084,0.04155905
815.61844047,0.04288590
815.85831990,0.04564325
816.09820913,0.04162124
816.33810817,0.03820046
816.57801700,0.03865657
816.81793562,0.03857364
817.05786404,0.03614799
817.29780225,0.03108938
817.53775024,0.03113084
817.77770801,0.03061254
818.01767557,0.02642468
818.25765290,0.02839422
818.49764001,0.02464172
818.73763689,0.03104792
818.97764354,0.02721249
819.21765996,0.02928570
819.45768614,0.02764787
819.69772209,0.02478685
819.93776779,0.02731615
820.17782324,0.02460026
820.41788845,0.02654907
820.65796341,0.02192583
820.89804812,0.02215388
821.13814257,0.02555393
821.37824677,0.02880886
821.61836070,0.03017717
821.85848437,0.02976253
822.09861777,0.03817973
822.33876090,0.04292736
822.57891376,0.04477251
822.81907635,0.05030796
823.05924866,0.06028005
823.29943069,0.07006556
823.53962243,0.08179988
823.77982389,0.09631229
824.02003506,0.10877223
824.26025594,0.12477735
824.50048652,0.14519838
824.74072681,0.15069236
824.98097680,0.17115486
825.22123648,0.18058793
825.46150586,0.20183824
825.70178493,0.20513463
825.94207369,0.21056642
826.18237214,0.21572869
826.42268027,0.23152648
826.66299808,0.23853390
826.90332557,0.25176093
827.14366273,0.24800843
827.38400957,0.25375120
827.62436608,0.25001944
827.86473225,0.25955616
828.10510809,0.25207191
828.34549359,0.24883771
828.58588874,0.24883771
828.82629356,0.24896210
829.06670802,0.24937674
829.30713214,0.24937674
829.54756590,0.24431813
829.78800931,0.24807063
830.02846236,0.25174019
830.26892505,0.24684744
830.50939738,0.24340592
830.74987934,0.23619118
830.99037093,0.22719349
831.23087215,0.22874839
831.47138299,0.22634348
831.71190346,0.23048988
831.95243355,0.21962631
832.19297325,0.21409086
832.43352257,0.21396647
832.67408150,0.20807857
832.91465003,0.20148579
833.15522818,0.19043563
833.39581592,0.19000026
833.63641327,0.18821731
833.87702022,0.17917815
834.11763676,0.16966215
834.35826289,0.17144511
834.59889861,0.16721578
834.83954392,0.14691914
835.08019881,0.14109344
835.32086328,0.13321528
835.56153733,0.13091402
835.80222095,0.11613210
836.04291415,0.10848198
836.28361692,0.09641595
836.52432926,0.09135734
836.76505116,0.08032791
837.00578262,0.08602921
837.24652364,0.07856569
837.48727421,0.07543516
837.72803434,0.07114363
837.96880402,0.06755699
838.20958325,0.06817895
838.45037202,0.06915336
838.69117033,0.07130949
838.93197819,0.07224243
839.17279558,0.07130949
839.41362250,0.07960229
839.65445896,0.07854496
839.89530494,0.08051450
840.13616045,0.08090841
840.37702548,0.08227672
840.61790003,0.08698289
840.85878410,0.08764631
841.09967768,0.08418407
841.34058078,0.08412187
841.58149338,0.08179988
841.82241549,0.08271209
842.06334710,0.07939497
842.30428821,0.07839983
842.54523883,0.07441929
842.78619893,0.07199364
843.02716853,0.06965092
843.26814762,0.07338269
843.50913619,0.06593989
843.75013425,0.06533867
843.99114179,0.06643746
844.23215881,0.07060460
844.47318530,0.06681064
844.71422127,0.07618151
844.95526670,0.07193145
845.19632161,0.07334122
845.43738597,0.06492403
845.67845980,0.06832408
845.91954309,0.06374230
846.16063584,0.06274716
846.40173803,0.05828978
846.64284968,0.06513135
846.88397078,0.05582267
847.12510132,0.06090202
847.36624130,0.06316180
847.60739073,0.06073616
847.84854959,0.06075689
848.08971788,0.06571184
848.33089561,0.06728748
848.57208276,0.07130949
848.81327934,0.07665835
849.05448534,0.07906326
849.29570076,0.08596702
849.53692560,0.09790866
849.77815986,0.09768061
850.01940353,0.10769417
850.26065660,0.11074177
850.50191908,0.12226877
850.74319097,0.11687845
850.98447225,0.12407246
851.22576294,0.12703714
851.46706301,0.13530921
851.70837248,0.13506043
851.94969135,0.14642157
852.19101959,0.14664962
852.43235722,0.15809369
852.67370424,0.16760969
852.91506063,0.17055363
853.15642640,0.17577810
853.39780154,0.17455491
853.63918605,0.18025621
853.88057992,0.17965498
854.12198317,0.19066368
854.36339577,0.17845253
854.60481773,0.17967572
854.84624905,0.18272332
855.08768973,0.17768544
855.32913975,0.17295854
855.57059912,0.17094754
855.81206784,0.17241951
856.05354590,0.17107193
856.29503330,0.17074022
856.53653004,0.16667674
856.77803611,0.16752676
857.01955151,0.15454852
857.26107624,0.18226722
857.50261030,0.15554365
857.74415367,0.14893014
857.98570637,0.13968366
858.22726839,0.14227517
858.46883972,0.14045075
858.71042037,0.13914463
858.95201032,0.13083109
859.19360958,0.13037499
859.43521814,0.12616639
859.67683601,0.12782495
859.91846317,0.13972513
860.16009963,0.11389304
860.40174538,0.11333328
860.64340042,0.11592478
860.88506474,0.11478452
861.12673835,0.10906248
861.36842125,0.09917331
861.61011342,0.10412826
861.85181487,0.10232458
862.09352559,0.10110139
862.33524558,0.10230384
862.57697484,0.09765987
862.81871336,0.10533072
863.06046114,0.11018201
863.30221819,0.10325752
863.54398449,0.11194423
863.78576004,0.10524779
864.02754485,0.10356850
864.26933890,0.10147456
864.51114220,0.10182701
864.75295474,0.09960868
864.99477653,0.10887589
865.23660755,0.09944283
865.47844780,0.09330615
865.72029728,0.09307810
865.96215600,0.09243541
866.20402394,0.08942926
866.44590110,0.08913902
866.68778748,0.07869008
866.92968308,0.08310600
867.17158790,0.08470237
867.41350193,0.08238038
867.65542516,0.08335479
867.89735761,0.08530359
868.13929926,0.08503408
868.38125011,0.08517920
868.62321015,0.08797802
868.86517940,0.08814388
869.10715783,0.08223526
869.34914546,0.08530359
869.59114227,0.09328542
869.83314827,0.08756338
870.07516344,0.08920121
870.31718780,0.08895243
870.55922133,0.09318176
870.80126404,0.09061099
871.04331592,0.08685850
871.28537696,0.07920838
871.52744717,0.08049377
871.76952655,0.07887667
872.01161508,0.08449505
872.25371277,0.08223526
872.49581961,0.07147534
872.73793560,0.07651322
872.98006075,0.07265707
873.22219503,0.07346562
873.46433846,0.07379733
873.70649103,0.07394245
873.94865274,0.06593989
874.19082358,0.06513135
874.43300356,0.06929848
874.67519266,0.06683137
874.91739089,0.05708732
875.15959824,0.06021786
875.40181471,0.05171773
875.64404031,0.05785441
875.88627501,0.05262994
876.12851883,0.05391533
876.37077176,0.05227750
876.61303379,0.04788231
876.85530493,0.04933355
877.09758517,0.04468958
877.33987451,0.04935428
877.58217294,0.04672132
877.82448047,0.05022503
878.06679709,0.05781295
878.30912279,0.05333483
878.55145758,0.05878735
878.79380145,0.05967883
879.03615440,0.06057030
879.27851643,0.06614721
879.52088753,0.06564965
879.76326770,0.06554599
880.00565694,0.07373513
880.24805524,0.07224243
880.49046260,0.07715591
880.73287903,0.07491686
880.97530451,0.08466090
881.21773905,0.07873155
881.46018264,0.07665835
881.70263527,0.07931204
881.94509695,0.07781934
882.18756768,0.07674127
882.43004744,0.08136451
882.67253625,0.08225599
882.91503409,0.08182062
883.15754095,0.07651322
883.40005685,0.07332049
883.64258178,0.07786080
883.88511573,0.07574614
884.12765869,0.07564248
884.37021068,0.07394245
884.61277168,0.07669981
884.85534170,0.06992044
885.09792072,0.06467524
885.34050876,0.06048738
885.58310579,0.06479963
885.82571183,0.06001054
886.06832686,0.05464095
886.31095090,0.05907760
886.55358392,0.05768855
886.79622594,0.05424704
887.03887694,0.05242262
887.28153693,0.04856647
887.52420589,0.05188359
887.76688384,0.04612009
888.00957077,0.04622375
888.25226667,0.03915413
888.49497154,0.04137246
888.73768537,0.04311395
888.98040818,0.03679068
889.22313994,0.03486261
889.46588067,0.03751630
889.70863035,0.03208452
889.95138899,0.03208452
890.19415657,0.03247843
890.43693311,0.03405406
890.67971859,0.02943082
890.92251302,0.02775153
891.16531639,0.02754421
891.40812869,0.02391610
891.65094993,0.02516003
891.89378010,0.02938936
892.13661920,0.02540881
892.37946723,0.03098572
892.62232418,0.02766860
892.86519005,0.02999058
893.10806484,0.02988692
893.35094854,0.03784802
893.59384116,0.03357722
893.83674269,0.03679068
894.07965312,0.03938219
894.32257246,0.04114441
894.56550070,0.04350786
894.80843784,0.05198725
895.05138388,0.05043235
895.29433881,0.05213237
895.53730263,0.04941648
895.78027533,0.05758489
896.02325692,0.05086772
896.26624740,0.05186286
896.50924675,0.05188359
896.75225498,0.05752270
896.99527208,0.05532510
897.23829806,0.05781295
897.48133290,0.05824832
897.72437661,0.05764709
897.96742918,0.05903613
898.21049061,0.05557389
898.45356090,0.05321044
898.69664005,0.05598853
898.93972804,0.05229823
899.18282488,0.05916053
899.42593057,0.05845564
899.66904511,0.05654829
899.91216848,0.06193862
900.15530069,0.05669342
900.39844174,0.06098494
900.64159162,0.05354215
900.88475033,0.05615438
901.12791786,0.06370084
901.37109422,0.06218740
901.61427940,0.06455085
901.85747340,0.06556672
902.10067621,0.06763992
902.34388784,0.07473027
902.58710827,0.07346562
902.83033752,0.07230462
903.07357557,0.07526930
903.31682242,0.07400465
903.56007807,0.07684493
903.80334251,0.07922911
904.04661575,0.07676201
904.28989778,0.08179988
904.53318860,0.08696216
904.77648820,0.08366577
905.01979659,0.08681703
905.26311375,0.08430846
905.50643969,0.08694142
905.74977441,0.08795729
905.99311789,0.08557311
906.23647015,0.08893170
906.47983117,0.09073538
906.72320095,0.08787436
906.96657950,0.08704508
907.20996680,0.08379016
907.45336285,0.08708655
907.69676766,0.08760485
907.94018122,0.09019635
908.18360352,0.08395601
908.42703457,0.08685850
908.67047435,0.07960229
908.91392288,0.08022425
909.15738014,0.07939497
909.40084613,0.07674127
909.64432085,0.07945717
909.88780430,0.07920838
910.13129648,0.07754982
910.37479737,0.07924985
910.61830699,0.07539369
910.86182531,0.07516564
911.10535236,0.07211803
911.34888811,0.08173769
911.59243257,0.07410831
911.83598573,0.07927058
912.07954760,0.07831691
912.32311816,0.07750836
912.56669743,0.08009986
912.81028538,0.07694859
913.05388203,0.07924985
913.29748736,0.08306454
913.54110138,0.07912545
913.78472408,0.07875228
914.02835547,0.07873155
914.27199552,0.07902179
914.51564426,0.07566321
914.75930166,0.07261560
915.00296774,0.06911189
915.24664247,0.07186925
915.49032588,0.06838627
915.73401794,0.06558745
915.97771866,0.06705942
916.22142803,0.07114363
916.46514606,0.07079119
916.70887274,0.07207657
916.95260806,0.06693503
917.19635202,0.07918765
917.44010463,0.07512418
917.68386588,0.07672054
917.92763576,0.07568394
918.17141427,0.08741826
918.41520141,0.09131588
918.65899718,0.09162686
918.90280158,0.10025138
919.14661459,0.10754904
919.39043623,0.11405890
919.63426648,0.11689918
919.87810534,0.12527492
920.12195281,0.13497750
920.36580890,0.13383724
920.60967358,0.14227517
920.85354687,0.14818379
921.09742876,0.14638010
921.34131924,0.14366421
921.58521832,0.14853623
921.82912599,0.14412031
922.07304225,0.14803867
922.31696709,0.13787998
922.56090052,0.13398236
922.80484252,0.13149452
923.04879310,0.12446637
923.29275226,0.12226877
923.53671999,0.11747968
923.78069629,0.10472949
924.02468115,0.10050016
924.26867458,0.09007196
924.51267656,0.08084621
924.75668711,0.07249121
925.00070621,0.07021069
925.24473386,0.06139958
925.48877006,0.06096421
925.73281481,0.05640317
925.97686810,0.04835915
926.22092994,0.04763353
926.46500031,0.04323834
926.70907921,0.03745411
926.95316665,0.04004561
927.19726262,0.03405406
927.44136712,0.03697727
927.68548014,0.02955521
927.92960168,0.03208452
928.17373175,0.02704664
928.41787032,0.02644541
928.66201741,0.02538808
928.90617302,0.02196730
929.15033713,0.02151119
929.39450974,0.02008068
929.63869086,0.02059898
929.88288047,0.02070264
930.12707859,0.02120021
930.37128520,0.02665273
930.61550029,0.01925140
930.85972388,0.02341854
931.10395595,0.02439294
931.34819651,0.02310756
931.59244554,0.02594784
931.83670306,0.02590638
932.08096904,0.03096499
932.32524350,0.03102718
932.56952643,0.03610653
932.81381782,0.04145539
933.05811768,0.03747484
933.30242600,0.04761280
933.54674278,0.04415055
933.79106801,0.05070187
934.03540169,0.04829695
934.27974382,0.05163481
934.52409440,0.05542876
934.76845343,0.06001054
935.01282089,0.05254701
935.25719680,0.05663122
935.50158114,0.05858003
935.74597391,0.05464095
935.99037511,0.05383240
936.23478474,0.05304458
936.47920279,0.04908477
936.72362927,0.06096421
936.96806417,0.05339703
937.21250748,0.05957517
937.45695920,0.05860076
937.70141934,0.05080553
937.94588788,0.04765426
938.19036483,0.04825549
938.43485019,0.04850427
938.67934394,0.04956160
938.92384608,0.05043235
939.16835663,0.05267141
939.41287556,0.05196652
939.65740288,0.05719099
939.90193859,0.04489690
940.14648268,0.04624448
940.39103515,0.04139319
940.63559600,0.04661766
940.88016523,0.04166271
941.12474282,0.04444080
941.36932879,0.04236760
941.61392312,0.04738474
941.85852581,0.04628595
942.10313687,0.04464812
942.34775628,0.04429567
942.59238405,0.04435787
942.83702017,0.04456519
943.08166464,0.04867013
943.32631746,0.05128236
943.57097862,0.04582984
943.81564813,0.04549813
944.06032597,0.04545667
944.30501215,0.04155905
944.54970666,0.04638961
944.79440950,0.04313468
945.03912067,0.04311395
945.28384016,0.04597497
945.52856798,0.04334200
945.77330412,0.04425421
946.01804857,0.03612726
946.26280133,0.03502846
946.50756241,0.03927853
946.75233179,0.03745411
946.99710948,0.03739191
947.24189548,0.03753704
947.48668977,0.03672849
947.73149236,0.03855291
947.97630324,0.03585774
948.22112242,0.03623092
948.46594988,0.04251272
948.71078563,0.03589921
948.95562966,0.04585057
949.20048198,0.03857364
949.44534257,0.03909194
949.69021144,0.04025293
949.93508857,0.04346639
950.17997398,0.03998341
950.42486766,0.03828339
950.66976959,0.04392250
950.91467979,0.03940292
951.15959825,0.04097855
951.40452496,0.03712240
951.64945993,0.03610653
951.89440314,0.03712240
952.13935461,0.03363942
952.38431431,0.03050888
952.62928226,0.02656980
952.87425845,0.02795885
953.11924287,0.03187720
953.36423553,0.02889179
953.60923642,0.02495271
953.85424553,0.02462099
954.09926287,0.02229901
954.34428843,0.01995629
954.58932222,0.01854651
954.83436421,0.02244413
955.07941443,0.01877457
955.32447285,0.01838066
955.56953948,0.02074411
955.81461432,0.02124167
956.05969736,0.01626599
956.30478860,0.01180861
956.54988803,0.01477329
956.79499567,0.01452450
957.04011149,0.01566476
957.28523550,0.01180861
957.53036770,0.01435865
957.77550808,0.01114518
958.02065664,0.01299033
958.26581338,0.01153909
958.51097830,0.01469036
958.75615139,0.01315619
959.00133264,0.01556110
959.24652207,0.01172568
959.49171965,0.01699161
959.73692540,0.01471109
959.98213931,0.01487695
960.22736137,0.01431718
960.47259159,0.01908555
960.71782995,0.04670059
960.96307647,0.01829773
961.20833112,0.01943799
961.45359392,0.02350146
961.69886486,0.02447587
961.94414394,0.02594784
962.18943115,0.02671493
962.43472648,0.02476612
962.68002995,0.02907838
962.92534154,0.02820763
963.17066126,0.02634175
963.41598909,0.02793811
963.66132504,0.02679785
963.90666911,0.03241623
964.15202128,0.03096499
964.39738157,0.03979683
964.64274996,0.03444797
964.88812645,0.03950658
965.13351104,0.03336990
965.37890374,0.03944438
965.62430452,0.03708093
965.86971340,0.03869803
966.11513036,0.04097855
966.36055542,0.03873949
966.60598855,0.04253345
966.85142977,0.03784802
967.09687907,0.03967243
967.34233644,0.03923706
967.58780188,0.04000415
967.83327539,0.04043952
968.07875697,0.04620302
968.32424661,0.04692864
968.56974432,0.04112368
968.81525008,0.04131026
969.06076390,0.03946511
969.30628577,0.04170417
969.55181570,0.04365298
969.79735367,0.04670059
970.04289968,0.03853217
970.28845374,0.04502129
970.53401583,0.04537374
970.77958597,0.05010064
971.02516413,0.04415055
971.27075033,0.04417128
971.51634455,0.04495910
971.76194680,0.05329337
972.00755708,0.04893964
972.25317537,0.05298239
972.49880168,0.05136529
972.74443600,0.04958234
972.99007834,0.04709449
973.23572868,0.05312751
973.48138703,0.05403972
973.72705338,0.04767499
973.97272774,0.05026649
974.21841009,0.05157261
974.46410043,0.05453729
974.70979877,0.05080553
974.95550510,0.04572618
975.20121941,0.04989332
975.44694171,0.04690791
975.69267199,0.04697010
975.93841024,0.04997624
976.18415647,0.05717025
976.42991068,0.05520071
976.67567285,0.05041162
976.92144299,0.04464812
977.16722110,0.04580911
977.41300717,0.05180066
977.65880119,0.05022503
977.90460317,0.04357005
978.15041311,0.05078479
978.39623099,0.04690791
978.64205683,0.04719815
978.88789061,0.04462739
979.13373233,0.04840061
979.37958199,0.04346639
979.62543958,0.04014927
979.87130511,0.04311395
980.11717857,0.04616155
980.36305996,0.04191149
980.60894928,0.04195296
980.85484651,0.03911267
981.10075167,0.03969317
981.34666475,0.03764070
981.59258573,0.03732972
981.83851463,0.03355649
982.08445144,0.03071620
982.33039616,0.02847715
982.57634878,0.02677712
982.82230930,0.02499417
983.06827771,0.02574052
983.31425403,0.02783445
983.56023823,0.02675639
983.80623032,0.02723323
984.05223031,0.02169778
984.29823817,0.02209169
984.54425391,0.02173924
984.79027754,0.01572696
985.03630904,0.02188437
985.28234841,0.01877457
985.52839565,0.02420635
985.77445076,0.02277584
986.02051374,0.02565759
986.26658457,0.02122094
986.51266327,0.02669419
986.75874982,0.02532588
987.00484422,0.02605150
987.25094647,0.03094426
987.49705658,0.03158695
987.74317452,0.02795885
987.98930031,0.02868447
988.23543394,0.03071620
988.48157541,0.02843568
988.72772471,0.03200159
988.97388184,0.03596140
989.22004680,0.02702591
989.46621959,0.03604433
989.71240020,0.03243696
989.95858862,0.03560896
990.20478487,0.03372235
990.45098893,0.04087489
990.69720080,0.03303819
990.94342048,0.03276867
991.18964797,0.02920277
991.43588326,0.03266501
991.68212635,0.02706737
991.92837724,0.02986619
992.17463593,0.03148329
992.42090240,0.02984546
992.66717667,0.02426855
992.91345872,0.02464172
993.15974856,0.02132460
993.40604618,0.02451733
993.65235158,0.02010141
993.89866475,0.02020507
994.14498570,0.02051605
994.39131441,0.01796602
994.63765090,0.01920994
994.88399515,0.01883676
995.13034716,0.02068191
995.37670693,0.01985263
995.62307445,0.01614160
995.86944973,0.01367449
996.11583276,0.01299033
996.36222354,0.01697088
996.60862206,0.01703308
996.85502833,0.01904408
997.10144233,0.01647331
997.34786408,0.01413059
997.59429355,0.01825626
997.84073076,0.01645258
998.08717570,0.01023298
998.33362836,0.01390254
998.58008875,0.01325985
998.82655685,0.01583062
999.07303267,0.02082703
999.31951621,0.01668063
999.56600746,0.01197447
999.81250642,0.01180861
1000.05901309,0.00934150
1000.30552746,0.01404767
1000.55204953,0.01095860
1000.79857929,0.01379888
1001.04511676,0.01491841
1001.29166191,0.01684649
1001.53821476,0.00760001
1001.78477529,0.01520866
1002.03134351,0.01166348
1002.27791941,0.01402693
1002.52450299,0.01344644
1002.77109424,0.01263789
1003.01769317,0.00992200
1003.26429976,0.01309399
1003.51091403,0.01137324
1003.75753596,0.01444157
1004.00416555,0.01120738
1004.25080280,0.01721966
1004.49744771,0.01543671
1004.74410027,0.01046103
1004.99076048,0.01006712
1005.23742834,0.00934150
1005.48410384,0.01560257
1005.73078699,0.01097933
1005.97747778,0.01303180
1006.22417620,0.01236837
1006.47088226,0.01114518
1006.71759595,0.01508427
1006.96431727,0.01632819
1007.21104622,0.01415133
1007.45778279,0.01485621
1007.70452698,0.00876100
1007.95127879,0.01371595
1008.19803821,0.01253423
1008.44480524,0.01556110
1008.69157988,0.01719893
1008.93836213,0.01583062
1009.18515199,0.01133177
1009.43194944,0.01325985
1009.67875450,0.01346717
1009.92556715,0.01122811
1010.17238739,0.01549891
1010.41921522,0.01769650
1010.66605064,0.01500134
1010.91289364,0.01365376
1011.15974422,0.01381961
1011.40660239,0.01359156
1011.65346813,0.01359156
1011.90034144,0.02093069
1012.14722232,0.01518793
1012.39411078,0.01580989
1012.64100679,0.01713674
1012.88791037,0.02024654
1013.13482151,0.01522939
1013.38174020,0.01738552
1013.62866645,0.02047459
1013.87560025,0.02260999
1014.12254160,0.01894042
1014.36949049,0.02128314
1014.61644693,0.02594784
1014.86341091,0.02319048
1015.11038242,0.02231974
1015.35736147,0.02381244
1015.60434805,0.02142826
1015.85134216,0.01891969
1016.09834379,0.01755138
1016.34535295,0.01927213
1016.59236963,0.01867091
1016.83939383,0.01867091
1017.08642554,0.02080630
1017.33346476,0.02084777
1017.58051150,0.01780016
1017.82756574,0.01299033
1018.07462748,0.01388181
1018.32169673,0.01738552
1018.56877347,0.01612087
1018.81585771,0.01844285
1019.06294945,0.01448304
1019.31004867,0.01070981
1019.55715538,0.00867808
1019.80426957,0.01556110
1020.05139125,0.01607940
1020.29852041,0.01527086
1020.54565704,0.00818051
1020.79280114,0.00969394
1021.03995272,0.00704025
1021.28711177,0.01427572
1021.53427828,0.00735123
1021.78145225,0.01207813
1022.02863368,0.00884393
1022.27582257,0.00672927
1022.52301891,0.01307326
1022.77022270,0.01068908
1023.01743395,0.00679146
1023.26465263,0.00733049
1023.51187876,0.00158773
1023.75911234,0.00712317
1024.00635335,0.00513290
1024.25360179,0.00699878
1024.50085766,0.00407557
1024.74812097,0.00737196
1024.99539170,0.00467680
1025.24266985,0.00733049
1025.48995543,0.00492558
1025.73724842,0.00509144
1025.98454883,0.00755855
1026.23185665,0.00208529
1026.47917188,0.00295604
1026.72649452,0.00857441
1026.97382456,0.00600365
1027.22116200,0.00212676
1027.46850685,0.00152553
1027.71585908,0.00422069
1027.96321872,0.00274872
1028.21058574,0.00100723
1028.45796014,-0.01207467
1028.70534194,-0.01340152
1028.95273111,-0.01110027
1029.20012767,-0.01232345
1029.44753160,-0.01197101
1029.69494290,-0.01062343
