198.80933475,0.00700216
199.01143578,0.00768412
199.21355429,0.00156713
199.41569028,-0.00037542
199.61784374,0.00233176
199.82001468,0.00074051
200.02220309,0.00210444
200.22440896,0.00038920
200.42663230,0.00212510
200.62887310,0.00212510
200.83113136,0.00317904
201.03340708,0.00113316
201.23570025,0.00208377
201.43801087,0.00361302
201.64033894,0.00338570
201.84268445,0.00357169
202.04504741,0.00233176
202.24742780,0.00264174
202.44982564,0.00191845
202.65224090,-0.00264863
202.85467360,0.00425365
203.05712372,0.00353036
203.25959128,0.00009988
203.46207625,0.00441897
203.66457864,0.00160846
203.86709846,0.00406766
204.06963568,0.00532825
204.27219032,0.00365435
204.47476237,0.00214577
204.67735182,0.00152580
204.87995868,0.00888272
205.08258293,0.00508027
205.28522459,0.00313771
205.48788364,0.00179445
205.69056008,0.00270374
205.89325391,0.00632020
206.09596513,0.00127782
206.29869374,0.00520426
206.50143972,0.00464629
206.70420308,0.00253841
206.90698382,0.00121582
207.10978194,0.00109183
207.31259742,0.00625820
207.51543027,-0.00083006
207.71828048,0.00390233
207.92114806,0.00251775
208.12403299,0.00722948
208.32693528,0.00243508
208.52985493,0.00226976
208.73279193,-0.00161535
208.93574627,0.00760146
209.13871796,0.00539025
209.34170699,0.00175312
209.54471336,0.00059586
209.74773707,0.00369568
209.95077811,0.00078184
210.15383649,0.00040987
210.35691219,0.00239375
210.56000522,0.00472895
210.76311557,0.00040987
210.96624324,0.00598955
211.16938823,-0.00072674
211.37255053,0.00218710
211.57573015,0.00100917
211.77892707,0.00406766
211.98214130,0.00156713
212.18537284,0.00160846
212.38862167,0.00047186
212.59188781,0.00028587
212.79517124,0.00009988
212.99847196,0.00053386
213.20178997,0.00373701
213.40512527,0.00524559
213.60847785,0.00047186
213.81184772,0.00243508
214.01523486,-0.00182201
214.21863928,0.00334437
214.42206097,0.00474962
214.62549993,0.00193911
214.82895616,0.00065785
215.03242966,0.00206311
215.23592042,0.00063719
215.43942843,0.00324104
215.64295370,0.00249708
215.84649623,0.00394367
216.05005601,0.00485295
216.25363303,0.00280706
216.45722731,0.00288973
216.66083882,-0.00021010
216.86446757,0.00266240
217.06811356,0.00020321
217.27177679,0.00547291
217.47545724,0.00274507
217.67915493,0.00131915
217.88286984,0.00309638
218.08660198,0.00381967
218.29035133,0.00590689
218.49411790,0.00733281
218.69790169,0.00286906
218.90170269,0.00483228
219.10552090,0.00495628
219.30935632,0.00423298
219.51320894,0.00237309
219.71707876,0.00233176
219.92096578,0.00561757
220.12486999,0.00069918
220.32879140,0.00598955
220.53272999,-0.00025143
220.73668578,0.00379901
220.94065875,0.00532825
221.14464890,0.00092650
221.34865623,0.00251775
221.55268073,0.00096783
221.75672241,-0.00097472
221.96078126,0.00090584
222.16485728,-0.00184267
222.36895046,0.00082318
222.57306080,0.00419165
222.77718831,0.00181512
222.98133297,-0.00049942
223.18549478,0.00330304
223.38967375,-0.00147069
223.59386986,0.00183579
223.79808312,0.00146381
224.00231352,0.00148447
224.20656106,0.00402633
224.41082574,0.00464629
224.61510756,0.00698149
224.81940650,-0.00114005
225.02372258,0.00136048
225.22805578,0.00113316
225.43240610,-0.00184267
225.63677355,0.00239375
225.84115811,0.00014121
226.04555979,0.00332370
226.24997858,-0.00021010
226.45441448,0.00189778
226.65886748,0.00526626
226.86333759,0.00237309
227.06782480,0.00200111
227.27232911,0.00171179
227.47685052,0.00179445
227.68138902,0.00446030
227.88594461,-0.00060274
228.09051728,0.00187712
228.29510704,0.00243508
228.49971389,0.00642353
228.70433781,0.00245575
228.90897881,0.00338570
229.11363688,0.00076118
229.31831202,0.00472895
229.52300423,0.00396433
229.72771350,0.00284839
229.93243984,0.00040987
230.13718324,0.00164980
230.34194369,0.00113316
230.54672120,0.00505960
230.75151576,0.00286906
230.95632737,0.00489428
231.16115602,0.00094717
231.36600172,0.00032720
231.57086446,0.00036853
231.77574423,0.00324104
231.98064104,-0.00169802
232.18555488,0.00076118
232.39048575,0.00303438
232.59543365,-0.00151203
232.80039857,-0.00025143
233.00538051,0.00288973
233.21037947,0.00293106
233.41539544,0.01704559
233.62042843,0.00053386
233.82547842,0.00260041
234.03054543,0.00727081
234.23562943,-0.00029276
234.44073044,0.00082318
234.64584845,0.00373701
234.85098345,0.00171179
235.05613545,0.00220776
235.26130444,0.00363368
235.46649041,0.00028587
235.67169337,0.00522493
235.87691331,0.00508027
236.08215023,0.00049253
236.28740413,0.00336503
236.49267500,0.00102983
236.69796284,-0.00157402
236.90326765,0.00311705
237.10858942,0.00243508
237.31392816,0.00202177
237.51928386,0.00499761
237.72465651,0.00105050
237.93004612,0.00092650
238.13545268,0.00092650
238.34087619,0.00439831
238.54631664,0.00257974
238.75177404,0.00074051
238.95724838,-0.00140870
239.16273965,0.00419165
239.36824786,0.00642353
239.57377300,0.00346836
239.77931508,0.00423298
239.98487407,0.00330304
240.19045000,0.00388167
240.39604284,0.00330304
240.60165260,-0.00157402
240.80727928,0.00251775
241.01292287,0.00171179
241.21858337,0.00390233
241.42426077,0.00326170
241.62995508,0.00293106
241.83566630,0.00045120
242.04139441,0.00241442
242.24713941,0.00142248
242.45290131,0.00061652
242.65868010,0.00338570
242.86447578,-0.00021010
243.07028835,0.00410899
243.27611779,0.00609288
243.48196412,0.00479095
243.68782732,0.00183579
243.89370739,0.00045120
244.09960434,0.00100917
244.30551816,0.00470829
244.51144884,0.00241442
244.71739638,0.00074051
244.92336078,0.00247642
245.12934204,0.00342703
245.33534016,0.00109183
245.54135512,-0.00018943
245.74738694,0.00169113
245.95343560,0.00138114
246.15950110,0.00605155
246.36558345,0.00144314
246.57168263,0.00313771
246.77779865,0.00177379
246.98393150,0.00415032
247.19008118,0.00144314
247.39624769,0.00450163
247.60243102,0.00510093
247.80863117,0.00582423
248.01484814,0.00125715
248.22108192,0.00150514
248.42733252,-0.00122271
248.63359993,-0.00045809
248.83988415,-0.00188400
249.04618517,0.00625820
249.25250299,-0.00033409
249.45883761,0.00045120
249.66518903,0.00324104
249.87155724,-0.00120204
250.07794224,0.00454297
250.28434403,0.00402633
250.49076260,0.00580356
250.69719796,-0.00078873
250.90365009,-0.00105738
251.11011901,-0.00087140
251.31660469,0.00307571
251.52310715,0.00334437
251.72962638,0.00313771
251.93616237,0.00059586
252.14271513,0.00123649
252.34928464,0.00146381
252.55587091,-0.00037542
252.76247394,0.00208377
252.96909372,0.00193911
253.17573025,0.00131915
253.38238352,0.00183579
253.58905354,0.00319971
253.79574030,0.00195978
254.00244380,0.00450163
254.20916403,0.00840741
254.41590099,0.00493561
254.62265469,0.00202177
254.82942511,-0.00062341
255.03621225,0.00100917
255.24301612,0.00133981
255.44983670,-0.00072674
255.65667400,0.00326170
255.86352802,0.00061652
256.07039874,0.00121582
256.27728617,0.00032720
256.48419031,0.00280706
256.69111115,0.00266240
256.89804868,0.00096783
257.10500292,0.00063719
257.31197384,0.00398500
257.51896146,0.00760146
257.72596577,-0.00085073
257.93298676,0.00198044
258.14002443,0.00357169
258.34707878,0.00065785
258.55414981,0.00036853
258.76123752,0.00206311
258.96834190,0.00625820
259.17546294,0.00036853
259.38260065,0.00009988
259.58975502,-0.00021010
259.79692606,0.00119515
260.00411375,0.00069918
260.21131810,-0.00099539
260.41853909,0.00348902
260.62577674,0.00212510
260.83303103,0.00183579
261.04030197,-0.00217332
261.24758955,-0.00016877
261.45489377,0.00115382
261.66221462,0.00293106
261.86955210,0.00423298
262.07690622,0.00175312
262.28427696,-0.00078873
262.49166433,-0.00176001
262.69906831,0.00495628
262.90648892,-0.00087140
263.11392614,0.00067852
263.32137998,0.00375768
263.52885042,0.00427431
263.73633747,0.00439831
263.94384113,-0.00062341
264.15136139,0.00392300
264.35889825,0.00766346
264.56645171,0.00257974
264.77402176,0.00237309
264.98160840,0.00074051
265.18921163,-0.00033409
265.39683144,-0.00083006
265.60446784,0.00749813
265.81212081,-0.00012744
266.01979037,0.00233176
266.22747650,0.00009988
266.43517920,0.00400566
266.64289847,0.00133981
266.85063430,0.00119515
267.05838670,0.00020321
267.26615566,0.00322037
267.47394117,-0.00182201
267.68174324,0.00007922
267.88956187,0.00342703
268.09739704,0.00297239
268.30524876,0.00282773
268.51311702,0.00524559
268.72100183,-0.00080940
268.92890317,0.00012055
269.13682105,-0.00054075
269.34475546,-0.00194600
269.55270640,0.00018255
269.76067387,0.00193911
269.96865786,-0.00099539
270.17665838,-0.00029276
270.38467541,0.00193911
270.59270896,0.00078184
270.80075902,0.00119515
271.00882560,0.00322037
271.21690868,0.00045120
271.42500826,0.00131915
271.63312435,0.00125715
271.84125694,0.00309638
272.04940602,0.00491494
272.25757160,0.00208377
272.46575367,0.00470829
272.67395223,0.00226976
272.88216727,0.00012055
273.09039880,0.00572090
273.29864681,0.00057519
273.50691129,0.00181512
273.71519225,0.00268307
273.92348968,0.00090584
274.13180358,0.00063719
274.34013395,-0.00035476
274.54848077,0.00264174
274.75684406,0.00208377
274.96522381,0.00375768
275.17362001,-0.00171868
275.38203267,0.00315838
275.59046177,0.00189778
275.79890732,0.00003789
276.00736932,0.00121582
276.21584776,-0.00169802
276.42434263,0.00053386
276.63285394,-0.00469451
276.84138169,0.00059586
277.04992586,0.00218710
277.25848646,0.00121582
277.46706349,0.00138114
277.67565694,-0.00304127
277.88426680,0.00022388
278.09289309,0.00053386
278.30153578,0.00007922
278.51019489,0.00491494
278.71887041,0.00074051
278.92756233,0.00357169
279.13627065,0.00464629
279.34499537,0.00293106
279.55373649,0.00437764
279.76249401,0.00958535
279.97126791,0.00111249
280.18005820,-0.00006544
280.38886488,0.00268307
280.59768795,-0.00070607
280.80652739,0.00307571
281.01538321,0.00084384
281.22425540,0.00189778
281.43314397,0.00185645
281.64204891,-0.00054075
281.85097021,0.00239375
282.05990788,0.00210444
282.26886190,0.00301372
282.47783229,-0.00213199
282.68681903,0.00274507
282.89582212,0.00162913
283.10484156,0.00160846
283.31387735,0.00003789
283.52292949,-0.00010677
283.73199796,0.00127782
283.94108277,0.00404699
284.15018392,-0.00002411
284.35930141,0.00078184
284.56843522,0.00181512
284.77758536,0.00229043
284.98675183,0.00193911
285.19593461,0.00698149
285.40513372,0.00582423
285.61434914,0.00332370
285.82358088,-0.00343392
286.03282893,0.00129848
286.24209328,0.00282773
286.45137395,0.00028587
286.66067091,0.00297239
286.86998417,0.00088517
287.07931373,0.00350969
287.28865959,0.00268307
287.49802174,0.00245575
287.70740017,0.00016188
287.91679489,0.00030654
288.12620590,0.00278640
288.33563318,-0.00252463
288.54507675,0.00377834
288.75453658,-0.00126404
288.96401269,0.00026521
289.17350507,0.00040987
289.38301372,0.00195978
289.59253863,-0.00027210
289.80207980,0.00576223
290.01163723,0.00148447
290.22121091,0.00158780
290.43080085,0.00270374
290.64040703,0.00127782
290.85002947,0.00177379
291.05966815,0.00565890
291.26932307,0.00514226
291.47899422,0.00237309
291.68868162,0.00388167
291.89838525,0.00086451
292.10810511,0.00524559
292.31784119,0.00109183
292.52759350,-0.00105738
292.73736204,0.00220776
292.94714679,0.00127782
293.15694776,0.00086451
293.36676494,0.00127782
293.57659834,0.00051319
293.78644794,-0.00083006
293.99631375,-0.00087140
294.20619576,0.00499761
294.41609397,0.00619621
294.62600838,0.00154647
294.83593898,0.00253841
295.04588578,-0.00099539
295.25584876,-0.00047875
295.46582793,0.00092650
295.67582328,0.00326170
295.88583481,-0.00041675
296.09586253,0.00001722
296.30590641,0.00131915
296.51596647,0.00102983
296.72604270,0.00001722
296.93613509,0.00394367
297.14624365,-0.00485984
297.35636837,-0.00068541
297.56650925,0.00086451
297.77666629,0.00061652
297.98683947,-0.00202866
298.19702881,0.00276573
298.40723429,0.00262107
298.61745592,0.00241442
298.82769369,0.00458430
299.03794760,0.00689883
299.24821765,-0.00087140
299.45850383,0.00332370
299.66880614,0.00119515
299.87912458,-0.00140870
300.08945914,-0.00184267
300.29980983,0.00359235
300.51017663,0.00282773
300.72055955,0.00625820
300.93095859,0.00154647
301.14137374,0.00096783
301.35180499,-0.00074740
301.56225235,0.00080251
301.77271582,-0.00322726
301.98319538,0.01028797
302.19369105,-0.00155336
302.40420280,-0.00062341
302.61473065,0.00303438
302.82527459,0.00257974
303.03583461,-0.00308260
303.24641072,-0.00070607
303.45700291,0.00162913
303.66761117,0.00189778
303.87823552,0.00456363
304.08887593,0.00115382
304.29953241,-0.00018943
304.51020496,-0.00161535
304.72089358,0.00495628
304.93159825,0.00189778
305.14231899,0.00032720
305.35305578,0.00534892
305.56380862,0.00187712
305.77457752,0.00154647
305.98536246,0.00043053
306.19616344,0.00162913
306.40698047,0.00189778
306.61781354,-0.00021010
306.82866264,0.00185645
307.03952778,0.00229043
307.25040895,0.00307571
307.46130614,0.00171179
307.67221937,0.00074051
307.88314861,0.00016188
308.09409387,0.00406766
308.30505515,0.00379901
308.51603245,0.00415032
308.72702576,0.00069918
308.93803507,-0.00045809
309.14906039,0.00113316
309.36010172,0.00156713
309.57115904,0.00313771
309.78223236,0.00057519
309.99332168,0.00123649
310.20442699,0.00384034
310.41554829,0.00063719
310.62668557,-0.00109872
310.83783884,0.00288973
311.04900809,-0.00262796
311.26019332,-0.00085073
311.47139452,0.00059586
311.68261169,0.00317904
311.89384484,0.00379901
312.10509395,0.00181512
312.31635903,0.00301372
312.52764007,0.00098850
312.73893706,-0.00002411
312.95025002,0.00026521
313.16157892,-0.00153269
313.37292378,0.00485295
313.58428458,0.00125715
313.79566133,0.00107116
314.00705402,0.00355102
314.21846266,0.00142248
314.42988722,-0.00074740
314.64132772,0.00173246
314.85278416,-0.00041675
315.06425652,0.00784944
315.27574480,-0.00093339
315.48724901,0.00249708
315.69876914,0.00034787
315.91030518,0.00342703
316.12185715,0.00078184
316.33342502,0.00169113
316.54500880,0.00220776
316.75660848,0.00220776
316.96822407,0.00185645
317.17985556,0.00005855
317.39150295,0.00173246
317.60316624,0.00100917
317.81484541,0.00028587
318.02654048,0.00247642
318.23825143,0.00169113
318.44997826,0.00020321
318.66172098,0.00317904
318.87347957,0.00520426
319.08525404,0.00131915
319.29704439,0.00390233
319.50885060,0.00111249
319.72067268,0.00369568
319.93251063,0.00001722
320.14436443,0.00162913
320.35623410,0.00576223
320.56811962,0.00251775
320.78002100,-0.00078873
320.99193822,-0.00105738
321.20387130,-0.00033409
321.41582021,0.00107116
321.62778498,0.00396433
321.83976558,0.00146381
322.05176201,0.00299305
322.26377428,0.00034787
322.47580239,0.00392300
322.68784632,0.00357169
322.89990607,0.00243508
323.11198165,0.00059586
323.32407305,0.00249708
323.53618027,0.00185645
323.74830330,0.00111249
323.96044215,0.00140181
324.17259680,0.00512160
324.38476726,0.00415032
324.59695352,-0.00062341
324.80915558,0.00204244
325.02137344,-0.00025143
325.23360710,0.00045120
325.44585655,0.00363368
325.65812178,0.00452230
325.87040281,-0.00231798
326.08269962,0.00198044
326.29501221,-0.00169802
326.50734058,0.00516293
326.71968472,-0.00072674
326.93204464,0.00553491
327.14442032,0.00384034
327.35681178,0.00417099
327.56921900,0.00158780
327.78164198,0.00152580
327.99408072,-0.00151203
328.20653522,0.00018255
328.41900547,0.00094717
328.63149147,0.00195978
328.84399322,0.00086451
329.05651071,0.00028587
329.26904395,-0.00023076
329.48159293,0.00313771
329.69415764,-0.00037542
329.90673809,0.00332370
330.11933427,-0.00054075
330.33194617,0.00336503
330.54457381,-0.00008611
330.75721716,-0.00093339
330.96987624,0.00055452
331.18255104,0.00270374
331.39524154,0.00623754
331.60794777,0.00181512
331.82066970,-0.00008611
332.03340733,0.00071985
332.24616067,0.00458430
332.45892971,0.00146381
332.67171445,0.00470829
332.88451489,0.00340636
333.09733102,0.00148447
333.31016283,0.00096783
333.52301034,-0.00097472
333.73587352,0.00086451
333.94875239,-0.00337192
334.16164694,0.00009988
334.37455717,-0.00392989
334.58748306,0.00303438
334.80042463,0.00491494
335.01338187,-0.00124337
335.22635477,0.00253841
335.43934333,0.00212510
335.65234755,0.00514226
335.86536743,0.00472895
336.07840296,0.00150514
336.29145415,0.00001722
336.50452098,0.00133981
336.71760345,0.00235242
336.93070157,0.00142248
337.14381533,-0.00136737
337.35694473,0.00067852
337.57008976,0.00406766
337.78325042,0.00241442
337.99642671,0.00007922
338.20961863,0.00216643
338.42282617,0.00336503
338.63604933,-0.00285528
338.84928810,0.00024454
339.06254250,0.00189778
339.27581250,0.00344769
339.48909812,0.00288973
339.70239934,0.00477029
339.91571616,0.00061652
340.12904859,0.00235242
340.34239661,-0.00178068
340.55576023,0.00224910
340.76913945,0.00299305
340.98253425,0.00266240
341.19594464,0.00295172
341.40937061,-0.00033409
341.62281217,0.00069918
341.83626930,0.00629953
342.04974201,0.00154647
342.26323030,0.00034787
342.47673415,0.00268307
342.69025357,0.00601022
342.90378856,-0.00103672
343.11733911,0.00460496
343.33090522,0.00204244
343.54448688,0.00264174
343.75808410,-0.00043742
343.97169687,0.00220776
344.18532519,0.00092650
344.39896906,0.00355102
344.61262847,-0.00029276
344.82630341,0.00342703
345.03999390,0.00313771
345.25369992,0.00367501
345.46742147,0.00795277
345.68115855,0.00384034
345.89491115,0.00160846
346.10867928,0.00125715
346.32246293,0.00386100
346.53626210,-0.00128471
346.75007679,-0.00045809
346.96390698,0.00214577
347.17775269,0.00187712
347.39161390,-0.00056141
347.60549061,0.00408832
347.81938283,0.00047186
348.03329055,0.00394367
348.24721376,0.00148447
348.46115246,0.00450163
348.67510665,-0.00056141
348.88907634,0.00109183
349.10306150,0.00043053
349.31706215,-0.00118138
349.53107828,0.00123649
349.74510988,0.00241442
349.95915696,0.00392300
350.17321950,0.00260041
350.38729752,0.00590689
350.60139100,-0.00060274
350.81549994,0.00047186
351.02962435,-0.00159469
351.24376421,0.00243508
351.45791952,0.00020321
351.67209028,0.00105050
351.88627650,-0.00078873
352.10047816,-0.00002411
352.31469526,0.00189778
352.52892780,0.00276573
352.74317578,0.00462563
352.95743919,0.00162913
353.17171804,0.00200111
353.38601232,0.00462563
353.60032202,-0.00080940
353.81464714,0.00611354
354.02898769,-0.00122271
354.24334365,-0.00147069
354.45771503,-0.00186334
354.67210182,0.00425365
354.88650403,0.00601022
355.10092164,0.00346836
355.31535465,-0.00153269
355.52980306,0.00975067
355.74426687,0.00185645
355.95874608,0.00348902
356.17324069,0.00415032
356.38775068,-0.00099539
356.60227606,0.00198044
356.81681682,-0.00107805
357.03137297,-0.00066474
357.24594449,0.00127782
357.46053139,0.00441897
357.67513367,0.00464629
357.88975132,0.00400566
358.10438433,0.00067852
358.31903271,0.00195978
358.53369645,0.00158780
358.74837556,-0.00388856
358.96307002,0.00324104
359.17777983,-0.00204933
359.39250499,0.00210444
359.60724551,0.00193911
359.82200137,0.00309638
360.03677257,0.00065785
360.25155911,-0.00002411
360.46636100,0.00136048
360.68117821,-0.00155336
360.89601076,-0.00182201
361.11085864,0.00282773
361.32572184,-0.00233865
361.54060037,0.00226976
361.75549422,0.00330304
361.97040338,0.00400566
362.18532786,0.00427431
362.40026766,-0.00163602
362.61522276,0.00150514
362.83019318,0.00526626
363.04517889,0.00082318
363.26017991,0.00111249
363.47519623,-0.00066474
363.69022784,0.00245575
363.90527474,0.00065785
364.12033694,0.00532825
364.33541442,-0.00122271
364.55050719,-0.00068541
364.76561524,-0.00151203
364.98073857,0.00307571
365.19587718,0.00061652
365.41103106,0.00005855
365.62620021,-0.00027210
365.84138463,-0.00029276
366.05658432,0.00107116
366.27179927,0.00481162
366.48702948,0.00012055
366.70227494,0.00123649
366.91753566,0.00069918
367.13281163,0.00088517
367.34810285,-0.00200800
367.56340932,-0.00037542
367.77873103,0.00067852
367.99406798,0.00156713
368.20942017,0.00020321
368.42478759,0.00125715
368.64017025,0.00032720
368.85556813,0.00243508
369.07098125,0.00032720
369.28640958,0.00231109
369.50185314,0.00125715
369.71731191,0.00043053
369.93278590,-0.00285528
370.14827511,0.00152580
370.36377952,-0.00178068
370.57929914,-0.00012744
370.79483397,0.00412966
371.01038400,0.00131915
371.22594922,0.00094717
371.44152965,0.00016188
371.65712526,0.00193911
371.87273607,-0.00095406
372.08836206,0.00117449
372.30400324,0.00361302
372.51965960,-0.00159469
372.73533114,0.00255908
372.95101786,-0.00074740
373.16671976,0.00334437
373.38243682,0.00421232
373.59816905,0.00324104
373.81391645,-0.00062341
374.02967901,0.00286906
374.24545673,-0.00035476
374.46124961,-0.00217332
374.67705764,0.00123649
374.89288082,0.00047186
375.10871916,0.00179445
375.32457264,-0.00004478
375.54044126,0.00018255
375.75632503,0.00483228
375.97222393,0.00154647
376.18813797,-0.00217332
376.40406713,0.00111249
376.62001143,0.00001722
376.83597086,-0.00219399
377.05194541,0.00169113
377.26793508,0.00098850
377.48393987,0.00324104
377.69995978,0.00344769
377.91599480,-0.00010677
378.13204493,0.00140181
378.34811016,0.00297239
378.56419050,0.00359235
378.78028595,0.00253841
378.99639649,-0.00089206
379.21252213,-0.00122271
379.42866286,0.00094717
379.64481868,-0.00072674
379.86098960,0.00466696
380.07717559,0.00119515
380.29337667,0.00164980
380.50959283,-0.00114005
380.72582407,0.00144314
380.94207038,0.00150514
381.15833176,0.00222843
381.37460821,0.00123649
381.59089972,0.00057519
381.80720630,0.00133981
382.02352794,-0.00072674
382.23986464,0.00297239
382.45621639,-0.00008611
382.67258319,-0.00004478
382.88896505,0.00067852
383.10536195,0.00260041
383.32177389,0.00065785
383.53820087,0.00224910
383.75464289,0.00152580
383.97109995,0.00202177
384.18757204,-0.00151203
384.40405916,0.00098850
384.62056131,-0.00299994
384.83707848,0.00136048
385.05361067,0.00239375
385.27015788,0.00171179
385.48672011,0.00466696
385.70329735,0.00410899
385.91988960,0.00162913
386.13649686,-0.00060274
386.35311912,0.00396433
386.56975639,0.00237309
386.78640865,0.00220776
387.00307592,0.00053386
387.21975817,-0.00182201
387.43645542,0.00239375
387.65316765,-0.00060274
387.86989487,0.00291039
388.08663707,0.00092650
388.30339426,0.00061652
388.52016641,0.00136048
388.73695355,0.00388167
388.95375565,0.00381967
389.17057273,0.00043053
389.38740477,0.00522493
389.60425177,0.00175312
389.82111374,-0.00041675
390.03799066,0.00493561
390.25488253,-0.00045809
390.47178936,0.00045120
390.68871114,0.00218710
390.90564787,0.00040987
391.12259954,0.00014121
391.33956614,0.00096783
391.55654769,0.00123649
391.77354418,0.00193911
391.99055559,0.00169113
392.20758194,0.00185645
392.42462321,0.00404699
392.64167941,0.00421232
392.85875053,0.00491494
393.07583657,0.00125715
393.29293752,0.00353036
393.51005339,0.00510093
393.72718417,0.00282773
393.94432986,0.00191845
394.16149045,0.00206311
394.37866594,0.00088517
394.59585634,0.00344769
394.81306163,0.00381967
395.03028181,0.00454297
395.24751689,0.00617554
395.46476685,0.00260041
395.68203170,0.00373701
395.89931143,0.00574156
396.11660604,0.00369568
396.33391553,0.00394367
396.55123990,0.00202177
396.76857913,0.00309638
396.98593324,0.00493561
397.20330221,-0.00169802
397.42068604,0.00421232
397.63808474,-0.00136737
397.85549829,0.00214577
398.07292670,0.00592755
398.29036996,0.00470829
398.50782807,0.00615487
398.72530103,0.00514226
398.94278883,0.00295172
399.16029147,0.00454297
399.37780895,0.00142248
399.59534127,0.00429498
399.81288841,0.00485295
400.03045039,0.00621687
400.24802720,0.00768412
400.46561883,0.00464629
400.68322529,0.00152580
400.90084656,0.00226976
401.11848265,0.00576223
401.33613355,0.00388167
401.55379926,0.00315838
401.77147978,0.00472895
401.98917511,0.00749813
402.20688524,0.00158780
402.42461017,0.00313771
402.64234989,0.00303438
402.86010441,-0.00004478
403.07787372,0.00468762
403.29565782,0.00452230
403.51345670,0.00350969
403.73127037,0.00431564
403.94909882,0.00158780
404.16694205,0.00623754
404.38480005,0.00353036
404.60267282,0.00303438
404.82056036,0.00257974
405.03846267,0.00774612
405.25637974,0.00716748
405.47431157,0.00532825
405.69225816,0.00125715
405.91021951,0.00530759
406.12819561,0.00121582
406.34618645,0.00257974
406.56419205,0.00373701
406.78221239,0.00543158
407.00024747,0.00828342
407.21829729,0.00028587
407.43636184,0.00648552
407.65444113,0.00588622
407.87253515,0.00551424
408.09064390,0.00553491
408.30876737,0.00340636
408.52690556,0.00747747
408.74505847,0.00423298
408.96322610,0.00627887
409.18140844,0.00545225
409.39960550,0.00301372
409.61781726,0.00737414
409.83604372,0.00516293
410.05428489,0.00745680
410.27254076,0.00131915
410.49081133,0.00706416
410.70909659,0.00574156
410.92739654,0.00375768
411.14571118,0.00791144
411.36404051,0.00505960
411.58238452,0.00671284
411.80074321,0.00431564
412.01911658,0.00766346
412.23750462,0.00793211
412.45590734,0.00547291
412.67432472,0.00634086
412.89275677,0.00627887
413.11120349,0.00338570
413.32966486,0.00235242
413.54814090,0.00392300
413.76663159,0.00572090
413.98513693,0.00301372
414.20365692,0.00202177
414.42219156,0.00691950
414.64074084,0.00195978
414.85930477,0.00505960
415.07788333,0.00251775
415.29647653,0.00342703
415.51508437,0.00224910
415.73370683,0.00307571
415.95234392,0.00429498
416.17099564,0.00706416
416.38966198,0.00549358
416.60834294,0.00384034
416.82703851,0.00551424
417.04574870,-0.00014810
417.26447350,0.00501827
417.48321291,0.00648552
417.70196692,0.00140181
417.92073554,0.00503894
418.13951875,0.00590689
418.35831657,0.00144314
418.57712898,0.00140181
418.79595598,0.01006065
419.01479757,0.00797344
419.23365374,0.00450163
419.45252450,0.00348902
419.67140984,0.00636153
419.89030975,0.00677484
420.10922425,0.00904804
420.32815331,0.00545225
420.54709694,0.00917204
420.76605514,0.00485295
420.98502791,0.00704349
421.20401523,0.00245575
421.42301712,0.00601022
421.64203356,0.00702283
421.86106455,0.00464629
422.08011009,0.00522493
422.29917018,0.00708482
422.51824482,0.00501827
422.73733399,0.00559691
422.95643771,0.00760146
423.17555596,0.00588622
423.39468875,0.00437764
423.61383606,0.00642353
423.83299790,0.00458430
424.05217427,0.00522493
424.27136516,0.00859340
424.49057057,0.00627887
424.70979050,0.00567957
424.92902494,0.00836608
425.14827390,0.00539025
425.36753736,0.00782878
425.58681532,0.01117659
425.80610779,0.00931670
426.02541476,0.01231319
426.24473623,0.00640286
426.46407219,0.00797344
426.68342265,0.00386100
426.90278759,0.00867606
427.12216702,0.00768412
427.34156093,0.00863473
427.56096933,0.01088727
427.78039220,0.01220987
427.99982955,0.00882072
428.21928137,0.00696083
428.43874766,0.00551424
428.65822841,0.00900671
428.87772363,0.01049463
429.09723331,0.00673351
429.31675745,0.00474962
429.53629605,0.00570023
429.75584910,0.00541092
429.97541660,0.01020531
430.19499854,0.00663018
430.41459494,0.01140391
430.63420577,0.01016398
430.85383104,0.00859340
431.07347075,0.01080461
431.29312489,0.01282983
431.51279347,0.00991599
431.73247647,0.00865540
431.95217390,0.00797344
432.17188574,0.01078395
432.39161201,0.00696083
432.61135270,0.00774612
432.83110780,0.00921337
433.05087731,0.01177589
433.27066123,0.00588622
433.49045956,0.00952335
433.71027229,0.00857274
433.93009942,0.01111459
434.14994095,0.00942002
434.36979687,0.01125925
434.58966718,0.01068062
434.80955189,0.01084594
435.02945098,0.01227186
435.24936445,0.01582633
435.46929230,0.01099060
435.68923454,0.01402843
435.90919115,0.01485505
436.12916213,0.01233386
436.34914748,0.01406976
436.56914720,0.01136258
436.78916128,0.01251985
437.00918972,0.01421442
437.22923252,0.01256118
437.44928968,0.01446240
437.66936119,0.01404909
437.88944706,0.01688027
438.10954727,0.01564034
438.32966182,0.01582633
438.54979072,0.01382177
438.76993395,0.02016608
438.99009153,0.01731424
439.21026343,0.01661162
439.43044967,0.01919480
439.65065024,0.02062072
439.87086513,0.01580566
440.09109434,0.01549568
440.31133788,0.01460706
440.53159573,0.02126135
440.75186789,0.01481372
440.97215437,0.01415242
441.19245516,0.01572300
441.41277025,0.01681827
441.63309964,0.01311915
441.85344334,0.01735557
442.07380133,0.01677694
442.29417362,0.01785155
442.51456020,0.01454507
442.73496107,0.01582633
442.95537623,0.01456573
443.17580567,0.01547501
443.39624939,0.01725225
443.61670739,0.01547501
443.83717967,0.01776888
444.05766622,0.01623964
444.27816704,0.01944279
444.49868212,0.01249918
444.71921147,0.01543368
444.93975509,0.01729358
445.16031296,0.01706626
445.38088508,0.01619831
445.60147147,0.01605365
445.82207210,0.01640496
446.04268698,0.01781021
446.26331610,0.01878149
446.48395947,0.01247852
446.70461707,0.01448307
446.92528892,0.01415242
447.14597499,0.01888482
447.36667530,0.01262317
447.58738984,0.02084804
447.80811860,0.01516503
448.02886158,0.01551634
448.24961879,0.01657029
448.47039021,0.01781021
448.69117585,0.02334857
448.91197570,0.01923613
449.13278975,0.01400776
449.35361802,0.01712825
449.57446049,0.01795487
449.79531715,0.01396643
450.01618802,0.01239585
450.23707308,0.01328447
450.45797234,0.01836818
450.67888578,0.01549568
450.89981341,0.01344979
451.12075522,0.01661162
451.34171122,0.01743824
451.56268139,0.01725225
451.78366574,0.01741757
452.00466426,0.01838885
452.22567696,0.01264384
452.44670382,0.01440041
452.66774484,0.01194121
452.88880003,0.01954612
453.10986938,0.01582633
453.33095288,0.01704559
453.55205053,0.01735557
453.77316234,0.01458640
453.99428830,0.01882282
454.21542840,0.01464839
454.43658264,0.01867817
454.65775102,0.01650829
454.87893354,0.01580566
455.10013019,0.01944279
455.32134098,0.02314191
455.54256589,0.02117869
455.76380493,0.01708692
455.98505809,0.01623964
456.20632537,0.01938079
456.42760677,0.01896748
456.64890229,0.01702493
456.87021191,0.01989743
457.09153565,0.01929813
457.31287349,0.01952545
457.53422544,0.02609708
457.75559149,0.02161267
457.97697163,0.01882282
458.19836587,0.02171599
458.41977420,0.02086871
458.64119663,0.02367922
458.86263313,0.01867817
459.08408373,0.02369988
459.30554840,0.02148867
459.52702716,0.02768832
459.74851999,0.01936013
459.97002689,0.02669638
460.19154786,0.01967011
460.41308290,0.02411319
460.63463201,0.02095137
460.85619518,0.01838885
461.07777241,0.02287326
461.29936369,0.02188132
461.52096903,0.02727501
461.74258841,0.02456783
461.96422185,0.02454717
462.18586933,0.02671704
462.40753086,0.02882493
462.62920642,0.02541512
462.85089602,0.02409253
463.07259966,0.02442317
463.29431733,0.02264594
463.51604902,0.02434051
463.73779475,0.02376188
463.95955449,0.02632440
464.18132826,0.02979620
464.40311604,0.02413386
464.62491784,0.02615908
464.84673365,0.02704769
465.06856347,0.02938289
465.29040730,0.02648972
465.51226513,0.02855627
465.73413696,0.02491915
465.95602279,0.02872160
466.17792261,0.02768832
466.39983643,0.03217274
466.62176424,0.02917624
466.84370603,0.03118079
467.06566181,0.02843228
467.28763157,0.03227606
467.50961531,0.03209007
467.73161303,0.03175943
467.95362472,0.02855627
468.17565038,0.03388797
468.39769001,0.02911424
468.61974360,0.03004419
468.84181116,0.03225540
469.06389267,0.03421862
469.28598814,0.03258605
469.50809757,0.03620251
469.73022094,0.03624384
469.95235827,0.03349533
470.17450954,0.03014752
470.39667475,0.03012685
470.61885390,0.03496258
470.84104699,0.03376398
471.06325402,0.03812440
471.28547498,0.03506591
471.50770986,0.03750443
471.72995867,0.03080881
471.95222141,0.02894892
472.17449806,0.03293736
472.39678864,0.02996153
472.61909313,0.03374331
472.84141153,0.03153211
473.06374384,0.03864104
473.28609005,0.03694647
473.50845017,0.03459060
473.73082420,0.03649183
473.95321212,0.03547922
474.17561393,0.03630584
474.39802964,0.03425995
474.62045924,0.03200741
474.84290273,0.02950689
475.06536010,0.03428062
475.28783136,0.03399130
475.51031649,0.03630584
475.73281550,0.02942422
475.95532838,0.03070549
476.17785513,0.03254471
476.40039575,0.03180076
476.62295024,0.03349533
476.84551859,0.03227606
477.06810080,0.03380531
477.29069686,0.03508657
477.51330678,0.03254471
477.73593055,0.03425995
477.95856817,0.03302002
478.18121963,0.03423929
478.40388494,0.03628517
478.62656409,0.03653316
478.84925707,0.03231739
479.07196389,0.03415662
479.29468455,0.03361932
479.51741903,0.03756643
479.74016733,0.03304069
479.96292946,0.03248272
480.18570542,0.03738044
480.40849519,0.03215207
480.63129877,0.03574787
480.85411617,0.03525190
481.07694738,0.03363999
481.29979239,0.03622317
481.52265121,0.03233806
481.74552383,0.03392930
481.96841025,0.03192475
482.19131046,0.03502457
482.41422447,0.03217274
482.63715227,0.03655382
482.86009385,0.03273070
483.08304922,0.03235873
483.30601837,0.03318535
483.52900130,0.03642983
483.75199801,0.03157344
483.97500849,0.03500391
484.19803274,0.03446661
484.42107076,0.03279270
484.64412255,0.03587186
484.86718810,0.03450794
485.09026741,0.02985820
485.31336047,0.03000286
485.53646729,0.03122212
485.75958786,0.02820496
485.98272218,0.02882493
486.20587024,0.02529113
486.42903205,0.02913491
486.65220760,0.03020951
486.87539689,0.03607852
487.09859991,0.03349533
487.32181666,0.03213141
487.54504715,0.03667781
487.76829136,0.03347466
487.99154929,0.03690514
488.21482094,0.03622317
488.43810631,0.03322668
488.66140540,0.03866170
488.88471820,0.03760776
489.10804471,0.03853771
489.33138493,0.03928167
489.55473885,0.03890969
489.77810647,0.04002563
490.00148780,0.04283613
490.22488281,0.04339410
490.44829153,0.04736188
490.67171393,0.04337344
490.89515002,0.04415872
491.11859979,0.04959375
491.34206325,0.04529533
491.56554038,0.04219550
491.78903120,0.04698990
492.01253568,0.03847571
492.23605384,0.04329077
492.45958567,0.04515067
492.68313116,0.04391074
492.90669031,0.04116223
493.13026312,0.03649183
493.35384960,0.03676048
493.57744972,0.03628517
493.80106350,0.03651249
494.02469092,0.03828972
494.24833200,0.03733911
494.47198671,0.03797974
494.69565507,0.03384664
494.91933706,0.04110023
495.14303269,0.03787641
495.36674195,0.03295802
495.59046484,0.03713246
495.81420136,0.03574787
496.03795150,0.03227606
496.26171526,0.03196608
496.48549264,0.03390864
496.70928364,0.03525190
496.93308825,0.03417729
497.15690647,0.03837239
497.38073830,0.03762843
497.60458373,0.03872370
497.82844276,0.04351809
498.05231539,0.03810373
498.27620162,0.03651249
498.50010144,0.03789708
498.72401485,0.03754577
498.94794185,0.04149288
499.17188244,0.03570654
499.39583661,0.04023228
499.61980435,0.03467326
499.84378568,0.04048027
500.06778058,0.04031494
500.29178904,0.04169953
500.51581108,0.03295802
500.73984668,0.03824839
500.96389585,0.03632650
501.18795858,0.03667781
501.41203486,0.03773175
501.63612470,0.03411529
501.86022809,0.03795908
502.08434503,0.04093491
502.30847551,0.03729778
502.53261954,0.03564454
502.75677711,0.03558254
502.98094822,0.03494191
503.20513286,0.03713246
503.42933104,0.03628517
503.65354274,0.03762843
503.87776797,0.03277204
504.10200673,0.03029218
504.32625901,0.03271004
504.55052480,0.03111880
504.77480411,0.02824629
504.99909694,0.02789498
505.22340327,0.03260671
505.44772312,0.02787431
505.67205646,0.02719235
505.89640331,0.02688237
506.12076366,0.02580776
506.34513750,0.02725435
506.56952484,0.02500181
506.79392567,0.02626240
507.01833999,0.02760566
507.24276779,0.02961021
507.46720907,0.03012685
507.69166384,0.02770899
507.91613208,0.02880426
508.14061380,0.02954822
508.36510898,0.02971354
508.58961764,0.03297869
508.81413976,0.03372265
509.03867534,0.03702913
509.26322439,0.03351599
509.48778689,0.03659515
509.71236285,0.04033561
509.93695226,0.03490058
510.16155512,0.03793841
510.38617142,0.03504524
510.61080117,0.03698780
510.83544436,0.03597519
511.06010099,0.03564454
511.28477105,0.03921967
511.50945454,0.03950899
511.73415147,0.03554121
511.95886182,0.03361932
512.18358560,0.03537589
512.40832280,0.02795697
512.63307341,0.03078815
512.85783745,0.03124279
513.08261489,0.02677904
513.30740575,0.02882493
513.53221001,0.03041617
513.75702768,0.03113946
513.98185875,0.02721302
514.20670322,0.02961021
514.43156109,0.02905225
514.65643235,0.02752300
514.88131700,0.02667571
515.10621504,0.03481792
515.33112647,0.02903158
515.55605128,0.03153211
515.78098946,0.03089148
516.00594103,0.03018885
516.23090597,0.02977554
516.45588428,0.03479725
516.68087596,0.02843228
516.90588100,0.03271004
517.13089941,0.02834962
517.35593118,0.02816363
517.58097631,0.02880426
517.80603479,0.03031284
518.03110663,0.02739901
518.25619181,0.03027151
518.48129034,0.02785365
518.70640222,0.02946556
518.93152743,0.02969288
519.15666598,0.02841162
519.38181787,0.02696503
519.60698310,0.03142878
519.83216165,0.02768832
520.05735353,0.02363789
520.28255873,0.02471249
520.50777726,0.02609708
520.73300910,0.02597309
520.95825426,0.02793631
521.18351273,0.02963088
521.40878452,0.03014752
521.63406961,0.02688237
521.85936801,0.02936223
522.08467971,0.02985820
522.31000471,0.02952755
522.53534300,0.03101547
522.76069459,0.03500391
522.98605947,0.03483859
523.21143764,0.03744244
523.43682910,0.03814506
523.66223383,0.03611985
523.88765185,0.03653316
524.11308315,0.04017028
524.33852772,0.04444804
524.56398556,0.03905435
524.78945667,0.04349743
525.01494104,0.04649393
525.24043868,0.04482002
525.46594959,0.04457203
525.69147374,0.05256958
525.91701116,0.04963508
526.14256182,0.04473736
526.36812574,0.04490268
526.59370290,0.04579130
526.81929331,0.04517133
527.04489696,0.04719655
527.27051384,0.04603929
527.49614396,0.04517133
527.72178732,0.04256748
527.94744390,0.04593596
528.17311372,0.04546065
528.39879675,0.04781652
528.62449301,0.04659725
528.85020249,0.05265224
529.07592518,0.04903578
529.30166109,0.05292090
529.52741021,0.05626871
529.75317254,0.05618604
529.97894807,0.05399550
530.20473680,0.05980251
530.43053874,0.06100111
530.65635387,0.06990794
530.88218219,0.06160041
531.10802371,0.06947396
531.33387841,0.06720075
531.55974630,0.06360496
531.78562738,0.06759340
532.01152163,0.06889533
532.23742906,0.06496888
532.46334967,0.06501021
532.68928344,0.06536153
532.91523039,0.06672545
533.14119051,0.06773806
533.36716378,0.06523753
533.59315022,0.06257168
533.81914982,0.06085645
534.04516257,0.07021792
534.27118847,0.06106310
534.49722752,0.06279900
534.72327973,0.06434892
534.94934507,0.06036048
535.17542356,0.06885399
535.40151518,0.06542352
535.62761994,0.05967851
535.85373784,0.05833526
536.07986886,0.06470023
536.30601301,0.06383228
536.53217029,0.06424559
536.75834069,0.06060846
536.98452420,0.06503088
537.21072084,0.06815137
537.43693059,0.07030058
537.66315345,0.06860601
537.88938941,0.07073456
538.11563848,0.07271844
538.34190066,0.06879200
538.56817593,0.06926730
538.79446431,0.07120986
539.02076577,0.07195382
539.24708033,0.07389638
539.47340798,0.07422702
539.69974871,0.07517764
539.92610252,0.07306976
540.15246942,0.07123053
540.37884939,0.07567361
540.60524244,0.08346450
540.83164856,0.07503298
541.05806775,0.08156328
541.28450001,0.08226590
541.51094533,0.08650233
541.73740371,0.08418779
541.96387515,0.08150128
542.19035965,0.08036468
542.41685719,0.08420846
542.64336779,0.08325785
542.86989144,0.08654366
543.09642813,0.07602492
543.32297786,0.08447711
543.54954063,0.07836012
543.77611643,0.08699830
544.00270527,0.07788482
544.22930714,0.08856888
544.45592204,0.08224524
544.68254996,0.07945540
544.90919091,0.08102597
545.13584487,0.08375382
545.36251185,0.07879410
545.58919184,0.07955872
545.81588485,0.07898009
546.04259086,0.07670688
546.26930988,0.07375172
546.49604191,0.07385505
546.72278693,0.07056923
546.94954495,0.07569427
547.17631596,0.07197448
547.40309997,0.07656223
547.62989696,0.07567361
547.85670694,0.07495032
548.08352991,0.08486976
548.31036585,0.07350373
548.53721477,0.07873210
548.76407667,0.08164594
548.99095154,0.07821547
549.21783938,0.07995137
549.44474018,0.07811214
549.67165395,0.08036468
549.89858069,0.08022002
550.12552038,0.07449568
550.35247302,0.07736818
550.57943862,0.07714086
550.80641717,0.07313175
551.03340866,0.07980671
551.26041310,0.08044734
551.48743048,0.08183193
551.71446081,0.08344384
551.94150406,0.09022212
552.16856025,0.09059410
552.39562937,0.09311529
552.62271142,0.09247466
552.84980640,0.09549182
553.07691429,0.09749637
553.30403511,0.10005890
553.53116884,0.10526660
553.75831549,0.10061687
553.98547505,0.10485329
554.21264752,0.10460531
554.43983289,0.10406800
554.66703116,0.10906905
554.89424234,0.11223087
555.12146641,0.11301616
555.34870338,0.10954436
555.57595324,0.11522737
555.80321599,0.11438009
556.03049162,0.11268552
556.25778014,0.11338814
556.48508154,0.11843052
556.71239582,0.11944313
556.93972297,0.11481406
557.16706300,0.10991634
557.39441589,0.11092895
557.62178165,0.11415277
557.84916028,0.10884173
558.07655177,0.11020566
558.30395611,0.10919305
558.53137331,0.11464874
558.75880337,0.11316082
558.98624627,0.11278884
559.21370202,0.10877974
559.44117062,0.10514261
559.66865206,0.10809778
559.89614634,0.09976958
560.12365345,0.09737238
560.35117340,0.09656643
560.57870618,0.09480986
560.80625179,0.09131739
561.03381022,0.09011879
561.26138148,0.09187536
561.48896555,0.09332194
561.71656244,0.09113140
561.94417215,0.09452054
562.17179467,0.09253666
562.39942999,0.09204068
562.62707812,0.09160671
562.85473906,0.09449988
563.08241279,0.09435522
563.31009933,0.08404314
563.53779866,0.09423123
563.76551078,0.09144138
563.99323568,0.08675032
564.22097338,0.08838289
564.44872386,0.08637834
564.67648712,0.08801091
564.90426316,0.08951949
565.13205197,0.08989147
565.35985356,0.09197869
565.58766792,0.09656643
565.81549504,0.09462387
566.04333493,0.09989357
566.27118758,0.08900286
566.49905298,0.08716363
566.72693115,0.08821757
566.95482207,0.08976748
567.18272573,0.08691564
567.41064215,0.09268131
567.63857131,0.08898219
567.86651321,0.08972615
568.09446785,0.08842422
568.32243523,0.09179270
568.55041534,0.08997413
568.77840819,0.09427256
569.00641376,0.08904419
569.23443206,0.08978814
569.46246308,0.09530583
569.69050682,0.09247466
569.91856327,0.09220601
570.14663244,0.09342527
570.37471433,0.09284664
570.60280892,0.09693841
570.83091622,0.09896363
571.05903622,0.10208412
571.28716892,0.10150548
571.51531432,0.10427466
571.74347241,0.10669252
571.97164320,0.10007956
572.19982667,0.10117483
572.42802284,0.10160881
572.65623168,0.10125750
572.88445321,0.10295207
573.11268742,0.10687851
573.34093430,0.10284874
573.56919385,0.11022632
573.79746608,0.11138359
574.02575097,0.11607466
574.25404853,0.11898849
574.48235874,0.11952580
574.71068162,0.12264629
574.93901715,0.12409287
575.16736534,0.12909392
575.39572618,0.12270828
575.62409966,0.13345434
575.85248579,0.13196643
576.08088456,0.13082982
576.30929597,0.13262772
576.53772002,0.13252439
576.76615671,0.13316502
576.99460602,0.13630618
577.22306796,0.13707080
577.45154253,0.14372509
577.68002972,0.13733945
577.90852953,0.13771143
578.13704196,0.13457028
578.36556700,0.13736012
578.59410465,0.13209042
578.82265492,0.13694681
579.05121779,0.13601686
579.27979326,0.13552089
579.50838133,0.13316502
579.73698201,0.13789742
579.96559527,0.13382632
580.19422113,0.12917658
580.42285958,0.12839129
580.65151062,0.13180110
580.88017424,0.12295627
581.10885044,0.12450618
581.33753922,0.13041651
581.56624057,0.12126170
581.79495450,0.12293560
582.02368100,0.11938114
582.25242007,0.12066240
582.48117170,0.12359690
582.70993589,0.11981511
582.93871264,0.12890793
583.16750195,0.12386555
583.39630381,0.12454751
583.62511822,0.12258429
583.85394518,0.12299760
584.08278469,0.12512615
584.31163674,0.12429953
584.54050133,0.11878184
584.76937845,0.11905049
584.99826811,0.11894716
585.22717030,0.12491949
585.45608502,0.12564278
585.68501226,0.13428096
585.91395203,0.13878604
586.14290432,0.14500635
586.37186912,0.14467571
586.60084644,0.14411774
586.82983628,0.14829217
587.05883862,0.15250793
587.28785347,0.15135066
587.51688082,0.15659970
587.74592067,0.15184663
587.97497302,0.15083403
588.20403787,0.14785819
588.43311520,0.15492579
588.66220503,0.15767430
588.89130735,0.15831494
589.12042215,0.16166275
589.34954943,0.16449392
589.57868919,0.16172474
589.80784142,0.16542387
590.03700613,0.16259269
590.26618331,0.16174541
590.49537296,0.16346064
590.72457507,0.15507045
590.95378964,0.15494646
591.18301667,0.16069147
591.41225616,0.16579585
591.64150811,0.15955487
591.87077250,0.16319199
592.10004934,0.15717833
592.32933863,0.15604173
592.55864036,0.15143332
592.78795453,0.14814751
593.01728114,0.15354121
593.24662018,0.15610373
593.47597165,0.15527711
593.70533555,0.15600040
593.93471188,0.15643437
594.16410063,0.15490513
594.39350180,0.15407851
594.62291539,0.15494646
594.85234140,0.15876958
595.08177981,0.16155942
595.31123064,0.15277658
595.54069387,0.15091669
595.77016951,0.15228061
595.99965755,0.15079269
596.22915798,0.15428516
596.45867081,0.15697168
596.68819604,0.15645504
596.91773365,0.15651704
597.14728365,0.15781896
597.37684603,0.15819094
597.60642080,0.16040215
597.83600795,0.16713910
598.06560747,0.17325609
598.29521936,0.17061091
598.52484363,0.17096222
598.75448026,0.16906099
598.98412926,0.16583718
599.21379062,0.16104278
599.44346434,0.15779830
599.67315042,0.15763297
599.90284885,0.16007150
600.13255963,0.17108621
600.36228276,0.17176817
600.59201824,0.17674856
600.82176606,0.18036502
601.05152622,0.18059234
601.28129871,0.17970373
601.51108354,0.18875521
601.74088070,0.18263823
601.97069019,0.18327886
602.20051201,0.17937308
602.43034615,0.18520075
602.66019261,0.19024313
602.89005139,0.19997658
603.11992249,0.19962527
603.34980589,0.21400845
603.57970161,0.20733350
603.80960963,0.21466975
604.03952996,0.21913350
604.26946259,0.23138814
604.49940751,0.23041686
604.72936474,0.22996222
604.95933425,0.22657307
605.18931606,0.22146870
605.41931015,0.21882351
605.64931653,0.22434120
605.87933519,0.22717237
606.10936612,0.23362001
606.33940934,0.24434540
606.56946483,0.26397763
606.79953259,0.26137377
607.02961261,0.27207850
607.25970490,0.27858813
607.48980946,0.28484978
607.71992627,0.29096677
607.95005534,0.30008025
608.18019667,0.30617657
608.41035024,0.30795381
608.64051607,0.32109706
608.87069414,0.33512894
609.10088445,0.34225853
609.33108700,0.35143401
609.56130179,0.35327324
609.79152882,0.37017762
610.02176808,0.37147955
610.25201956,0.37629461
610.48228328,0.39067779
610.71255921,0.38910722
610.94284737,0.39625748
611.17314775,0.40196116
611.40346034,0.39665012
611.63378514,0.38555275
611.86412215,0.37019829
612.09447137,0.35825363
612.32483280,0.34899548
612.55520642,0.32663542
612.78559225,0.30824312
613.01599027,0.29532719
613.24640048,0.28722631
613.47682288,0.28179129
613.70725747,0.27183052
613.93770425,0.25631073
614.16816321,0.25722001
614.39863434,0.25058638
614.62911766,0.24876782
614.85961314,0.24213419
615.09012080,0.24304348
615.32064063,0.23647185
615.55117262,0.23182211
615.78171677,0.23300004
616.01227308,0.23227675
616.24284156,0.22779234
616.47342218,0.23560390
616.70401496,0.22851563
616.93461988,0.22851563
617.16523695,0.22543647
617.39586617,0.21070197
617.62650752,0.20555626
617.85716101,0.19319830
618.08782664,0.18923052
618.31850440,0.17681056
618.54919429,0.17509532
618.77989630,0.16329532
619.01061044,0.15597973
619.24133670,0.15011073
619.47207508,0.15449182
619.70282557,0.14988341
619.93358818,0.14713490
620.16436289,0.13665749
620.39514972,0.13971599
620.62594864,0.13202842
620.85675967,0.13113981
621.08758280,0.12605609
621.31841802,0.12051774
621.54926534,0.11719059
621.78012475,0.11729392
622.01099624,0.11528937
622.24187982,0.11225154
622.47277549,0.11636397
622.70368323,0.11212755
622.93460305,0.10059620
623.16553494,0.10274541
623.39647890,0.09629778
623.62743493,0.10018289
623.85840303,0.09551249
624.08938319,0.09580180
624.32037541,0.09518184
624.55137968,0.09943893
624.78239602,0.09356993
625.01342440,0.09109007
625.24446483,0.08904419
625.47551731,0.08625434
625.70658183,0.08927151
625.93765839,0.09288797
626.16874699,0.09402457
626.39984763,0.08770093
626.63096029,0.09778569
626.86208499,0.09462387
627.09322171,0.10365469
627.32437046,0.10501862
627.55553123,0.10865574
627.78670401,0.10929637
628.01788882,0.11483473
628.24908563,0.11783122
628.48029446,0.11739725
628.71151529,0.12045574
628.94274813,0.12892860
629.17399296,0.13314436
629.40524980,0.13950933
629.63651863,0.14754821
629.86779946,0.15141266
630.09909228,0.16447325
630.33039709,0.16968096
630.56171388,0.18503542
630.79304265,0.18420880
631.02438340,0.19106975
631.25573613,0.19638078
631.48710084,0.19881931
631.71847751,0.20041055
631.94986615,0.22086940
632.18126676,0.22994155
632.41267933,0.23777377
632.64410387,0.23415731
632.87554035,0.23851773
633.10698880,0.24281616
633.33844919,0.23878638
633.56992154,0.23831108
633.80140583,0.24157623
634.03290207,0.23913770
634.26441024,0.23659584
634.49593035,0.24434540
634.72746240,0.24988376
634.95900638,0.25843927
635.19056229,0.25986519
635.42213013,0.26087780
635.65370989,0.26333700
635.88530158,0.26629216
636.11690518,0.27612894
636.34852069,0.29152473
636.58014812,0.31886519
636.81178746,0.33068585
637.04343871,0.33521160
637.27510187,0.33791878
637.50677692,0.35000809
637.73846387,0.35496781
637.97016272,0.36906168
638.20187347,0.37395941
638.43359610,0.35412053
638.66533062,0.34513104
638.89707703,0.33994400
639.12883532,0.33041720
639.36060549,0.33636887
639.59238754,0.34125930
639.82418146,0.34919832
640.05598725,0.33618109
640.28780491,0.33084891
640.51963444,0.34104899
640.75147583,0.32385763
640.98332908,0.32559930
641.21519419,0.32861606
641.44707115,0.31909113
641.67895997,0.30309729
641.91086063,0.29534488
642.14277314,0.28925626
642.37469750,0.28924206
642.60663369,0.29430784
642.83858172,0.30300078
643.07054159,0.29957433
643.30251329,0.28650564
643.53449683,0.28425725
643.76649218,0.27480550
643.99849937,0.27465020
644.23051837,0.28961999
644.46254919,0.27573124
644.69459183,0.27327975
644.92664628,0.26752786
645.15871254,0.26253351
645.39079061,0.26142272
645.62288049,0.26013778
645.85498217,0.24435867
646.08709564,0.24507161
646.31922091,0.24665557
646.55135798,0.24446646
646.78350684,0.24563599
647.01566748,0.23445418
647.24783991,0.23445404
647.48002413,0.23162008
647.71222012,0.24227170
647.94442789,0.23453292
648.17664744,0.23217096
648.40887875,0.22977873
648.64112184,0.22777340
648.87337669,0.22433808
649.10564331,0.21523827
649.33792168,0.22182219
649.57021181,0.21828532
649.80251370,0.21796258
650.03482734,0.22203084
650.26715273,0.21999244
650.49948987,0.21834767
650.73183875,0.22131924
650.96419937,0.22448263
651.19657173,0.21424159
651.42895582,0.20925202
651.66135165,0.20755098
651.89375921,0.20325083
652.12617849,0.20714043
652.35860950,0.21188558
652.59105224,0.20758000
652.82350669,0.20614220
653.05597285,0.20481783
653.28845073,0.20377271
653.52094032,0.20543685
653.75344162,0.20756649
653.98595462,0.20804800
654.21847933,0.20343314
654.45101573,0.20527250
654.68356383,0.21101420
654.91612363,0.21856715
655.14869511,0.20700501
655.38127829,0.21777173
655.61387315,0.21818003
655.84647969,0.21477068
656.07909792,0.21019128
656.31172782,0.21104672
656.54436939,0.20126838
656.77702264,0.20419827
657.00968756,0.20123796
657.24236414,0.21407981
657.47505238,0.21711579
657.70775229,0.21720874
657.94046385,0.22166175
658.17318707,0.22505331
658.40592195,0.22393323
658.63866847,0.22943989
658.87142663,0.23405447
659.10419645,0.23322538
659.33697790,0.22864437
659.56977099,0.22922971
659.80257572,0.22675051
660.03539208,0.22205936
660.26822007,0.21476150
660.50105969,0.21069454
660.73391093,0.21930323
660.96677380,0.21523663
661.19964828,0.22178883
661.43253438,0.22078031
661.66543209,0.21697480
661.89834142,0.22459128
662.13126235,0.21940556
662.36419489,0.22133730
662.59713903,0.24215796
662.83009477,0.22238896
663.06306210,0.22281524
663.29604103,0.22920230
663.52903155,0.23185205
663.76203367,0.21963073
663.99504736,0.22067708
664.22807264,0.21749741
664.46110950,0.20674083
664.69415794,0.20452948
664.92721795,0.20239951
665.16028953,0.20559708
665.39337269,0.20279961
665.62646740,0.19984332
665.85957369,0.19187956
666.09269153,0.18978291
666.32582093,0.19108491
666.55896189,0.19467822
666.79211440,0.19815802
667.02527846,0.19983192
667.25845406,0.19328096
667.49164121,0.18956117
667.72483991,0.19487220
667.95805014,0.19656677
668.19127190,0.19168971
668.42450520,0.19284698
668.65775003,0.19016047
668.89100639,0.18782527
669.12427427,0.19518218
669.35755368,0.19580215
669.59084460,0.18627535
669.82414704,0.19757938
670.05746099,0.20005924
670.29078646,0.20384103
670.52412343,0.19743472
670.75747191,0.20675486
670.99083189,0.20627956
671.22420337,0.20371703
671.45758635,0.20346905
671.69098082,0.21148726
671.92438678,0.20875942
672.15780424,0.21196257
672.39123317,0.20731283
672.62467360,0.21710828
672.85812550,0.21438043
673.09158888,0.22667640
673.32506373,0.22394856
673.55855006,0.22475451
673.79204785,0.22006344
674.02555712,0.22894961
674.25907784,0.23083017
674.49261003,0.24064628
674.72615367,0.24172088
674.95970878,0.24858183
675.19327533,0.24614330
675.42685333,0.25205363
675.66044278,0.25767465
675.89404368,0.25682736
676.12765601,0.25089637
676.36127979,0.24967710
676.59491500,0.25091703
676.82856165,0.24630863
677.06221972,0.23436397
677.29588922,0.23105749
677.52957015,0.23213209
677.76326250,0.22194400
677.99696627,0.21820355
678.23068146,0.21940215
678.46440806,0.21636432
678.69814607,0.20727150
678.93189549,0.19691809
679.16565631,0.20214646
679.39942854,0.18660600
679.63321217,0.18743262
679.86700720,0.18881721
680.10081361,0.17738919
680.33463143,0.17869112
680.56846063,0.18026169
680.80230121,0.17974506
681.03615318,0.18662667
681.27001653,0.18354751
681.50389126,0.18608936
681.73777736,0.18656467
681.97167484,0.18503542
682.20558368,0.18274155
682.43950390,0.18931318
682.67343547,0.18429147
682.90737841,0.18296887
683.14133270,0.17449602
683.37529836,0.16889567
683.60927536,0.16703578
683.84326371,0.16253070
684.07726341,0.16498989
684.31127446,0.16145609
684.54529685,0.16408061
684.77933057,0.16096012
685.01337564,0.16842036
685.24743203,0.17691388
685.48149976,0.19793069
685.71557881,0.20762281
685.94966919,0.22163402
686.18377090,0.23041686
686.41788392,0.23963367
686.65200826,0.25350022
686.88614391,0.24868516
687.12029088,0.25647605
687.35444915,0.24913980
687.58861873,0.25356222
687.82279961,0.24337412
688.05699179,0.24112159
688.29119527,0.23233875
688.52541004,0.22828831
688.75963611,0.23041686
688.99387346,0.23072684
689.22812210,0.23622386
689.46238203,0.24885048
689.69665323,0.25223962
689.93093571,0.27118988
690.16522947,0.27552964
690.39953450,0.28697833
690.63385080,0.29127675
690.86817837,0.29797237
691.10251720,0.29673244
691.33686730,0.30260144
691.57122865,0.29906764
691.80560125,0.30780915
692.03998511,0.30472999
692.27438023,0.30993769
692.50878658,0.32128305
692.74320419,0.31309951
692.97763303,0.31851388
693.21207312,0.32093174
693.44652444,0.32661475
693.68098699,0.33047920
693.91546077,0.32909461
694.14994579,0.32570547
694.38444203,0.31998113
694.61894949,0.31762526
694.85346817,0.33318638
695.08799806,0.32037377
695.32253918,0.31849321
695.55709150,0.32682141
695.79165503,0.32556081
696.02622977,0.32934260
696.26081571,0.33543892
696.49541285,0.33736081
696.73002119,0.33240109
696.96464072,0.33287640
697.19927145,0.33506694
697.43391336,0.32479619
697.66856647,0.33229776
697.90323075,0.33229776
698.13790622,0.33364102
698.37259286,0.34378778
698.60729068,0.35178533
698.84199967,0.35874960
699.07671984,0.36722245
699.31145117,0.36693314
699.54619366,0.38468480
699.78094731,0.38433349
700.01571213,0.40547429
700.25048810,0.40880144
700.48527522,0.42733839
700.72007349,0.42206869
700.95488292,0.42771037
701.18970348,0.43593523
701.42453519,0.43452998
701.65937804,0.44013033
701.89423202,0.44323016
702.12909714,0.44211422
702.36397339,0.43167814
702.59886077,0.42601580
702.83375927,0.41000003
703.06866889,0.40326308
703.30358964,0.39766273
703.53852150,0.39652613
703.77346448,0.39489356
704.00841857,0.38590406
704.24338376,0.38836326
704.47836007,0.38224627
704.71334748,0.37747254
704.94834598,0.37627394
705.18335559,0.35730301
705.41837629,0.35804697
705.65340808,0.35538112
705.88845096,0.35724102
706.12350493,0.36685047
706.35856998,0.35887359
706.59364612,0.36110547
706.82873333,0.36693314
707.06383161,0.38627604
707.29894097,0.40086588
707.53406141,0.42161404
707.76919290,0.43682385
708.00433546,0.45209565
708.23948909,0.47395975
708.47465377,0.49871702
708.70982951,0.49102945
708.94501630,0.49326133
709.18021414,0.48852893
709.41542303,0.48906623
709.65064297,0.48466448
709.88587395,0.47387709
710.12111597,0.45317026
710.35636902,0.43134749
710.59163311,0.42634644
710.82690823,0.41357517
711.06219437,0.40227114
711.29749155,0.39022315
711.53279974,0.37984907
711.76811896,0.38941720
712.00344920,0.37226484
712.23879044,0.38348620
712.47414270,0.39169040
712.70950597,0.39264102
712.94488025,0.39538953
713.18026553,0.40442035
713.41566181,0.38334154
713.65106908,0.38526343
713.88648736,0.38410617
714.12191662,0.37408340
714.35735688,0.36193209
714.59280812,0.36980564
714.82827034,0.36949566
715.06374355,0.35738568
715.29922774,0.36081615
715.53472290,0.35153734
715.77022903,0.35124802
716.00574614,0.35703436
716.24127421,0.35767499
716.47681324,0.34895415
716.71236324,0.33204978
716.94792420,0.33014855
717.18349611,0.31913384
717.41907898,0.31593069
717.65467280,0.30878043
717.89027757,0.30706519
718.12589328,0.29390127
718.36151993,0.28536642
718.59715752,0.28123332
718.83280605,0.26924733
719.06846552,0.26846204
719.30413591,0.27288446
719.53981724,0.26534155
719.77550949,0.27214050
720.01121266,0.27844347
720.24692676,0.28964417
720.48265177,0.29925363
720.71838769,0.30076221
720.95413453,0.30206414
721.18989228,0.30363472
721.42566093,0.29706309
721.66144049,0.30014225
721.89723095,0.29125608
722.13303231,0.29160740
722.36884456,0.28534575
722.60466770,0.29156607
722.84050173,0.28422981
723.07634666,0.28561440
723.31220246,0.28980950
723.54806915,0.28794960
723.78394671,0.27511633
724.01983515,0.27240915
724.25573447,0.27168586
724.49164465,0.26689146
724.72756571,0.26422561
724.96349762,0.26141510
725.19944040,0.27085924
725.43539404,0.26871003
725.67135854,0.25872859
725.90733388,0.25738533
726.14332008,0.25852193
726.37931713,0.25907990
726.61532503,0.24944978
726.85134376,0.24765188
727.08737334,0.24446940
727.32341375,0.24025363
727.55946500,0.23841441
727.79552708,0.24659794
728.03159998,0.24124558
728.26768372,0.24506870
728.50377827,0.25680670
728.73988365,0.25858393
728.97599985,0.26191108
729.21212686,0.26922666
729.44826468,0.27676957
729.68441331,0.27371108
729.92057275,0.26308901
730.15674299,0.26835871
730.39292403,0.26895801
730.62911587,0.26232439
730.86531851,0.25112369
731.10153194,0.23973700
731.33775616,0.23070617
731.57399117,0.21708761
731.81023696,0.19720740
732.04649353,0.19111108
732.28276088,0.17319409
732.51903901,0.16269602
732.75532791,0.15899690
732.99162758,0.15496712
733.22793802,0.14510968
733.46425923,0.14302247
733.70059119,0.14035662
733.93693392,0.12919725
734.17328740,0.12799865
734.40965164,0.12677939
734.64602662,0.12630408
734.88241236,0.12568411
735.11880884,0.12752334
735.35521607,0.12653140
735.59163403,0.12903192
735.82806273,0.12971389
736.06450217,0.14023262
736.30095234,0.14756888
736.53741323,0.15345854
736.77388486,0.17447535
737.01036720,0.18658534
737.24686027,0.19985259
737.48336406,0.21892684
737.71987856,0.23492194
737.95640377,0.25831528
738.19293969,0.27778218
738.42948632,0.29445924
738.66604365,0.30167149
738.90261169,0.30307675
739.13919042,0.31762526
739.37577985,0.31762526
739.61237997,0.32053909
739.84899078,0.32450687
740.08561228,0.31810057
740.32224446,0.30315941
740.55888732,0.29133875
740.79554087,0.28646169
741.03220509,0.27296712
741.26887998,0.25387220
741.50556555,0.24407675
741.74226178,0.23645118
741.97896868,0.22568446
742.21568624,0.22246064
742.45241446,0.20607290
742.68915333,0.20222912
742.92590286,0.20216712
743.16266304,0.20138183
743.39943387,0.19706274
743.63621535,0.19760005
743.87300747,0.19559549
744.10981023,0.19047045
744.34662363,0.19055311
744.58344766,0.19206169
744.82028232,0.19412824
745.05712761,0.18931318
745.29398353,0.18935451
745.53085007,0.18474611
745.76772724,0.18276222
746.00461502,0.18009637
746.24151341,0.17071423
746.47842242,0.17180951
746.71534204,0.16784173
746.95227227,0.16687045
747.18921310,0.17170618
747.42616453,0.17455802
747.66312656,0.18456012
747.90009918,0.17523998
748.13708240,0.17957973
748.37407621,0.18557273
748.61108061,0.18596537
748.84809559,0.18495276
749.08512115,0.18282422
749.32215730,0.17352474
749.55920401,0.17284278
749.79626131,0.18172894
750.03332917,0.19090443
750.27040760,0.18251423
750.50749660,0.19762071
750.74459616,0.19489287
750.98170628,0.19243367
751.21882695,0.18991248
751.45595818,0.18679199
751.69309997,0.19516152
751.93025230,0.18900320
752.16741517,0.18367150
752.40458859,0.18503542
752.64177256,0.18081966
752.87896705,0.18706064
753.11617209,0.18894120
753.35338765,0.19495486
753.59061374,0.20245644
753.82785037,0.21169392
754.06509751,0.21665364
754.30235518,0.22095206
754.53962336,0.23254540
754.77690206,0.24097693
755.01419127,0.25285959
755.25149099,0.26290302
755.48880122,0.26360565
755.72612195,0.27261580
755.96345319,0.27028060
756.20079492,0.26081580
756.43814715,0.25806729
756.67550987,0.25277693
756.91288309,0.25159899
757.15026679,0.25401686
757.38766097,0.24285749
757.62506564,0.24000565
757.86248079,0.23767045
758.09990641,0.22727570
758.33734251,0.22450653
758.57478908,0.22458919
758.81224612,0.22494050
759.04971362,0.22169602
759.28719159,0.21181791
759.52468001,0.19667010
759.76217889,0.20222912
759.99968823,0.19044978
760.23720802,0.18385749
760.47473826,0.17902176
760.71227894,0.18040635
760.94983007,0.17621126
761.18739164,0.17154085
761.42496364,0.15980285
761.66254608,0.15831494
761.90013895,0.16120811
762.13774226,0.16691178
762.37535598,0.16087746
762.61298014,0.16606450
762.85061471,0.16738709
763.08825970,0.16959830
763.32591511,0.17402071
763.56358093,0.17718253
763.80125716,0.18172894
764.03894380,0.19652544
764.27664084,0.21086730
764.51434829,0.21888551
764.75206613,0.22200600
764.98979437,0.21952614
765.22753300,0.21748026
765.46528203,0.22082807
765.70304144,0.21636432
765.94081124,0.21376047
766.17859142,0.21760425
766.41638197,0.22066274
766.65418291,0.21165259
766.89199422,0.21291318
767.12981590,0.20532894
767.36764795,0.20076187
767.60549036,0.19611213
767.84334314,0.19923262
768.08120628,0.19578148
768.31907977,0.19166905
768.55696362,0.18985049
768.79485782,0.18507676
769.03276238,0.18123297
769.27067727,0.17827781
769.50860251,0.16602317
769.74653809,0.17809182
769.98448401,0.17685189
770.22244027,0.17092089
770.46040685,0.18245224
770.69838377,0.18644068
770.93637101,0.18575872
771.17436858,0.19621546
771.41237647,0.20999935
771.65039468,0.21373980
771.88842320,0.21218989
772.12646204,0.21190057
772.36451118,0.20700285
772.60257064,0.20584558
772.84064039,0.19950127
773.07872045,0.20123717
773.31681081,0.19712474
773.55491147,0.19441756
773.79302242,0.19768271
774.03114366,0.19140040
774.26927519,0.18763928
774.50741700,0.18344418
774.74556910,0.17924908
774.98373147,0.18036502
775.22190413,0.18389882
775.46008705,0.18499409
775.69828025,0.17887711
775.93648372,0.17924908
776.17469745,0.17867045
776.41292145,0.18131563
776.65115570,0.17978639
776.88940022,0.18363017
777.12765499,0.17476467
777.36592001,0.17724453
777.60419528,0.16999094
777.84248079,0.16699444
778.08077655,0.16600250
778.31908256,0.16569252
778.55739879,0.16182807
778.79572527,0.16372930
779.03406198,0.16426660
779.27240891,0.16191073
779.51076608,0.15238394
779.74913346,0.15494646
779.98751107,0.15217728
780.22589890,0.17284278
780.46429695,0.15719900
780.70270520,0.15321056
780.94112367,0.15230128
781.17955235,0.16389462
781.41799123,0.15447115
781.65644031,0.15800495
781.89489959,0.15370653
782.13336907,0.15426450
782.37184874,0.14955276
782.61033861,0.15186730
782.84883866,0.15192930
783.08734890,0.14510968
783.32586931,0.14680425
783.56439991,0.14808551
783.80294069,0.14744488
784.04149164,0.15540110
784.28005276,0.15209462
784.51862406,0.16401861
784.75720551,0.16046415
784.99579713,0.16013350
785.23439891,0.16707711
785.47301085,0.15994751
785.71163295,0.16087746
785.95026519,0.16434926
786.18890759,0.16031949
786.42756013,0.15316923
786.66622282,0.14858149
786.90489564,0.14932544
787.14357861,0.13738079
787.38227171,0.13494226
787.62097494,0.12742002
787.85968831,0.12514681
788.09841180,0.12179900
788.33714541,0.12632474
788.57588915,0.11888517
788.81464301,0.12080706
789.05340698,0.12124103
789.29218106,0.12169567
789.53096526,0.12896993
789.76975956,0.13037518
790.00856397,0.13130513
790.24737848,0.13390898
790.48620309,0.13349567
790.72503780,0.14533700
790.96388260,0.14940811
791.20273749,0.15517378
791.44160247,0.15031739
791.68047754,0.15035872
791.91936269,0.14911879
792.15825792,0.14343578
792.39716323,0.14568832
792.63607861,0.13760811
792.87500406,0.13702947
793.11393958,0.14424173
793.35288517,0.13541756
793.59184082,0.13940600
793.83080653,0.13682282
794.06978230,0.13715347
794.30876813,0.14378709
794.54776401,0.13742212
794.78676993,0.12942457
795.02578591,0.13473560
795.26481193,0.13446695
795.50384798,0.13132580
795.74289408,0.13206975
795.98195022,0.13337168
796.22101638,0.13419830
796.46009258,0.13004453
796.69917880,0.13041651
796.93827505,0.13130513
797.17738132,0.13302037
797.41649761,0.12857728
797.65562392,0.14386975
797.89476024,0.14196853
798.13390657,0.13593420
798.37306290,0.14453105
798.61222925,0.13731879
798.85140559,0.14502702
799.09059194,0.13899269
799.32978828,0.14982142
799.56899462,0.14238184
799.80821094,0.14752755
800.04743726,0.14358044
800.28667356,0.13979865
800.52591985,0.13880671
800.76517611,0.14229917
801.00444236,0.14211318
801.24371857,0.14043928
801.48300476,0.14147255
801.72230092,0.14533700
801.96160705,0.14254716
802.20092314,0.15248726
802.44024919,0.15693035
802.67958519,0.16889567
802.91893116,0.17286345
803.15828707,0.17259479
803.39765294,0.17949707
803.63702875,0.18980915
803.87641450,0.18613070
804.11581020,0.18780460
804.35521584,0.19131774
804.59463141,0.18501476
804.83405692,0.18284488
805.07349235,0.19075977
805.31293772,0.19042912
805.55239300,0.18489077
805.79185821,0.18274155
806.03133334,0.18294821
806.27081839,0.17730653
806.51031335,0.17720320
806.74981822,0.17902176
806.98933300,0.17991038
807.22885768,0.17507465
807.46839227,0.17745119
807.70793675,0.17838113
807.94749114,0.17209882
808.18705542,0.16767641
808.42662959,0.16999094
808.66621364,0.16839970
808.90580759,0.16585784
809.14541141,0.16451458
809.38502512,0.16532054
809.62464871,0.16114611
809.86428217,0.15814961
810.10392550,0.15238394
810.34357870,0.14097658
810.58324177,0.13744278
810.82291470,0.12868061
811.06259749,0.12200566
811.30229015,0.12022842
811.54199265,0.10929637
811.78170501,0.09886030
812.02142722,0.09301196
812.26115928,0.08484909
812.50090118,0.08474576
812.74065292,0.07346240
812.98041450,0.07102387
813.22018592,0.07284244
813.45996717,0.05885189
813.69975825,0.05777729
813.93955916,0.05738464
814.17936989,0.05711599
814.41919045,0.05230093
814.65902083,0.05542142
814.89886102,0.04829182
815.13871102,0.04860181
815.37857084,0.04688657
815.61844047,0.04822983
815.85831990,0.04583263
816.09820913,0.04366275
816.33810817,0.04244349
816.57801700,0.04172020
816.81793562,0.04289813
817.05786404,0.04374541
817.29780225,0.03614051
817.53775024,0.03620251
817.77770801,0.03766976
818.01767557,0.03417729
818.25765290,0.03585119
818.49764001,0.03291669
818.73763689,0.03673981
818.97764354,0.03754577
819.21765996,0.03955032
819.45768614,0.03727711
819.69772209,0.03318535
819.93776779,0.03541722
820.17782324,0.03525190
820.41788845,0.03665715
820.65796341,0.03570654
820.89804812,0.03483859
821.13814257,0.03897168
821.37824677,0.04256748
821.61836070,0.04525400
821.85848437,0.04407606
822.09861777,0.05385084
822.33876090,0.05895522
822.57891376,0.06728342
822.81907635,0.07557028
823.05924866,0.08352650
823.29943069,0.09749637
823.53962243,0.11086695
823.77982389,0.12775066
824.02003506,0.14176187
824.26025594,0.16422527
824.50048652,0.19195837
824.74072681,0.20148516
824.98097680,0.21677763
825.22123648,0.22940425
825.46150586,0.25271493
825.70178493,0.24996642
825.94207369,0.25438884
826.18237214,0.26606484
826.42268027,0.27534365
826.66299808,0.27468235
826.90332557,0.28716431
827.14366273,0.28197727
827.38400957,0.29607114
827.62436608,0.29377727
827.86473225,0.30214680
828.10510809,0.29526519
828.34549359,0.30148550
828.58588874,0.29187605
828.82629356,0.28877622
829.06670802,0.27860880
829.30713214,0.27309111
829.54756590,0.26228306
829.78800931,0.25608341
830.02846236,0.25963787
830.26892505,0.25765398
830.50939738,0.25637272
830.74987934,0.25006975
830.99037093,0.24401476
831.23087215,0.24056362
831.47138299,0.23719514
831.71190346,0.23351668
831.95243355,0.22853630
832.19297325,0.22250197
832.43352257,0.21578569
832.67408150,0.21183857
832.91465003,0.20971003
833.15522818,0.19456222
833.39581592,0.18896187
833.63641327,0.18964383
833.87702022,0.17325609
834.11763676,0.16680845
834.35826289,0.15912089
834.59889861,0.15744698
834.83954392,0.14595697
835.08019881,0.14012930
835.32086328,0.13082982
835.56153733,0.13273105
835.80222095,0.12394821
836.04291415,0.11617799
836.28361692,0.10896573
836.52432926,0.10512194
836.76505116,0.10043088
837.00578262,0.09456187
837.24652364,0.08898219
837.48727421,0.08658499
837.72803434,0.08172860
837.96880402,0.07840145
838.20958325,0.07377238
838.45037202,0.07540496
838.69117033,0.07329708
838.93197819,0.07627291
839.17279558,0.07346240
839.41362250,0.08300986
839.65445896,0.08024068
839.89530494,0.08327851
840.13616045,0.08561371
840.37702548,0.08548972
840.61790003,0.09325995
840.85878410,0.09644243
841.09967768,0.08823823
841.34058078,0.08987081
841.58149338,0.08883753
841.82241549,0.08995347
842.06334710,0.08551039
842.30428821,0.08261722
842.54523883,0.08530373
842.78619893,0.08284454
843.02716853,0.07476433
843.26814762,0.07526030
843.50913619,0.06858534
843.75013425,0.07280110
843.99114179,0.06988727
844.23215881,0.07046590
844.47318530,0.06525820
844.71422127,0.07726485
844.95526670,0.07259445
845.19632161,0.07317308
845.43738597,0.06742808
845.67845980,0.07058990
845.91954309,0.07129252
846.16063584,0.06988727
846.40173803,0.06848202
846.64284968,0.07497098
846.88397078,0.06424559
847.12510132,0.06955662
847.36624130,0.07145785
847.60739073,0.07176783
847.84854959,0.07025925
848.08971788,0.07251179
848.33089561,0.07007326
848.57208276,0.07521897
848.81327934,0.08048867
849.05448534,0.08269988
849.29570076,0.08381582
849.53692560,0.09679375
849.77815986,0.09784769
850.01940353,0.10355137
850.26065660,0.11010233
850.50191908,0.11442142
850.74319097,0.11706660
850.98447225,0.12295627
851.22576294,0.12863928
851.46706301,0.13634751
851.70837248,0.13692614
851.94969135,0.14816818
852.19101959,0.15064804
852.43235722,0.16302667
852.67370424,0.17019760
852.91506063,0.17538464
853.15642640,0.18334085
853.39780154,0.18443612
853.63918605,0.18718464
853.88057992,0.19317763
854.12198317,0.19627745
854.36339577,0.19164838
854.60481773,0.19049112
854.84624905,0.19228901
855.08768973,0.18796992
855.32913975,0.18631668
855.57059912,0.17598394
855.81206784,0.17912509
856.05354590,0.17265679
856.29503330,0.17255346
856.53653004,0.16226205
856.77803611,0.15947220
857.01955151,0.15110268
857.26107624,0.18259690
857.50261030,0.15312790
857.74415367,0.15168131
857.98570637,0.13537623
858.22726839,0.14231984
858.46883972,0.13359900
858.71042037,0.13446695
858.95201032,0.12438219
859.19360958,0.12159235
859.43521814,0.11402877
859.67683601,0.11130093
859.91846317,0.12084839
860.16009963,0.10129883
860.40174538,0.10334471
860.64340042,0.10446065
860.88506474,0.10243543
861.12673835,0.10220811
861.36842125,0.09958359
861.61011342,0.10332405
861.85181487,0.10270408
862.09352559,0.10297273
862.33524558,0.10485329
862.57697484,0.10291074
862.81871336,0.10369602
863.06046114,0.11326415
863.30221819,0.11014366
863.54398449,0.11225154
863.78576004,0.11136292
864.02754485,0.10485329
864.26933890,0.10355137
864.51114220,0.10491529
864.75295474,0.10545259
864.99477653,0.11295417
865.23660755,0.10681651
865.47844780,0.10295207
865.72029728,0.10344804
865.96215600,0.10196012
866.20402394,0.10020356
866.44590110,0.09644243
866.68778748,0.09418990
866.92968308,0.09677308
867.17158790,0.09412790
867.41350193,0.09423123
867.65542516,0.09102807
867.89735761,0.09342527
868.13929926,0.09187536
868.38125011,0.09350793
868.62321015,0.09627711
868.86517940,0.10286940
869.10715783,0.09708306
869.34914546,0.10123683
869.59114227,0.10466730
869.83314827,0.10663053
870.07516344,0.10787045
870.31718780,0.10435732
870.55922133,0.10518394
870.80126404,0.10429532
871.04331592,0.10169147
871.28537696,0.10179480
871.52744717,0.10094751
871.76952655,0.09534716
872.01161508,0.10134016
872.25371277,0.09912895
872.49581961,0.09646310
872.73793560,0.09737238
872.98006075,0.08842422
873.22219503,0.09084208
873.46433846,0.08931284
873.70649103,0.09078009
873.94865274,0.08588237
874.19082358,0.08575837
874.43300356,0.08565504
874.67519266,0.08575837
874.91739089,0.07709953
875.15959824,0.07557028
875.40181471,0.06980461
875.64404031,0.07073456
875.88627501,0.06808937
876.12851883,0.06633280
876.37077176,0.06600216
876.61303379,0.05858324
876.85530493,0.06147641
877.09758517,0.05649603
877.33987451,0.05719865
877.58217294,0.06298499
877.82448047,0.06713876
878.06679709,0.06990794
878.30912279,0.06920531
878.55145758,0.07352440
878.79380145,0.07891809
879.03615440,0.07833946
879.27851643,0.07887676
879.52088753,0.07819480
879.76326770,0.07960005
880.00565694,0.08604769
880.24805524,0.08613035
880.49046260,0.08784559
880.73287903,0.08619235
880.97530451,0.09278464
881.21773905,0.08716363
881.46018264,0.08540706
881.70263527,0.09392124
881.94509695,0.09249532
882.18756768,0.09032545
882.43004744,0.09044944
882.67253625,0.09160671
882.91503409,0.09113140
883.15754095,0.08745294
883.40005685,0.08718429
883.64258178,0.08821757
883.88511573,0.08548972
884.12765869,0.08443578
884.37021068,0.08365049
884.61277168,0.08400180
884.85534170,0.08011669
885.09792072,0.07867011
885.34050876,0.07286310
885.58310579,0.07714086
885.82571183,0.07224314
886.06832686,0.06908132
886.31095090,0.06616748
886.55358392,0.06455557
886.79622594,0.05831459
887.03887694,0.05209428
887.28153693,0.05180496
887.52420589,0.05151564
887.76688384,0.05019305
888.00957077,0.04918044
888.25226667,0.04234016
888.49497154,0.04486135
888.73768537,0.04651459
888.98040818,0.04138955
889.22313994,0.03711179
889.46588067,0.04271214
889.70863035,0.03915767
889.95138899,0.03572720
890.19415657,0.03601652
890.43693311,0.03777309
890.67971859,0.03500391
890.92251302,0.02938289
891.16531639,0.03194542
891.40812869,0.02733701
891.65094993,0.02700636
891.89378010,0.03167676
892.13661920,0.02830829
892.37946723,0.03370198
892.62232418,0.03078815
892.86519005,0.03773175
893.10806484,0.03638850
893.35094854,0.04126556
893.59384116,0.03574787
893.83674269,0.04153421
894.07965312,0.04169953
894.32257246,0.04533666
894.56550070,0.04556398
894.80843784,0.05281757
895.05138388,0.04975907
895.29433881,0.05655802
895.53730263,0.05256958
895.78027533,0.05845925
896.02325692,0.05589673
896.26624740,0.05833526
896.50924675,0.05918254
896.75225498,0.06323298
896.99527208,0.06164174
897.23829806,0.06236503
897.48133290,0.06550618
897.72437661,0.06139375
897.96742918,0.06236503
898.21049061,0.05949252
898.45356090,0.06044314
898.69664005,0.06317098
898.93972804,0.05878990
899.18282488,0.06091844
899.42593057,0.06246836
899.66904511,0.06000916
899.91216848,0.06217904
900.15530069,0.06046380
900.39844174,0.06191039
900.64159162,0.06013315
900.88475033,0.06306766
901.12791786,0.06970128
901.37109422,0.07120986
901.61427940,0.07139585
901.85747340,0.07356573
902.10067621,0.07844279
902.34388784,0.08313385
902.58710827,0.08112930
902.83033752,0.08176993
903.07357557,0.08759760
903.31682242,0.08416713
903.56007807,0.08703963
903.80334251,0.08734962
904.04661575,0.08664699
904.28989778,0.08885820
904.53318860,0.09669042
904.77648820,0.09381792
905.01979659,0.09793035
905.26311375,0.09650443
905.50643969,0.09640110
905.74977441,0.09966625
905.99311789,0.10121616
906.23647015,0.09623578
906.47983117,0.09981091
906.72320095,0.09398324
906.96657950,0.10134016
907.20996680,0.09586380
907.45336285,0.09857098
907.69676766,0.09621511
907.94018122,0.10183613
908.18360352,0.09995557
908.42703457,0.10400601
908.67047435,0.09633911
908.91392288,0.09658709
909.15738014,0.09356993
909.40084613,0.09086275
909.64432085,0.09202002
909.88780430,0.09204068
910.13129648,0.09121406
910.37479737,0.08774226
910.61830699,0.08687431
910.86182531,0.08503508
911.10535236,0.07738885
911.34888811,0.08478709
911.59243257,0.07612825
911.83598573,0.07788482
912.07954760,0.07864944
912.32311816,0.07695487
912.56669743,0.08352650
912.81028538,0.07935207
913.05388203,0.07757483
913.29748736,0.08362983
913.54110138,0.07962072
913.78472408,0.07984804
914.02835547,0.07842212
914.27199552,0.08369182
914.51564426,0.07732685
914.75930166,0.07864944
915.00296774,0.08044734
915.24664247,0.08524173
915.49032588,0.08050934
915.73401794,0.08249322
915.97771866,0.08176993
916.22142803,0.08832089
916.46514606,0.09379725
916.70887274,0.09266065
916.95260806,0.08989147
917.19635202,0.09941827
917.44010463,0.09935627
917.68386588,0.10477063
917.92763576,0.10160881
918.17141427,0.11805855
918.41520141,0.12318359
918.65899718,0.12680005
918.90280158,0.12983788
919.14661459,0.13353700
919.39043623,0.13031319
919.63426648,0.14070793
919.87810534,0.14851949
920.12195281,0.16069147
920.36580890,0.16300600
920.60967358,0.17160285
920.85354687,0.17935241
921.09742876,0.17385539
921.34131924,0.16854436
921.58521832,0.17197483
921.82912599,0.16563052
922.07304225,0.16222071
922.31696709,0.14624628
922.56090052,0.14087326
922.80484252,0.13758744
923.04879310,0.12975522
923.29275226,0.12297693
923.53671999,0.11380145
923.78069629,0.10243543
924.02468115,0.10330338
924.26867458,0.09559515
924.51267656,0.08710163
924.75668711,0.08133596
925.00070621,0.07608692
925.24473386,0.07354506
925.48877006,0.07154051
925.73281481,0.06746941
925.97686810,0.05668202
926.22092994,0.05616538
926.46500031,0.05073035
926.70907921,0.04401407
926.95316665,0.04599795
927.19726262,0.03905435
927.44136712,0.04283613
927.68548014,0.03611985
927.92960168,0.03541722
928.17373175,0.03204874
928.41787032,0.03180076
928.66201741,0.02868027
928.90617302,0.02448517
929.15033713,0.02417519
929.39450974,0.02384454
929.63869086,0.02392720
929.88288047,0.02423718
930.12707859,0.02140601
930.37128520,0.03039550
930.61550029,0.02489848
930.85972388,0.03113946
931.10395595,0.02812230
931.34819651,0.02921757
931.59244554,0.03064349
931.83670306,0.02863894
932.08096904,0.03605785
932.32524350,0.03899235
932.56952643,0.04364209
932.81381782,0.04570864
933.05811768,0.04376608
933.30242600,0.05370618
933.54674278,0.04825049
933.79106801,0.05478079
934.03540169,0.05296223
934.27974382,0.05473946
934.52409440,0.05922387
934.76845343,0.06374962
935.01282089,0.06145575
935.25719680,0.06527886
935.50158114,0.06472090
935.74597391,0.06472090
935.99037511,0.06480356
936.23478474,0.06608482
936.47920279,0.06430759
936.72362927,0.07470233
936.96806417,0.06763473
937.21250748,0.07348307
937.45695920,0.06992860
937.70141934,0.06643613
937.94588788,0.06025715
938.19036483,0.05843858
938.43485019,0.06151774
938.67934394,0.05779795
938.92384608,0.05401617
939.16835663,0.05845925
939.41287556,0.06089778
939.65740288,0.06625014
939.90193859,0.05717799
940.14648268,0.05711599
940.39103515,0.05738464
940.63559600,0.05583473
940.88016523,0.05300356
941.12474282,0.05699200
941.36932879,0.05666135
941.61392312,0.05701266
941.85852581,0.05744664
942.10313687,0.05219760
942.34775628,0.05228027
942.59238405,0.04872580
942.83702017,0.04932510
943.08166464,0.05056503
943.32631746,0.05217694
943.57097862,0.04667992
943.81564813,0.05095767
944.06032597,0.05013105
944.30501215,0.05242492
944.54970666,0.05308622
944.79440950,0.04822983
945.03912067,0.04707256
945.28384016,0.05391284
945.52856798,0.04531599
945.77330412,0.04688657
946.01804857,0.04025295
946.26280133,0.03986030
946.50756241,0.04194752
946.75233179,0.04209218
946.99710948,0.03944699
947.24189548,0.04215417
947.48668977,0.03990163
947.73149236,0.04407606
947.97630324,0.03981897
948.22112242,0.04118289
948.46594988,0.04285680
948.71078563,0.03977764
948.95562966,0.04492335
949.20048198,0.03709112
949.44534257,0.03897168
949.69021144,0.03950899
949.93508857,0.04043894
950.17997398,0.04033561
950.42486766,0.03709112
950.66976959,0.04362142
950.91467979,0.03839305
951.15959825,0.04000496
951.40452496,0.03632650
951.64945993,0.03475592
951.89440314,0.03711179
952.13935461,0.03182142
952.38431431,0.02818429
952.62928226,0.02415452
952.87425845,0.02617974
953.11924287,0.02684104
953.36423553,0.02367922
953.60923642,0.02157134
953.85424553,0.02419585
954.09926287,0.01985610
954.34428843,0.02072405
954.58932222,0.01888482
954.83436421,0.02233596
955.07941443,0.01799620
955.32447285,0.01677694
955.56953948,0.01995943
955.81461432,0.01979410
956.05969736,0.01378044
956.30478860,0.01179656
956.54988803,0.01454507
956.79499567,0.01208587
957.04011149,0.01481372
957.28523550,0.01152790
957.53036770,0.01196188
957.77550808,0.01003999
958.02065664,0.01233386
958.26581338,0.01132125
958.51097830,0.01446240
958.75615139,0.01332580
959.00133264,0.01595032
959.24652207,0.01173456
959.49171965,0.01787221
959.73692540,0.01667361
959.98213931,0.01925680
960.22736137,0.01704559
960.47259159,0.02243929
960.71782995,0.05077168
960.96307647,0.02456783
961.20833112,0.02762633
961.45359392,0.03221407
961.69886486,0.03161477
961.94414394,0.02921757
962.18943115,0.03235873
962.43472648,0.03237939
962.68002995,0.03407396
962.92534154,0.03467326
963.17066126,0.03345400
963.41598909,0.03738044
963.66132504,0.03547922
963.90666911,0.03986030
964.15202128,0.03986030
964.39738157,0.04570864
964.64274996,0.04240216
964.88812645,0.04895312
965.13351104,0.04370408
965.37890374,0.05044104
965.62430452,0.04889112
965.86971340,0.04742387
966.11513036,0.05035837
966.36055542,0.05085435
966.60598855,0.05023438
966.85142977,0.04953175
967.09687907,0.04663858
967.34233644,0.04717589
967.58780188,0.04752720
967.83327539,0.04938710
968.07875697,0.05157764
968.32424661,0.05953386
968.56974432,0.05461547
968.81525008,0.05174296
969.06076390,0.05161897
969.30628577,0.05269358
969.55181570,0.05360286
969.79735367,0.05358219
970.04289968,0.04694857
970.28845374,0.04936643
970.53401583,0.04771319
970.77958597,0.05378885
971.02516413,0.04963508
971.27075033,0.04988307
971.51634455,0.04777519
971.76194680,0.05341687
972.00755708,0.04866380
972.25317537,0.05184629
972.49880168,0.04872580
972.74443600,0.05075102
972.99007834,0.05184629
973.23572868,0.05587606
973.48138703,0.05924454
973.72705338,0.06019515
973.97272774,0.06215837
974.21841009,0.06416293
974.46410043,0.06868867
974.70979877,0.06763473
974.95550510,0.05974051
975.20121941,0.06255102
975.44694171,0.06005049
975.69267199,0.05676468
975.93841024,0.05593806
976.18415647,0.06261301
976.42991068,0.05802527
976.67567285,0.05618604
976.92144299,0.05383018
977.16722110,0.05292090
977.41300717,0.05808727
977.65880119,0.05323088
977.90460317,0.05025505
978.15041311,0.05616538
978.39623099,0.05077168
978.64205683,0.05349953
978.88789061,0.05099900
979.13373233,0.04911844
979.37958199,0.04339410
979.62543958,0.04504734
979.87130511,0.04674191
980.11717857,0.04678324
980.36305996,0.04203018
980.60894928,0.04068692
980.85484651,0.03872370
981.10075167,0.04159620
981.34666475,0.03663648
981.59258573,0.03676048
981.83851463,0.03025084
982.08445144,0.03436328
982.33039616,0.02956888
982.57634878,0.02723368
982.82230930,0.02686170
983.06827771,0.03087081
983.31425403,0.02872160
983.56023823,0.02603508
983.80623032,0.02981687
984.05223031,0.02231529
984.29823817,0.02307992
984.54425391,0.02279060
984.79027754,0.01871950
985.03630904,0.02276993
985.28234841,0.02002142
985.52839565,0.02810163
985.77445076,0.02210864
986.02051374,0.02812230
986.26658457,0.02198465
986.51266327,0.03116013
986.75874982,0.02746100
987.00484422,0.03074682
987.25094647,0.03310268
987.49705658,0.03434261
987.74317452,0.03161477
987.98930031,0.03103613
988.23543394,0.03372265
988.48157541,0.03583053
988.72772471,0.03665715
988.97388184,0.04262948
989.22004680,0.03636783
989.46621959,0.04010829
989.71240020,0.03731844
989.95858862,0.04256748
990.20478487,0.03746310
990.45098893,0.04680391
990.69720080,0.04081091
990.94342048,0.03789708
991.18964797,0.03760776
991.43588326,0.04000496
991.68212635,0.03481792
991.92837724,0.03407396
992.17463593,0.03632650
992.42090240,0.03636783
992.66717667,0.03157344
992.91345872,0.03196608
993.15974856,0.02727501
993.40604618,0.03209007
993.65235158,0.02756433
993.89866475,0.02950689
994.14498570,0.02541512
994.39131441,0.02431985
994.63765090,0.02731634
994.88399515,0.02363789
995.13034716,0.02615908
995.37670693,0.02584909
995.62307445,0.02157134
995.86944973,0.01795487
996.11583276,0.01933946
996.36222354,0.02520846
996.60862206,0.02103403
996.85502833,0.02369988
997.10144233,0.02134402
997.34786408,0.01716958
997.59429355,0.01752090
997.84073076,0.01853351
998.08717570,0.01287116
998.33362836,0.01533036
998.58008875,0.01142458
998.82655685,0.01630163
999.07303267,0.02194331
999.31951621,0.01669428
999.56600746,0.01357379
999.81250642,0.01344979
1000.05901309,0.01264384
1000.30552746,0.01332580
1000.55204953,0.01185855
1000.79857929,0.01524769
1001.04511676,0.01599165
1001.29166191,0.01828552
1001.53821476,0.01057729
1001.78477529,0.01369778
1002.03134351,0.01433841
1002.27791941,0.01630163
1002.52450299,0.01603298
1002.77109424,0.01747957
1003.01769317,0.01303648
1003.26429976,0.01630163
1003.51091403,0.01444174
1003.75753596,0.01468972
1004.00416555,0.01349113
1004.25080280,0.02012475
1004.49744771,0.01725225
1004.74410027,0.01440041
1004.99076048,0.01514437
1005.23742834,0.01493771
1005.48410384,0.01933946
1005.73078699,0.01671494
1005.97747778,0.01929813
1006.22417620,0.01628097
1006.47088226,0.01702493
1006.71759595,0.01547501
1006.96431727,0.01933946
1007.21104622,0.01599165
1007.45778279,0.01950479
1007.70452698,0.01491705
1007.95127879,0.01586766
1008.19803821,0.01704559
1008.44480524,0.01791354
1008.69157988,0.01706626
1008.93836213,0.01902948
1009.18515199,0.01661162
1009.43194944,0.01665295
1009.67875450,0.01615698
1009.92556715,0.01446240
1010.17238739,0.01623964
1010.41921522,0.01597099
1010.66605064,0.01683894
1010.91289364,0.01644629
1011.15974422,0.01404909
1011.40660239,0.01243719
1011.65346813,0.01161057
1011.90034144,0.01898815
1012.14722232,0.01667361
1012.39411078,0.01417309
1012.64100679,0.01692160
1012.88791037,0.01778955
1013.13482151,0.01657029
1013.38174020,0.01933946
1013.62866645,0.02392720
1013.87560025,0.02376188
1014.12254160,0.01814086
1014.36949049,0.02297659
1014.61644693,0.02539445
1014.86341091,0.02250128
1015.11038242,0.02002142
1015.35736147,0.02200531
1015.60434805,0.02177799
1015.85134216,0.02117869
1016.09834379,0.02239796
1016.34535295,0.01991810
1016.59236963,0.02237729
1016.83939383,0.02124069
1017.08642554,0.02004209
1017.33346476,0.02070338
1017.58051150,0.01917414
1017.82756574,0.01543368
1018.07462748,0.01597099
1018.32169673,0.01688027
1018.56877347,0.01365645
1018.81585771,0.01764489
1019.06294945,0.01429708
1019.31004867,0.01169323
1019.55715538,0.00904804
1019.80426957,0.01477239
1020.05139125,0.01688027
1020.29852041,0.01301582
1020.54565704,0.00811810
1020.79280114,0.01152790
1021.03995272,0.00648552
1021.28711177,0.01289183
1021.53427828,0.01105260
1021.78145225,0.01171389
1022.02863368,0.00751880
1022.27582257,0.00714682
1022.52301891,0.01276783
1022.77022270,0.00954402
1023.01743395,0.00818009
1023.26465263,0.00706416
1023.51187876,0.00173246
1023.75911234,0.00663018
1024.00635335,0.00433631
1024.25360179,0.00766346
1024.50085766,0.00524559
1024.74812097,0.00840741
1024.99539170,0.00621687
1025.24266985,0.00749813
1025.48995543,0.00603088
1025.73724842,0.00549358
1025.98454883,0.00863473
1026.23185665,0.00441897
1026.47917188,0.00450163
1026.72649452,0.00815943
1026.97382456,0.00704349
1027.22116200,0.00398500
1027.46850685,0.00549358
1027.71585908,0.00439831
1027.96321872,0.00652685
1028.21058574,0.00402633
1028.45796014,-0.01085283
1028.70534194,-0.01000555
1028.95273111,-0.01157612
1029.20012767,-0.01062551
1029.44753160,-0.01062551
1029.69494290,-0.00928225
