195.95165235,0.00140167
196.15151677,-0.00099496
196.35139989,-0.00016264
196.55130171,-0.00356034
196.75122222,-0.00119169
196.95116143,-0.00207290
197.15111932,0.00092464
197.35109589,0.00287030
197.55109115,-0.00198801
197.75110507,-0.00278974
197.95113767,-0.00126852
198.15118894,-0.00331205
198.35125887,-0.00160454
198.55134747,-0.00331139
198.75145472,0.00162516
198.95158062,0.00230252
199.15172517,-0.00051362
199.35188837,-0.00052389
199.55207021,-0.00072174
199.75227069,-0.00002407
199.95248980,0.00157892
200.15272755,0.00126271
200.35298392,0.00004505
200.55325891,-0.00219722
200.75355253,-0.00056826
200.95386476,-0.00111863
201.15419561,-0.00044215
201.35454506,-0.00090859
201.55491312,0.00030738
201.75529978,-0.00049150
201.95570504,-0.00029842
202.15612889,-0.00129451
202.35657133,0.00139107
202.55703236,-0.00076569
202.75751198,-0.00192876
202.95801017,-0.00262074
203.15852694,0.00003512
203.35906228,0.00029493
203.55961619,0.00038441
203.76018866,-0.00327979
203.96077969,-0.00060297
204.16138928,-0.00022848
204.36201743,-0.00010196
204.56266412,0.00081972
204.76332936,0.00054821
204.96401315,0.00182403
205.16471547,0.00198184
205.36543633,0.00050374
205.56617572,0.00015954
205.76693363,0.00376294
205.96771007,0.00087072
206.16850503,-0.00024050
206.36931851,0.00014265
206.57015050,0.00121207
206.77100100,0.00091026
206.97187001,-0.00110108
207.17275752,0.00273203
207.37366352,0.00021883
207.57458802,-0.00174416
207.77553101,-0.00064298
207.97649249,-0.00110518
208.17747245,-0.00032011
208.37847089,0.00006456
208.57948781,-0.00038526
208.78052320,0.00325663
208.98157706,-0.00111035
209.18264938,-0.00031915
209.38374017,-0.00085527
209.58484941,0.00153729
209.78597710,0.00303070
209.98712325,-0.00323502
210.18828784,0.00046979
210.38947088,-0.00162083
210.59067235,-0.00046070
210.79189226,-0.00411921
210.99313061,0.00231051
211.19438738,-0.00248694
211.39566257,0.00040468
211.59695619,0.00003048
211.79826822,0.00317430
211.99959866,-0.00093814
212.20094752,-0.00397216
212.40231478,-0.00286681
212.60370044,-0.00043884
212.80510450,0.00195535
213.00652696,-0.00314248
213.20796781,-0.00261577
213.40942704,0.00194074
213.61090466,0.00199906
213.81240066,-0.00054847
214.01391504,-0.00008196
214.21544779,-0.00017224
214.41699890,-0.00045613
214.61856839,-0.00273586
214.82015623,-0.00278686
215.02176243,0.00017312
215.22338699,0.00064479
215.42502990,-0.00127508
215.62669115,-0.00175807
215.82837075,0.00193488
216.03006868,-0.00081295
216.23178496,-0.00035651
216.43351956,-0.00079811
216.63527249,0.00190934
216.83704375,0.00191109
217.03883333,0.00261234
217.24064123,0.00104102
217.44246744,-0.00241468
217.64431195,0.00106486
217.84617478,-0.00031518
218.04805591,0.00008012
218.24995534,0.00188636
218.45187306,0.00246311
218.65380907,0.00250650
218.85576337,0.00127529
219.05773596,-0.00031322
219.25972683,-0.00356282
219.46173597,-0.00053283
219.66376339,-0.00105312
219.86580907,0.00143141
220.06787302,-0.00020662
220.26995524,0.00306862
220.47205571,-0.00174662
220.67417443,-0.00044414
220.87631141,0.00041184
221.07846663,0.00196465
221.28064010,-0.00017469
221.48283181,0.00066863
221.68504175,-0.00103858
221.88726993,0.00029248
222.08951633,0.00136223
222.29178096,-0.00287873
222.49406382,0.00231157
222.69636488,-0.00078817
222.89868417,-0.00322078
223.10102166,0.00055716
223.30337736,-0.00094104
223.50575126,-0.00070608
223.70814337,0.00073971
223.91055366,-0.00135383
224.11298215,0.00036431
224.31542883,-0.00408082
224.51789369,0.00199635
224.72037673,-0.00301200
224.92287795,0.00132557
225.12539735,-0.00076969
225.32793491,-0.00144408
225.53049064,-0.00362107
225.73306453,0.00118130
225.93565658,0.00054391
226.13826679,0.00047075
226.34089514,0.00068585
226.54354164,-0.00293030
226.74620629,0.00253259
226.94888908,-0.00193307
227.15159000,0.00075434
227.35430906,0.00026903
227.55704625,0.00019226
227.75980156,0.00145625
227.96257499,0.00286103
228.16536654,0.00095544
228.36817621,0.00171557
228.57100398,-0.00079112
228.77384987,-0.00049356
228.97671385,-0.00016959
229.17959594,0.00148706
229.38249612,-0.00209807
229.58541439,-0.00180335
229.78835076,0.00141353
229.99130520,0.00077971
230.19427773,0.00050185
230.39726834,-0.00085567
230.60027702,0.00458937
230.80330377,-0.00145179
231.00634858,-0.00008898
231.20941146,-0.00111300
231.41249240,-0.00255324
231.61559139,0.00030115
231.81870844,0.00176233
232.02184353,-0.00014972
232.22499666,-0.00205243
232.42816784,-0.00070578
232.63135705,-0.00173853
232.83456430,0.00040501
233.03778958,-0.00052025
233.24103288,-0.00086620
233.44429420,-0.00068663
233.64757355,-0.00051362
233.85087090,0.00010490
234.05418627,-0.00298292
234.25751965,-0.00022185
234.46087103,-0.00082556
234.66424040,0.00041627
234.86762778,0.00042250
235.07103315,-0.00208648
235.27445650,-0.00215996
235.47789784,-0.00004394
235.68135717,-0.00221219
235.88483447,0.00240608
236.08832974,0.00054749
236.29184299,0.00159124
236.49537420,-0.00403022
236.69892338,0.00200038
236.90249051,-0.00141000
237.10607560,-0.00306592
237.30967864,-0.00307694
237.51329963,-0.00264720
237.71693857,-0.00021032
237.92059544,0.00045197
238.12427025,0.00396318
238.32796300,-0.00307658
238.53167367,0.00210852
238.73540228,0.00169735
238.93914880,0.00158428
239.14291324,-0.00013859
239.34669560,-0.00013780
239.55049587,0.00070387
239.75431405,-0.00006848
239.95815013,0.00051735
240.16200411,-0.00047464
240.36587599,-0.00178636
240.56976576,-0.00026292
240.77367342,-0.00088077
240.97759896,0.00029804
241.18154239,0.00021505
241.38550369,-0.00052853
241.58948287,-0.00066577
241.79347992,-0.00102205
241.99749484,0.00238174
242.20152762,-0.00064590
242.40557826,0.00130106
242.60964676,0.00007714
242.81373311,0.00223122
243.01783730,0.00004339
243.22195934,-0.00029133
243.42609923,0.00018404
243.63025695,0.00010612
243.83443250,0.00020746
244.03862589,-0.00254437
244.24283710,0.00397894
244.44706613,0.00067784
244.65131298,-0.00260484
244.85557765,0.00173239
245.05986013,-0.00053939
245.26416042,-0.00208913
245.46847851,-0.00015227
245.67281440,0.00071228
245.87716809,0.00181446
246.08153957,-0.00095495
246.28592885,-0.00247190
246.49033590,0.00048566
246.69476074,-0.00137629
246.89920336,-0.00116645
247.10366375,0.00169106
247.30814192,-0.00050736
247.51263785,0.00025578
247.71715155,0.00321924
247.92168300,0.00013934
248.12623221,0.00427217
248.33079918,0.00186341
248.53538389,0.00099869
248.73998635,0.00086343
248.94460655,0.00057912
249.14924448,0.00231554
249.35390016,0.00225970
249.55857356,-0.00296086
249.76326469,0.00120117
249.96797354,-0.00016131
250.17270011,0.00310117
250.37744440,-0.00109578
250.58220640,-0.00071671
250.78698610,-0.00044255
250.99178352,0.00180684
251.19659863,-0.00135913
251.40143144,0.00006028
251.60628194,0.00084913
251.81115014,0.00107648
252.01603602,0.00042445
252.22093958,0.00016709
252.42586082,0.00018829
252.63079974,0.00249391
252.83575632,-0.00388887
253.04073058,0.00145288
253.24572250,0.00157862
253.45073208,0.00169708
253.65575931,0.00062299
253.86080420,-0.00154499
254.06586674,-0.00010544
254.27094692,-0.00182451
254.47604475,-0.00099397
254.68116021,0.00107811
254.88629331,-0.00058900
255.09144404,0.00229908
255.29661240,0.00141747
255.50179838,0.00096603
255.70700198,0.00046273
255.91222319,-0.00127610
256.11746202,0.00072815
256.32271846,0.00450042
256.52799250,0.00215587
256.73328414,0.00070765
256.93859338,0.00100465
257.14392021,0.00098710
257.34926464,-0.00090078
257.55462665,0.00250944
257.76000624,-0.00233642
257.96540341,-0.00120494
258.17081816,0.00138611
258.37625048,0.00067459
258.58170037,-0.00088213
258.78716782,-0.00142066
258.99265284,0.00308269
259.19815541,0.00254087
259.40367553,0.00342937
259.60921320,0.00162886
259.81476842,-0.00138460
260.02034118,0.00258088
260.22593148,0.00005670
260.43153931,-0.00014581
260.63716468,0.00086407
260.84280757,-0.00079420
261.04846799,-0.00171635
261.25414593,0.00279787
261.45984138,-0.00168992
261.66555434,-0.00005315
261.87128482,-0.00179076
262.07703280,0.00186377
262.28279828,0.00049463
262.48858126,0.00222896
262.69438173,0.00024253
262.90019970,0.00074236
263.10603515,0.00216568
263.31188808,0.00208305
263.51775850,-0.00014912
263.72364639,0.00221698
263.92955175,0.00059813
264.13547458,0.00045555
264.34141487,0.00093388
264.54737263,0.00195468
264.75334784,-0.00219067
264.95934051,-0.00062152
265.16535062,-0.00068895
265.37137818,0.00088907
265.57742319,0.00027426
265.78348563,0.00139932
265.98956551,-0.00094462
266.19566282,0.00068797
266.40177756,-0.00159527
266.60790972,-0.00030849
266.81405931,-0.00418339
267.02022631,-0.00067637
267.22641072,-0.00173456
267.43261254,0.00185182
267.63883177,0.00205152
267.84506840,-0.00100411
268.05132243,-0.00239706
268.25759385,0.00235959
268.46388266,-0.00170515
268.67018886,0.00014795
268.87651245,-0.00205541
269.08285341,-0.00379896
269.28921175,-0.00448106
269.49558746,-0.00212787
269.70198054,0.00113603
269.90839099,0.00265434
270.11481880,0.00098650
270.32126396,-0.00179414
270.52772648,-0.00237163
270.73420635,0.00461587
270.94070356,0.00332154
271.14721812,0.00125907
271.35375002,0.00026608
271.56029925,-0.00053078
271.76686582,0.00027135
271.97344971,-0.00131071
272.18005093,0.00154322
272.38666947,0.00012524
272.59330532,0.00103724
272.79995849,0.00204099
273.00662897,-0.00000552
273.21331676,0.00242840
273.42002184,0.00247901
273.62674423,-0.00255192
273.83348391,-0.00158997
274.04024088,-0.00357474
274.24701514,0.00046585
274.45380668,-0.00020238
274.66061550,-0.00235308
274.86744160,0.00127993
275.07428498,-0.00098238
275.28114562,-0.00039718
275.48802352,0.00244063
275.69491869,-0.00086527
275.90183112,0.00106191
276.10876080,-0.00484330
276.31570773,-0.00187498
276.52267191,0.00438232
276.72965333,0.00044469
276.93665199,0.00148080
277.14366789,-0.00141338
277.35070102,0.00199403
277.55775137,-0.00010481
277.76481895,-0.00121951
277.97190376,-0.00151982
278.17900578,0.00131066
278.38612501,0.00199522
278.59326146,-0.00101311
278.80041511,0.00045390
279.00758596,0.00019855
279.21477401,0.00135928
279.42197926,0.00344673
279.62920170,-0.00120235
279.83644133,0.00096305
280.04369814,-0.00111697
280.25097213,-0.00099377
280.45826330,-0.00088710
280.66557164,-0.00174741
280.87289715,0.00326626
281.08023982,0.00471410
281.28759966,-0.00197864
281.49497666,0.00311800
281.70237081,0.00170428
281.90978211,-0.00080036
282.11721056,-0.00261279
282.32465616,-0.00113022
282.53211889,0.00471274
282.73959876,0.00176985
282.94709576,0.00179333
283.15460989,-0.00183127
283.36214115,-0.00197142
283.56968952,0.00052503
283.77725502,-0.00154969
283.98483763,-0.00207422
284.19243735,0.00031420
284.40005417,-0.00004321
284.60768810,0.00045297
284.81533913,-0.00051621
285.02300725,0.00029913
285.23069247,0.00349385
285.43839477,0.00164818
285.64611416,0.00312205
285.85385063,0.00058024
286.06160417,-0.00035184
286.26937479,-0.00146233
286.47716248,0.00198992
286.68496724,0.00075262
286.89278906,0.00375155
287.10062793,-0.00374636
287.30848386,0.00143817
287.51635685,0.00289213
287.72424688,-0.00163067
287.93215395,0.00260638
288.14007806,-0.00119897
288.34801921,0.00036116
288.55597740,-0.00041384
288.76395261,0.00311538
288.97194485,0.00160939
289.17995411,0.00223321
289.38798039,-0.00113684
289.59602368,0.00277304
289.80408398,-0.00125358
290.01216129,0.00045528
290.22025561,0.00005237
290.42836692,-0.00054896
290.63649523,-0.00222776
290.84464053,-0.00067968
291.05280282,-0.00165084
291.26098209,0.00242059
291.46917835,-0.00037036
291.67739158,0.00340453
291.88562179,0.00264202
292.09386897,-0.00134615
292.30213311,0.00140492
292.51041422,-0.00213215
292.71871228,0.00025114
292.92702730,0.00170232
293.13535928,0.00166231
293.34370820,-0.00184358
293.55207406,-0.00355620
293.76045686,0.00150143
293.96885661,0.00152335
294.17727328,-0.00145932
294.38570689,-0.00107531
294.59415742,0.00207444
294.80262487,0.00107781
295.01110924,0.00215253
295.21961052,0.00056948
295.42812872,-0.00007895
295.63666382,0.00074666
295.84521583,0.00219913
296.05378474,-0.00498651
296.26237054,0.00075464
296.47097324,0.00109102
296.67959282,0.00059614
296.88822929,0.00086112
297.09688264,-0.00110074
297.30555287,-0.00061662
297.51423998,0.00263559
297.72294395,-0.00112757
297.93166479,-0.00088607
298.14040250,0.00075358
298.34915706,-0.00203259
298.55792848,0.00226401
298.76671675,0.00473294
298.97552187,0.00075097
299.18434383,0.00426521
299.39318264,0.00080025
299.60203828,0.00189950
299.81091075,0.00042846
300.01980006,-0.00140417
300.22870619,-0.00052879
300.43762914,-0.00341459
300.64656892,-0.00036148
300.85552550,-0.00027974
301.06449890,-0.00082586
301.27348911,0.00258128
301.48249612,0.00040395
301.69151993,0.00000203
301.90056054,-0.00038002
302.10961794,0.00175955
302.31869213,0.00131232
302.52778310,0.00060246
302.73689086,0.00080283
302.94601539,0.00107788
303.15515670,0.00094928
303.36431478,0.00055345
303.57348963,-0.00076108
303.78268124,-0.00152247
303.99188961,0.00006986
304.20111474,-0.00038532
304.41035662,0.00147443
304.61961524,0.00097624
304.82889062,0.00153488
305.03818273,0.00161005
305.24749158,-0.00120016
305.45681716,0.00052533
305.66615948,-0.00151975
305.87551852,-0.00044881
306.08489429,0.00100008
306.29428677,0.00123658
306.50369597,-0.00100218
306.71312188,-0.00044351
306.92256450,0.00141452
307.13202382,-0.00401167
307.34149984,0.00050291
307.55099256,0.00185179
307.76050198,0.00008890
307.97002808,0.00104320
308.17957087,0.00034904
308.38913034,-0.00005113
308.59870649,-0.00477714
308.80829931,0.00176581
309.01790881,0.00249319
309.22753497,0.00220976
309.43717780,-0.00331950
309.64683728,0.00318953
309.85651343,-0.00078834
310.06620622,-0.00308088
310.27591567,0.00253028
310.48564176,-0.00293874
310.69538449,-0.00108915
310.90514386,-0.00027213
311.11491986,-0.00188270
311.32471250,0.00087499
311.53452176,0.00034143
311.74434764,0.00219631
311.95419014,-0.00063106
312.16404926,0.00129477
312.37392499,0.00124721
312.58381733,0.00144963
312.79372628,0.00159449
313.00365182,0.00192097
313.21359397,-0.00095820
313.42355270,-0.00175794
313.63352803,-0.00101381
313.84351994,-0.00283138
314.05352843,0.00019027
314.26355351,0.00079958
314.47359516,-0.00068498
314.68365338,0.00162327
314.89372816,-0.00159858
315.10381952,-0.00319627
315.31392743,-0.00139384
315.52405190,0.00024389
315.73419292,0.00049364
315.94435049,-0.00385324
316.15452461,0.00251471
316.36471526,0.00080290
316.57492246,0.00270952
316.78514619,-0.00084308
316.99538646,-0.00132280
317.20564324,0.00454645
317.41591656,-0.00117851
317.62620639,0.00110063
317.83651274,0.00040594
318.04683560,-0.00069256
318.25717497,0.00138134
318.46753084,0.00312237
318.67790322,0.00262450
318.88829209,0.00062597
319.09869746,0.00223188
319.30911932,-0.00116002
319.51955766,0.00110460
319.73001249,-0.00184862
319.94048380,0.00314783
320.15097158,-0.00098761
320.36147583,0.00177183
320.57199655,0.00278430
320.78253374,0.00154557
320.99308739,-0.00033700
321.20365749,0.00374459
321.41424405,-0.00266545
321.62484706,0.00008184
321.83546651,-0.00016529
322.04610240,0.00214319
322.25675474,0.00214524
322.46742351,-0.00201540
322.67810870,-0.00304313
322.88881033,0.00192693
323.09952838,-0.00111101
323.31026285,0.00164191
323.52101374,-0.00260915
323.73178104,0.00046251
323.94256475,0.00152534
324.15336487,0.00108487
324.36418138,0.00108937
324.57501430,0.00237813
324.78586360,-0.00203750
324.99672930,0.00160770
325.20761139,0.00077216
325.41850986,-0.00304214
325.62942471,-0.00049580
325.84035593,-0.00053939
326.05130353,0.00160042
326.26226749,-0.00049147
326.47324782,-0.00087981
326.68424451,0.00099644
326.89525756,0.00152865
327.10628696,-0.00048521
327.31733271,0.00220280
327.52839481,-0.00077303
327.73947325,0.00166496
327.95056803,0.00195137
328.16167915,-0.00091574
328.37280659,0.00349422
328.58395037,-0.00088342
328.79511046,-0.00227147
329.00628688,0.00037024
329.21747962,-0.00136642
329.42868867,0.00029016
329.63991403,-0.00270109
329.85115569,0.00015159
330.06241365,0.00200164
330.27368792,-0.00120450
330.48497848,-0.00035518
330.69628533,-0.00195446
330.90760846,-0.00032160
331.11894788,0.00074202
331.33030358,0.00300192
331.54167556,0.00183288
331.75306381,0.00100684
331.96446832,-0.00070451
332.17588911,-0.00034691
332.38732615,0.00342023
332.59877945,0.00142678
332.81024901,-0.00185134
333.02173481,0.00096004
333.23323686,-0.00095681
333.44475516,-0.00331106
333.65628969,0.00238337
333.86784046,0.00019822
334.07940747,0.00135729
334.29099070,-0.00134059
334.50259015,0.00133848
334.71420583,0.00085814
334.92583772,-0.00129826
335.13748582,0.00308660
335.34915014,0.00214472
335.56083066,0.00443955
335.77252739,0.00130212
335.98424031,0.00081680
336.19596943,0.00141505
336.40771473,0.00565678
336.61947623,0.00229342
336.83125391,0.00077117
337.04304777,0.00029850
337.25485781,0.00198644
337.46668402,-0.00077926
337.67852640,-0.00110439
337.89038494,0.00054457
338.10225965,-0.00276897
338.31415051,-0.00029319
338.52605753,0.00253690
338.73798070,0.00147791
338.94992001,0.00101525
339.16187547,0.00086920
339.37384707,0.00318470
339.58583481,-0.00094038
339.79783867,-0.00269154
340.00985867,0.00302712
340.22189479,-0.00078447
340.43394703,-0.00107922
340.64601539,0.00044171
340.85809986,-0.00180782
341.07020044,-0.00173155
341.28231713,0.00356595
341.49444992,-0.00125097
341.70659882,-0.00066322
341.91876380,0.00051146
342.13094488,0.00240897
342.34314204,0.00101495
342.55535529,-0.00007269
342.76758462,0.00244427
342.97983003,0.00001597
343.19209151,-0.00024967
343.40436906,0.00182241
343.61666268,0.00146413
343.82897235,0.00234375
344.04129809,0.00179393
344.25363988,0.00265169
344.46599772,0.00042449
344.67837161,0.00007287
344.89076154,-0.00236275
345.10316751,0.00063419
345.31558952,0.00094746
345.52802756,0.00343759
345.74048163,-0.00119440
345.95295173,-0.00019575
346.16543784,0.00234766
346.37793998,0.00167914
346.59045813,0.00364133
346.80299228,-0.00171734
347.01554245,0.00412532
347.22810862,-0.00282190
347.44069079,0.00024320
347.65328895,-0.00427605
347.86590310,-0.00034389
348.07853325,-0.00296308
348.29117938,0.00194488
348.50384148,0.00090146
348.71651957,0.00188593
348.92921363,0.00054407
349.14192366,-0.00065259
349.35464966,0.00119290
349.56739161,-0.00176006
349.78014953,-0.00057281
349.99292340,0.00002014
350.20571322,0.00164575
350.41851899,-0.00134105
350.63134071,-0.00156023
350.84417836,-0.00117589
351.05703196,0.00095096
351.26990148,-0.00028673
351.48278693,-0.00108259
351.69568831,0.00331621
351.90860561,0.00347239
352.12153883,-0.00038264
352.33448796,-0.00136211
352.54745301,0.00275449
352.76043396,0.00602235
352.97343081,-0.00301968
353.18644357,0.00175557
353.39947222,0.00272249
353.61251676,0.00180979
353.82557719,0.00283722
354.03865351,0.00414181
354.25174570,-0.00184140
354.46485378,0.00117905
354.67797773,0.00031202
354.89111754,0.00099574
355.10427323,-0.00181235
355.31744478,-0.00119380
355.53063218,0.00161264
355.74383545,0.00482590
355.95705456,0.00128251
356.17028952,0.00454907
356.38354033,-0.00349473
356.59680697,0.00092418
356.81008946,0.00045363
357.02338777,-0.00187233
357.23670192,0.00143009
357.45003189,0.00251769
357.66337769,0.00143108
357.87673930,-0.00070597
358.09011673,0.00064214
358.30350996,0.00082707
358.51691901,-0.00062417
358.73034386,0.00063190
358.94378451,-0.00004984
359.15724095,0.00261493
359.37071319,-0.00304088
359.58420122,0.00455394
359.79770503,0.00122369
360.01122463,0.00095902
360.22476000,0.00220426
360.43831115,0.00371518
360.65187806,-0.00122401
360.86546075,-0.00178059
361.07905919,-0.00225455
361.29267340,0.00197786
361.50630336,-0.00094806
361.71994907,0.00107513
361.93361053,0.00224910
362.14728774,0.00061800
362.36098069,0.00063985
362.57468937,0.00001302
362.78841379,0.00159018
363.00215394,0.00151308
363.21590981,0.00036753
363.42968141,0.00327087
363.64346873,-0.00089700
363.85727176,0.00208103
364.07109050,-0.00042069
364.28492495,0.00226235
364.49877510,-0.00080374
364.71264096,0.00287027
364.92652251,-0.00065192
365.14041975,0.00009764
365.35433268,0.00188719
365.56826130,-0.00031620
365.78220560,-0.00106086
365.99616558,-0.00319759
366.21014124,0.00048569
366.42413256,0.00168417
366.63813955,-0.00481112
366.85216221,-0.00109564
367.06620052,0.00073546
367.28025449,0.00207344
367.49432411,-0.00024834
367.70840938,0.00150619
367.92251030,-0.00012826
368.13662686,0.00169106
368.35075905,0.00174564
368.56490688,0.00002684
368.77907034,0.00035660
368.99324943,0.00328246
369.20744414,0.00182638
369.42165446,0.00375543
369.63588041,0.00310945
369.85012196,0.00247305
370.06437912,-0.00056059
370.27865189,0.00146745
370.49294026,-0.00016171
370.70724422,0.00242443
370.92156378,0.00177273
371.13589893,0.00276614
371.35024966,0.00080422
371.56461598,-0.00068362
371.77899788,0.00077382
371.99339534,0.00189477
372.20780838,0.00154123
372.42223699,0.00563518
372.63668116,0.00313326
372.85114090,0.00105963
373.06561618,0.00153488
373.28010703,0.00218757
373.49461342,0.00180088
373.70913535,0.00187099
373.92367283,0.00174200
374.13822584,-0.00063914
374.35279439,-0.00041937
374.56737847,-0.00108240
374.78197808,0.00271289
374.99659321,0.00259479
375.21122386,0.00333008
375.42587002,0.00339162
375.64053170,0.00221499
375.85520888,0.00100230
376.06990157,0.00043574
376.28460976,0.00499852
376.49933345,0.00345580
376.71407263,0.00149093
376.92882731,0.00019491
377.14359746,0.00209444
377.35838311,0.00084853
377.57318422,0.00155256
377.78800082,0.00378954
378.00283289,0.00084519
378.21768042,0.00499660
378.43254342,0.00124380
378.64742188,0.00297850
378.86231579,0.00188255
379.07722516,0.00044104
379.29214998,0.00165834
379.50709024,0.00404717
379.72204595,-0.00289794
379.93701709,0.00034904
380.15200367,0.00403216
380.36700568,0.00035798
380.58202311,0.00136392
380.79705597,0.00157641
381.01210425,0.00372141
381.22716795,0.00050251
381.44224706,0.00224380
381.65734157,0.00105042
381.87245150,0.00134272
382.08757682,0.00332677
382.30271754,0.00175896
382.51787365,0.00490016
382.73304516,0.00422918
382.94823205,0.00337807
383.16343433,0.00155213
383.37865198,0.00201284
383.59388501,0.00221897
383.80913341,0.00479411
384.02439718,0.00454148
384.23967631,0.00514278
384.45497081,0.00314515
384.67028066,-0.00037803
384.88560586,0.00147205
385.10094642,0.00185480
385.31630232,0.00320178
385.53167356,0.00465190
385.74706014,0.00323908
385.96246206,-0.00044321
386.17787931,0.00263838
386.39331188,0.00312502
386.60875978,0.00350409
386.82422300,0.00251266
387.03970154,0.00458308
387.25519539,0.00349200
387.47070454,0.00441372
387.68622901,0.00538819
387.90176877,0.00545899
388.11732383,0.00190242
388.33289419,0.00206576
388.54847984,0.00358410
388.76408077,0.00355582
388.97969699,0.00492248
389.19532849,0.00298870
389.41097526,0.00486751
389.62663730,0.00458941
389.84231462,0.00643810
390.05800720,0.00233273
390.27371504,0.00392959
390.48943813,0.00269269
390.70517648,0.00242344
390.92093008,0.00259373
391.13669893,0.00576732
391.35248302,0.00303520
391.56828235,0.00235227
391.78409691,0.00535547
391.99992671,0.00331452
392.21577173,0.00310415
392.43163198,0.00332009
392.64750745,0.00290465
392.86339813,0.00370995
393.07930403,0.00232733
393.29522514,0.00290793
393.51116145,0.00487794
393.72711297,0.00360229
393.94307968,0.00565913
394.15906159,0.00750362
394.37505869,0.00229216
394.59107097,0.00446184
394.80709844,0.00455069
395.02314109,0.00306583
395.23919892,0.00585258
395.45527192,0.00434092
395.67136009,0.00391658
395.88746342,0.00585926
396.10358191,0.00590738
396.31971556,0.00524200
396.53586437,0.00725963
396.75202832,0.00648738
396.96820743,0.00588536
397.18440167,0.00334592
397.40061106,0.00450304
397.61683558,0.00450400
397.83307523,0.00788991
398.04933001,0.00811184
398.26559992,0.00457285
398.48188494,0.00138273
398.69818509,0.00059694
398.91450034,0.00166589
399.13083071,0.00644774
399.34717618,0.00356622
399.56353676,0.00555954
399.77991243,0.00502435
399.99630320,0.00793727
400.21270906,0.00776118
400.42913001,0.00546661
400.64556604,0.00472099
400.86201715,0.00527741
401.07848334,0.00439914
401.29496460,0.00345706
401.51146093,0.00420533
401.72797232,0.00470019
401.94449878,0.00762731
402.16104030,0.00536706
402.37759687,0.00549635
402.59416849,0.00682383
402.81075515,0.00572140
403.02735686,0.00619065
403.24397361,0.00695710
403.46060540,0.00558200
403.67725222,0.00740294
403.89391407,0.00549463
404.11059094,0.00360195
404.32728283,0.00604651
404.54398974,0.00520594
404.76071167,0.00746252
404.97744860,0.00588509
405.19420054,0.00870167
405.41096749,0.00771985
405.62774943,0.00440577
405.84454637,0.00605798
406.06135830,0.00444015
406.27818521,0.00572573
406.49502712,0.00516457
406.71188400,0.00796469
406.92875586,0.00736098
407.14564269,0.00614594
407.36254449,0.00961362
407.57946126,0.00473424
407.79639299,0.00454166
408.01333968,0.00806388
408.23030132,0.00574441
408.44727792,0.00651845
408.66426946,0.00833678
408.88127594,0.00232773
409.09829737,0.00787597
409.31533373,0.01020504
409.53238502,0.00452513
409.74945125,0.00771952
409.96653239,0.00893254
410.18362846,0.01003700
410.40073945,0.01053291
410.61786535,0.00531841
410.83500616,0.00804341
411.05216188,0.00726765
411.26933250,0.00684764
411.48651803,0.01302434
411.70371844,0.00774932
411.92093375,0.01046111
412.13816395,0.00597018
412.35540903,0.00885839
412.57266899,0.00710858
412.78994383,0.00650789
413.00723355,0.00549331
413.22453813,0.00728789
413.44185758,0.00720519
413.65919189,0.01182261
413.87654106,0.00611487
414.09390509,0.00749693
414.31128396,0.00785583
414.52867769,0.00662926
414.74608626,0.00748531
414.96350966,0.00612249
415.18094791,0.00622277
415.39840099,0.00844958
415.61586890,0.00519167
415.83335163,0.00235045
416.05084918,0.00667755
416.26836156,0.00648239
416.48588875,0.00668911
416.70343074,0.00876692
416.92098755,0.00950247
417.13855916,0.00303759
417.35614557,0.00594325
417.57374677,0.00452778
417.79136277,0.00817337
418.00899355,0.00749792
418.22663913,0.01080906
418.44429948,0.00591980
418.66197461,0.00788028
418.87966451,0.00841368
419.09736918,0.00856735
419.31508862,0.00622572
419.53282283,0.00142966
419.75057179,0.00957162
419.96833550,0.00657144
420.18611397,0.00637160
420.40390719,0.00874427
420.62171515,0.00735104
420.83953785,0.00660611
421.05737529,0.00847736
421.27522746,0.00686931
421.49309437,0.00491533
421.71097599,0.00203798
421.92887234,0.00835300
422.14678341,0.00526241
422.36470920,0.00590947
422.58264969,0.00809004
422.80060489,0.00577968
423.01857480,0.00838738
423.23655940,0.00360822
423.45455870,0.00497024
423.67257270,0.00689461
423.89060138,0.00908538
424.10864475,0.00910724
424.32670280,0.00654216
424.54477553,0.01049980
424.76286293,0.00687619
424.98096500,0.00345574
425.19908174,0.00676720
425.41721315,0.00967350
425.63535921,0.00816827
425.85351993,0.00449572
426.07169530,0.01088682
426.28988531,0.00785746
426.50808998,0.00489162
426.72630928,0.00601896
426.94454322,0.00830869
427.16279180,0.00877228
427.38105500,0.00642386
427.59933283,0.00249107
427.81762529,0.00909167
428.03593236,0.00801656
428.25425405,0.00654389
428.47259035,0.00681483
428.69094125,0.00726669
428.90930676,0.00954944
429.12768688,0.00869800
429.34608158,0.00779036
429.56449089,0.00693753
429.78291478,0.00700533
430.00135325,0.00893651
430.21980631,0.00682612
430.43827395,0.00581913
430.65675616,0.01009890
430.87525294,0.00633358
431.09376429,0.00765732
431.31229020,0.00751114
431.53083067,0.00803215
431.74938570,0.00731269
431.96795528,0.01191719
432.18653941,0.00945385
432.40513808,0.00300520
432.62375130,0.00966009
432.84237905,0.00914989
433.06102134,0.00940424
433.27967815,0.00412095
433.49834950,0.00814754
433.71703536,0.00784885
433.93573575,0.00773608
434.15445065,0.01097074
434.37318007,0.00995924
434.59192399,0.00960766
434.81068241,0.01348309
435.02945534,0.00708607
435.24824276,0.01198496
435.46704468,0.01232110
435.68586109,0.00979153
435.90469198,0.00934996
436.12353735,0.01143486
436.34239721,0.01088708
436.56127153,0.01067572
436.78016033,0.01081998
436.99906360,0.01086390
437.21798133,0.00949784
437.43691352,0.00918520
437.65586017,0.00585119
437.87482127,0.00853456
438.09379682,0.01179115
438.31278681,0.01149944
438.53179125,0.01074686
438.75081012,0.01311922
438.96984343,0.01238029
439.18889117,0.01115170
439.40795333,0.00995825
439.62702992,0.01090560
439.84612093,0.01374708
440.06522636,0.01180737
440.28434619,0.01548331
440.50348044,0.01180274
440.72262909,0.01291909
440.94179214,0.01148712
441.16096958,0.01403955
441.38016143,0.01555637
441.59936766,0.01332360
441.81858828,0.01535494
442.03782328,0.01723447
442.25707266,0.01709491
442.47633641,0.01487767
442.69561454,0.01595868
442.91490703,0.01376987
443.13421389,0.01622608
443.35353511,0.01786687
443.57287068,0.01434696
443.79222061,0.01717989
444.01158489,0.02015557
444.23096351,0.01680023
444.45035648,0.01988969
444.66976378,0.02143446
444.88918542,0.02304335
445.10862139,0.02571110
445.32807169,0.02321749
445.54753631,0.02239662
445.76701525,0.01757115
445.98650851,0.02265382
446.20601607,0.02430264
446.42553795,0.02406611
446.64507413,0.02504618
446.86462462,0.02197055
447.08418940,0.02325041
447.30376848,0.02640346
447.52336184,0.02037124
447.74296949,0.02432218
447.96259143,0.02175856
448.18222765,0.02497064
448.40187814,0.02340918
448.62154290,0.02274827
448.84122193,0.02585165
449.06091522,0.02335095
449.28062278,0.02278712
449.50034459,0.02502108
449.72008066,0.02372241
449.93983098,0.02130332
450.15959554,0.02349515
450.37937434,0.02380083
450.59916739,0.02388615
450.81897466,0.02157396
451.03879617,0.02581762
451.25863191,0.02457352
451.47848187,0.02176651
451.69834605,0.02140959
451.91822445,0.02564953
452.13811706,0.02314585
452.35802388,0.02331088
452.57794490,0.02731144
452.79788013,0.01895318
453.01782956,0.02781457
453.23779317,0.02768581
453.45777098,0.02704017
453.67776298,0.02170762
453.89776916,0.02606765
454.11778952,0.02881183
454.33782406,0.03001690
454.55787276,0.02323246
454.77793564,0.02173044
454.99801268,0.02765143
455.21810388,0.02808945
455.43820924,0.02621582
455.65832876,0.02408655
455.87846242,0.02636065
456.09861023,0.02741659
456.31877218,0.02483413
456.53894827,0.02926138
456.75913850,0.02882769
456.97934286,0.02915222
457.19956135,0.03164599
457.41979396,0.03024015
457.64004069,0.02993812
457.86030154,0.03150905
458.08057650,0.03441200
458.30086557,0.03233899
458.52116874,0.03567798
458.74148602,0.03146666
458.96181740,0.03150769
459.18216287,0.03314072
459.40252243,0.03561367
459.62289608,0.03263040
459.84328382,0.03184838
460.06368563,0.03227541
460.28410152,0.03459352
460.50453148,0.03542476
460.72497551,0.03426078
460.94543361,0.03669551
461.16590577,0.03756195
461.38639198,0.03690902
461.60689225,0.03843796
461.82740657,0.03714585
462.04793494,0.03692982
462.26847735,0.03740755
462.48903380,0.04536057
462.70960428,0.04113641
462.93018880,0.03876805
463.15078734,0.04085159
463.37139991,0.04217139
463.59202650,0.04298974
463.81266711,0.04501250
464.03332173,0.04632767
464.25399036,0.04718719
464.47467300,0.04279915
464.69536964,0.04398640
464.91608028,0.04607302
465.13680491,0.04278961
465.35754354,0.04486698
465.57829615,0.04443760
465.79906274,0.04546185
466.01984332,0.04527285
466.24063787,0.04629488
466.46144640,0.04610561
466.68226889,0.04400955
466.90310535,0.04466820
467.12395578,0.04403108
467.34482016,0.04497200
467.56569849,0.04628603
467.78659078,0.04347442
468.00749701,0.04648468
468.22841719,0.04743683
468.44935130,0.04320809
468.67029935,0.04591030
468.89126134,0.04375725
469.11223725,0.04824955
469.33322709,0.04483658
469.55423085,0.04109143
469.77524852,0.04375023
469.99628011,0.04513027
470.21732561,0.04559764
470.43838502,0.04629743
470.65945833,0.04397650
470.88054554,0.04333248
471.10164664,0.04482148
471.32276164,0.04189356
471.54389052,0.04332817
471.76503329,0.04234638
471.98618994,0.04246617
472.20736046,0.04302875
472.42854486,0.04422396
472.64974313,0.04334699
472.87095527,0.04511507
473.09218126,0.04135439
473.31342112,0.04732008
473.53467483,0.04335927
473.75594239,0.04020300
473.97722379,0.03947417
474.19851905,0.04185818
474.41982814,0.03970351
474.64115107,0.03806846
474.86248783,0.04083043
475.08383842,0.03721931
475.30520283,0.04189561
475.52658107,0.03799659
475.74797312,0.03785902
475.96937899,0.03995832
476.19079867,0.04191346
476.41223216,0.04358292
476.63367944,0.04376652
476.85514053,0.04457461
477.07661542,0.04115515
477.29810409,0.04170736
477.51960656,0.04259520
477.74112281,0.03996084
477.96265284,0.04189196
478.18419664,0.03959531
478.40575422,0.04156376
478.62732557,0.04064745
478.84891069,0.04078390
479.07050957,0.04064414
479.29212221,0.03973093
479.51374860,0.03976730
479.73538875,0.04336255
479.95704264,0.04427480
480.17871027,0.04583519
480.40039165,0.04250552
480.62208676,0.03945207
480.84379561,0.03825359
481.06551819,0.04183573
481.28725449,0.03808694
481.50900451,0.04220944
481.73076825,0.04192498
481.95254571,0.03970603
482.17433688,0.04498541
482.39614175,0.04055068
482.61796033,0.04261958
482.83979260,0.04081857
483.06163858,0.04550510
483.28349824,0.04135575
483.50537160,0.04244431
483.72725864,0.03546384
483.94915936,0.03673670
484.17107375,0.04063990
484.39300183,0.03593488
484.61494357,0.03852291
484.83689898,0.04252406
485.05886805,0.04123430
485.28085078,0.04240132
485.50284716,0.03860723
485.72485720,0.03591269
485.94688089,0.04304769
486.16891822,0.04361630
486.39096919,0.03856093
486.61303380,0.04169279
486.83511204,0.04282537
487.05720391,0.04307777
487.27930941,0.04002052
487.50142853,0.04300043
487.72356126,0.03980372
487.94570762,0.04054716
488.16786758,0.03788763
488.39004115,0.03759129
488.61222833,0.04188981
488.83442910,0.04001436
489.05664347,0.03933593
489.27887144,0.03772343
489.50111299,0.04122476
489.72336813,0.04032401
489.94563685,0.04058890
490.16791915,0.04219857
490.39021502,0.03991315
490.61252446,0.04166404
490.83484747,0.04136790
491.05718404,0.04302189
491.27953418,0.04693449
491.50189786,0.04587368
491.72427510,0.04706730
491.94666589,0.04779040
492.16907023,0.04971570
492.39148810,0.04843442
492.61391951,0.04846124
492.83636446,0.05154644
493.05882293,0.04930838
493.28129494,0.05134300
493.50378046,0.05035332
493.72627950,0.05343025
493.94879206,0.04916388
494.17131813,0.05087557
494.39385771,0.05181818
494.61641079,0.04728448
494.83897737,0.05279610
495.06155745,0.04829618
495.28415102,0.05369453
495.50675808,0.05100433
495.72937863,0.04988394
495.95201266,0.04524009
496.17466017,0.04434269
496.39732115,0.04394874
496.61999560,0.04620198
496.84268352,0.04423615
497.06538491,0.04120814
497.28809975,0.04308005
497.51082805,0.04567573
497.73356980,0.04040469
497.95632500,0.04440789
498.17909365,0.04300858
498.40187573,0.04367419
498.62467126,0.03789737
498.84748022,0.03994985
499.07030261,0.04182907
499.29313842,0.03914513
499.51598766,0.04413997
499.73885032,0.04556697
499.96172639,0.04061446
500.18461588,0.04388294
500.40751877,0.03886158
500.63043507,0.04005337
500.85336476,0.04069779
501.07630786,0.04131074
501.29926435,0.04337408
501.52223423,0.04483207
501.74521749,0.04355007
501.96821414,0.04449023
502.19122417,0.04775132
502.41424757,0.04506476
502.63728434,0.03975968
502.86033448,0.04257202
503.08339798,0.04244133
503.30647484,0.04196423
503.52956506,0.03775317
503.75266864,0.04063493
503.97578556,0.04131564
504.19891582,0.04245160
504.42205943,0.04186342
504.64521638,0.04802133
504.86838666,0.04547954
505.09157027,0.04713168
505.31476721,0.04595717
505.53797747,0.05205382
505.76120105,0.04586888
505.98443795,0.05200060
506.20768816,0.05236006
506.43095168,0.05113969
506.65422850,0.05060406
506.87751863,0.05166087
507.10082205,0.05350834
507.32413876,0.05250930
507.54746877,0.05082225
507.77081206,0.06003797
507.99416863,0.05822823
508.21753849,0.05493070
508.44092162,0.06052114
508.66431802,0.05509567
508.88772768,0.05548173
509.11115062,0.05551090
509.33458681,0.05778265
509.55803626,0.05806906
509.78149896,0.05999197
510.00497491,0.06253105
510.22846411,0.05945675
510.45196655,0.06075012
510.67548223,0.05961482
510.89901114,0.05876477
511.12255328,0.05909182
511.34610865,0.05538880
511.56967725,0.05677645
511.79325906,0.05872868
512.01685409,0.05615979
512.24046234,0.05602222
512.46408379,0.05664676
512.68771845,0.05658791
512.91136631,0.05681878
513.13502736,0.05452255
513.35870161,0.05806455
513.58238905,0.05216258
513.80608968,0.05500409
514.02980349,0.05717301
514.25353048,0.04854987
514.47727065,0.05257348
514.70102398,0.04621205
514.92479049,0.04965039
515.14857016,0.04710670
515.37236299,0.04910030
515.59616898,0.04525373
515.81998812,0.04240464
516.04382041,0.04360706
516.26766585,0.04061711
516.49152443,0.04525861
516.71539615,0.04311648
516.93928100,0.03992726
517.16317899,0.04292791
517.38709010,0.04181878
517.61101433,0.04265137
517.83495169,0.04240798
518.05890216,0.04698331
518.28286575,0.04793565
518.50684245,0.04118701
518.73083225,0.04679970
518.95483515,0.04512497
519.17885115,0.05073766
519.40288024,0.04657708
519.62692243,0.04726286
519.85097770,0.05424701
520.07504606,0.05308757
520.29912749,0.05135956
520.52322201,0.05640328
520.74732959,0.05929169
520.97145024,0.06208479
521.19558396,0.06324684
521.41973074,0.06155966
521.64389057,0.06592518
521.86806346,0.06589875
522.09224940,0.07100268
522.31644839,0.07388913
522.54066042,0.06817285
522.76488549,0.07024056
522.98912359,0.06821385
523.21337473,0.06997078
523.43763889,0.07327016
523.66191608,0.07137513
523.88620629,0.06992230
524.11050951,0.06997224
524.33482575,0.07071753
524.55915500,0.08014551
524.78349725,0.07607355
525.00785250,0.08054439
525.23222076,0.07850278
525.45660201,0.07856647
525.68099625,0.08658974
525.90540347,0.08365042
526.12982368,0.08894160
526.35425688,0.09129413
526.57870304,0.08335667
526.80316218,0.09123325
527.02763429,0.09095208
527.25211936,0.09486057
527.47661740,0.10017976
527.70112839,0.10184773
527.92565234,0.09728470
528.15018924,0.10385023
528.37473908,0.10508809
528.59930187,0.10481188
528.82387760,0.10292143
529.04846626,0.11088747
529.27306785,0.11140865
529.49768238,0.11407507
529.72230982,0.11519639
529.94695019,0.11092208
530.17160348,0.11293063
530.39626968,0.11037040
530.62094879,0.11849828
530.84564080,0.12136249
531.07034572,0.11937301
531.29506354,0.12410568
531.51979425,0.12498324
531.74453785,0.12906348
531.96929434,0.13012724
532.19406372,0.12962981
532.41884597,0.12589387
532.64364110,0.12854710
532.86844911,0.12473247
533.09326998,0.12327083
533.31810372,0.11403103
533.54295032,0.12011320
533.76780978,0.11725986
533.99268209,0.11570380
534.21756726,0.11693696
534.44246527,0.11760015
534.66737613,0.11717395
534.89229982,0.11272252
535.11723635,0.11643879
535.34218572,0.11432468
535.56714791,0.11146455
535.79212292,0.09894356
536.01711076,0.10355789
536.24211142,0.09907700
536.46712489,0.10094891
536.69215117,0.10002709
536.91719025,0.10141541
537.14224214,0.10150834
537.36730683,0.09934021
537.59238431,0.09947766
537.81747459,0.10147923
538.04257765,0.09868811
538.26769350,0.09954051
538.49282213,0.09678242
538.71796353,0.09996029
538.94311771,0.09707582
539.16828466,0.09375713
539.39346438,0.09781515
539.61865685,0.09769195
539.84386209,0.09686413
540.06908008,0.09472071
540.29431082,0.09013571
540.51955431,0.09507398
540.74481054,0.09314286
540.97007951,0.09794646
541.19536122,0.10266277
541.42065566,0.09880615
541.64596283,0.10039162
541.87128272,0.10122617
542.09661534,0.10800290
542.32196068,0.10668009
542.54731873,0.11845292
542.77268948,0.11042451
542.99807295,0.11854922
543.22346912,0.11850888
543.44887799,0.12164168
543.67429955,0.11949588
543.89973381,0.12667221
544.12518076,0.12719912
544.35064039,0.13185784
544.57611270,0.13400414
544.80159769,0.13801966
545.02709535,0.14977295
545.25260568,0.14650020
545.47812868,0.15302126
545.70366434,0.15310224
545.92921266,0.15448589
546.15477363,0.16268471
546.38034726,0.16598495
546.60593353,0.16398202
546.83153245,0.16195438
547.05714401,0.16822341
547.28276820,0.16961094
547.50840503,0.17246991
547.73405449,0.17694538
547.95971657,0.17990589
548.18539128,0.17226577
548.41107860,0.18083138
548.63677854,0.18012222
548.86249109,0.17874682
549.08821624,0.17162235
549.31395400,0.17591759
549.53970436,0.18438680
549.76546732,0.19397481
549.99124286,0.19517011
550.21703100,0.18652406
550.44283172,0.18810499
550.66864502,0.18565218
550.89447090,0.18190809
551.12030936,0.18268916
551.34616038,0.18256238
551.57202397,0.18175293
551.79790013,0.18352129
552.02378884,0.18404091
552.24969011,0.18426492
552.47560393,0.18465194
552.70153030,0.18633760
552.92746921,0.18511235
553.15342067,0.19191266
553.37938466,0.19111213
553.60536118,0.19133197
553.83135024,0.19373139
554.05735182,0.19201248
554.28336592,0.20039598
554.50939254,0.19751469
554.73543167,0.19858342
554.96148332,0.20624487
555.18754748,0.20689766
555.41362413,0.20902853
555.63971329,0.21962486
555.86581495,0.22147849
556.09192909,0.22824661
556.31805573,0.22231503
556.54419485,0.23137046
556.77034646,0.23063941
556.99651054,0.23384976
557.22268709,0.23698613
557.44887612,0.24040907
557.67507761,0.24804022
557.90129157,0.25296637
558.12751799,0.26058814
558.35375686,0.26337207
558.58000818,0.26907530
558.80627196,0.27673126
559.03254817,0.27842977
559.25883683,0.28452446
559.48513793,0.28488797
559.71145146,0.29236257
559.93777742,0.29794627
560.16411580,0.31442412
560.39046661,0.31550841
560.61682984,0.32358702
560.84320548,0.32392085
561.06959353,0.33520048
561.29599400,0.33874814
561.52240686,0.34872500
561.74883213,0.34549305
561.97526979,0.35346562
562.20171985,0.35034667
562.42818230,0.35816305
562.65465713,0.35756202
562.88114434,0.37252042
563.10764393,0.38042894
563.33415590,0.39771179
563.56068024,0.39336044
563.78721694,0.39826619
564.01376601,0.38573893
564.24032744,0.38539675
564.46690122,0.38663769
564.69348736,0.39243501
564.92008585,0.37869460
565.14669668,0.39254712
565.37331985,0.39487375
565.59995536,0.39833014
565.82660320,0.39144952
566.05326338,0.40263983
566.27993588,0.39383477
566.50662070,0.39495058
566.73331785,0.38757514
566.96002731,0.40671897
567.18674908,0.40095870
567.41348316,0.39880025
567.64022954,0.39965885
567.86698822,0.38769215
568.09375920,0.38463877
568.32054248,0.37398147
568.54733804,0.36370063
568.77414589,0.36292135
569.00096603,0.35398518
569.22779844,0.35373547
569.45464313,0.34959210
569.68150008,0.34835109
569.90836931,0.34173843
570.13525080,0.34532140
570.36214455,0.34151144
570.58905055,0.33146666
570.81596881,0.32692594
571.04289932,0.32757546
571.26984207,0.31684553
571.49679707,0.32034216
571.72376430,0.32079230
571.95074377,0.33154320
572.17773547,0.32112243
572.40473940,0.31832572
572.63175554,0.31789107
572.85878391,0.31751263
573.08582450,0.30822981
573.31287729,0.30017736
573.53994230,0.30521247
573.76701951,0.30517643
573.99410892,0.30092179
574.22121053,0.29879920
574.44832433,0.30138809
574.67545032,0.29997361
574.90258850,0.30615190
575.12973886,0.30161310
575.35690140,0.30718989
575.58407612,0.30248252
575.81126301,0.29918401
576.03846206,0.29819328
576.26567328,0.30013914
576.49289666,0.30798453
576.72013220,0.30721374
576.94737989,0.30498839
577.17463973,0.30820159
577.40191171,0.30663092
577.62919584,0.30478120
577.85649211,0.30373122
578.08380051,0.30486982
578.31112104,0.29540511
578.53845370,0.29044323
578.76579848,0.28737780
578.99315538,0.28373853
579.22052440,0.27763016
579.44790553,0.26955791
579.67529877,0.26445298
579.90270412,0.26215067
580.13012157,0.27078060
580.35755111,0.28016715
580.58499275,0.28215372
580.81244648,0.28620578
581.03991229,0.28074858
581.26739019,0.28506475
581.49488017,0.28347289
581.72238223,0.27833253
581.94989635,0.27139213
582.17742255,0.26920367
582.40496080,0.26927050
582.63251112,0.27803384
582.86007350,0.26956585
583.08764793,0.27454483
583.31523441,0.27177511
583.54283294,0.26530141
583.77044351,0.26066154
583.99806611,0.26228301
584.22570076,0.26329524
584.45334743,0.26153679
584.68100613,0.25495618
584.90867686,0.25306811
585.13635960,0.25139371
585.36405437,0.24991876
585.59176114,0.24616139
585.81947993,0.23803181
586.04721072,0.23613738
586.27495351,0.22923499
586.50270830,0.22203634
586.73047508,0.21740626
586.95825386,0.21646451
587.18604462,0.21159238
587.41384737,0.20754417
587.64166209,0.21087494
587.86948879,0.20395037
588.09732747,0.19450848
588.32517811,0.19637887
588.55304072,0.20144576
588.78091529,0.19341859
589.00880181,0.19000923
589.23670029,0.18890874
589.46461072,0.19254900
589.69253310,0.18955212
589.92046742,0.19585384
590.14841368,0.19849910
590.37637187,0.20801962
590.60434200,0.20187471
590.83232405,0.20754824
591.06031803,0.20232757
591.28832393,0.20753791
591.51634174,0.21018804
591.74437147,0.21922870
591.97241311,0.21769728
592.20046665,0.21840617
592.42853210,0.21643928
592.65660944,0.23094708
592.88469868,0.23148846
593.11279981,0.24116328
593.34091283,0.23433263
593.56903773,0.24224889
593.79717452,0.23708933
594.02532317,0.24300743
594.25348370,0.24669959
594.48165610,0.25847109
594.70984037,0.25527902
594.93803650,0.25829375
595.16624448,0.26521206
595.39446432,0.26458493
595.62269601,0.26646942
595.85093954,0.26707586
596.07919492,0.26722856
596.30746214,0.28005362
596.53574120,0.26995016
596.76403208,0.28073274
596.99233480,0.27579613
597.22064934,0.27347401
597.44897570,0.26811474
597.67731387,0.26700204
597.90566386,0.26374048
598.13402567,0.25916346
598.36239927,0.25443954
598.59078468,0.24955747
598.81918189,0.25373823
599.04759090,0.24844777
599.27601169,0.24323992
599.50444427,0.23706754
599.73288864,0.23302246
599.96134479,0.23959986
600.18981271,0.22939535
600.41829241,0.23442192
600.64678387,0.23049302
600.87528711,0.22362787
601.10380210,0.21826562
601.33232885,0.20882810
601.56086736,0.21148591
601.78941762,0.21140636
602.01797962,0.21101881
602.24655337,0.21441436
602.47513886,0.21644795
602.70373608,0.21513673
602.93234504,0.21687339
603.16096572,0.22194420
603.38959813,0.21781047
603.61824226,0.22016366
603.84689811,0.21163447
604.07556567,0.22029299
604.30424495,0.21216039
604.53293593,0.21959369
604.76163861,0.22051756
604.99035299,0.22698835
605.21907907,0.21623229
605.44781683,0.21907304
605.67656629,0.21826224
605.90532743,0.22462698
606.13410025,0.22744415
606.36288475,0.22471368
606.59168093,0.22357044
606.82048877,0.23007150
607.04930828,0.22974607
607.27813945,0.23125846
607.50698227,0.22374577
607.73583676,0.22996797
607.96470289,0.22861777
608.19358067,0.23761965
608.42247010,0.23394779
608.65137117,0.23263674
608.88028387,0.24101163
609.10920820,0.24499539
609.33814417,0.24833663
609.56709176,0.24939982
609.79605097,0.24734507
610.02502180,0.25350584
610.25400424,0.24394087
610.48299830,0.24408206
610.71200396,0.23443119
610.94102122,0.23601384
611.17005008,0.22626542
611.39909054,0.21551501
611.62814260,0.21837011
611.85720624,0.21435011
612.08628146,0.20656950
612.31536827,0.20928785
612.54446665,0.20008613
612.77357661,0.21209025
613.00269813,0.20608471
613.23183122,0.21038244
613.46097588,0.20817905
613.69013210,0.21258739
613.91929986,0.20543652
614.14847919,0.20909218
614.37767005,0.20586361
614.60687247,0.20522715
614.83608642,0.20648683
615.06531191,0.21614088
615.29454894,0.21398495
615.52379749,0.21809526
615.75305757,0.22174642
615.98232917,0.22152962
616.21161229,0.22166839
616.44090692,0.22048547
616.67021306,0.22427652
616.89953072,0.22712092
617.12885987,0.23103736
617.35820053,0.23467818
617.58755268,0.24363059
617.81691632,0.24630989
618.04629145,0.25258650
618.27567807,0.25838936
618.50507617,0.26837346
618.73448574,0.27624071
618.96390679,0.27383619
619.19333932,0.28153646
619.42278330,0.28804427
619.65223875,0.29606261
619.88170566,0.29334605
620.11118403,0.28947316
620.34067384,0.30247530
620.57017511,0.31425906
620.79968782,0.31954318
621.02921197,0.31706355
621.25874756,0.32228017
621.48829458,0.32800003
621.71785303,0.33152813
621.94742290,0.33428456
622.17700420,0.34226335
622.40659692,0.34575022
622.63620105,0.34653608
622.86581660,0.35341528
623.09544355,0.35088769
623.32508190,0.36046033
623.55473166,0.35015999
623.78439281,0.36121715
624.01406536,0.35863439
624.24374929,0.35964059
624.47344461,0.35487341
624.70315131,0.34267975
624.93286939,0.33276135
625.16259884,0.33242609
625.39233967,0.32726474
625.62209186,0.31760235
625.85185541,0.30139664
626.08163032,0.29615786
626.31141659,0.29761645
626.54121422,0.29625761
626.77102319,0.28388604
627.00084350,0.27619411
627.23067516,0.26717193
627.46051815,0.25869173
627.69037248,0.24539745
627.92023814,0.23199796
628.15011512,0.23401509
628.38000343,0.22865615
628.60990305,0.21377590
628.83981399,0.21423565
629.06973624,0.21170684
629.29966980,0.20902853
629.52961467,0.19848910
629.75957083,0.20442701
629.98953830,0.20646925
630.21951705,0.21302915
630.44950710,0.21308883
630.67950843,0.22093336
630.90952104,0.21557270
631.13954493,0.21857521
631.36958009,0.21428583
631.59962653,0.21897090
631.82968423,0.21653790
632.05975320,0.20890295
632.28983343,0.21261521
632.51992491,0.20295007
632.75002765,0.20342392
632.98014163,0.20370132
633.21026686,0.20025192
633.44040333,0.20102887
633.67055104,0.19062311
633.90070999,0.18604483
634.13088016,0.19439478
634.36106156,0.18387406
634.59125418,0.18450404
634.82145802,0.18599290
635.05167308,0.19036521
635.28189935,0.18150617
635.51213683,0.18680662
635.74238551,0.18908340
635.97264540,0.18268306
636.20291648,0.17544360
636.43319875,0.17853314
636.66349222,0.18571789
636.89379687,0.18963979
637.12411270,0.18110994
637.35443971,0.19493133
637.58477790,0.18480770
637.81512726,0.20303558
638.04548778,0.21233771
638.27585947,0.21682424
638.50624232,0.21078433
638.73663633,0.21846307
638.96704149,0.21902909
639.19745779,0.21620017
639.42788525,0.21977253
639.65832384,0.21170516
639.88877358,0.21282303
640.11923445,0.22628985
640.34970644,0.23021995
640.58018957,0.22785715
640.81068382,0.23838933
641.04118919,0.24969648
641.27170567,0.25792064
641.50223327,0.26295810
641.73277198,0.26473804
641.96332179,0.27888362
642.19388270,0.28630334
642.42445471,0.30105130
642.65503781,0.30713063
642.88563200,0.32520991
643.11623728,0.33446544
643.34685365,0.34648558
643.57748109,0.35892723
643.80811960,0.36348424
644.03876919,0.37190073
644.26942985,0.38774551
644.50010157,0.39335847
644.73078435,0.41241169
644.96147819,0.41242497
645.19218308,0.41798952
645.42289902,0.42701801
645.65362601,0.44386520
645.88436404,0.42765496
646.11511310,0.43766789
646.34587321,0.43782602
646.57664434,0.44474753
646.80742650,0.44426592
647.03821969,0.44119407
647.26902389,0.44423809
647.49983911,0.45382765
647.73066534,0.45317405
647.96150259,0.45753957
648.19235083,0.44749718
648.42321008,0.42864415
648.65408033,0.42772045
648.88496157,0.43467142
649.11585380,0.43042320
649.34675702,0.43291576
649.57767122,0.43522358
649.80859640,0.43338357
650.03953256,0.43000607
650.27047969,0.42430849
650.50143778,0.41279885
650.73240684,0.42314805
650.96338687,0.39533732
651.19437785,0.40122661
651.42537978,0.38681748
651.65639266,0.39410829
651.88741649,0.37179188
652.11845126,0.36152787
652.34949697,0.35155901
652.58055362,0.34275619
652.81162119,0.33533765
653.04269970,0.33205888
653.27378913,0.32926072
653.50488948,0.32231884
653.73600074,0.31815460
653.96712292,0.32586717
654.19825601,0.33371837
654.42940000,0.33666597
654.66055490,0.34300707
654.89172069,0.35647460
655.12289738,0.36860184
655.35408496,0.38023244
655.58528342,0.39454328
655.81649277,0.40885252
656.04771300,0.41707725
656.27894411,0.42985797
656.51018608,0.44718700
656.74143893,0.45579512
656.97270264,0.45603124
657.20397721,0.46157901
657.43526264,0.47404460
657.66655893,0.47840070
657.89786606,0.49274518
658.12918404,0.48885389
658.36051286,0.48957160
658.59185253,0.49692690
658.82320303,0.48255738
659.05456435,0.47538968
659.28593651,0.45353790
659.51731949,0.45199350
659.74871330,0.44676346
659.98011792,0.44043564
660.21153335,0.43532711
660.44295959,0.44487833
660.67439664,0.42560998
660.90584449,0.42192646
661.13730314,0.41193391
661.36877259,0.40696054
661.60025282,0.41244744
661.83174384,0.40412481
662.06324565,0.40128306
662.29475824,0.40670367
662.52628160,0.41455827
662.75781573,0.42478106
662.98936064,0.43175064
663.22091631,0.44808908
663.45248274,0.44627258
663.68405993,0.45630620
663.91564787,0.44845411
664.14724657,0.47473805
664.37885601,0.47491139
664.61047619,0.48155564
664.84210712,0.49044420
665.07374878,0.50079734
665.30540117,0.50909331
665.53706429,0.53943267
665.76873813,0.53007285
666.00042270,0.53296769
666.23211798,0.53522026
666.46382398,0.55184419
666.69554069,0.55764893
666.92726810,0.56284257
667.15900621,0.56218074
667.39075503,0.56582931
667.62251454,0.57053533
667.85428474,0.58605095
668.08606563,0.60059643
668.31785720,0.60082071
668.54965945,0.58447100
668.78147238,0.59196627
669.01329599,0.58531115
669.24513026,0.59557252
669.47697520,0.58678955
669.70883080,0.59575044
669.94069705,0.57379811
670.17257397,0.57802459
670.40446153,0.57210159
670.63635974,0.58365795
670.86826860,0.57345387
671.10018809,0.56324476
671.33211822,0.54052402
671.56405898,0.53909590
671.79601037,0.52535121
672.02797239,0.51951027
672.25994503,0.52193959
672.49192828,0.53379042
672.72392215,0.54062841
672.95592663,0.54039811
673.18794172,0.54736838
673.41996741,0.56639371
673.65200370,0.54524822
673.88405058,0.53700468
674.11610806,0.53355356
674.34817612,0.53531140
674.58025477,0.53377591
674.81234400,0.53092227
675.04444381,0.52654668
675.27655419,0.52439707
675.50867513,0.50960174
675.74080665,0.52251807
675.97294873,0.52065113
676.20510136,0.53679163
676.43726455,0.53585653
676.66943830,0.54148128
676.90162259,0.52867463
677.13381742,0.52214433
677.36602279,0.51629051
677.59823870,0.52951888
677.83046515,0.50775864
678.06270212,0.51382399
678.29494962,0.50930997
678.52720764,0.52558708
678.75947617,0.53634344
678.99175522,0.54851368
679.22404479,0.55324307
679.45634486,0.56569631
679.68865543,0.58097908
679.92097650,0.60362126
680.15330807,0.62265391
680.38565013,0.61449784
680.61800268,0.60536169
680.85036571,0.60081872
681.08273922,0.60092318
681.31512321,0.61322127
681.54751768,0.60261347
681.77992262,0.60309544
682.01233802,0.60619714
682.24476388,0.60213832
682.47720020,0.57899735
682.70964698,0.57926464
682.94210421,0.55900589
683.17457189,0.55016118
683.40705001,0.55105293
683.63953858,0.55929123
683.87203758,0.54758531
684.10454701,0.54675295
684.33706687,0.53375604
684.56959716,0.54354388
684.80213787,0.51882158
685.03468900,0.53511461
685.26725054,0.52162302
685.49982249,0.51967629
685.73240485,0.51216927
685.96499762,0.52584908
686.19760078,0.50999058
686.43021434,0.52924387
686.66283829,0.51061920
686.89547264,0.52551561
687.12811736,0.50181040
687.36077247,0.49466099
687.59343796,0.47320917
687.82611382,0.47260510
688.05880005,0.46435450
688.29149665,0.46611941
688.52420361,0.45433642
688.75692093,0.45977577
688.98964860,0.44045585
689.22238663,0.42866481
689.45513500,0.41523700
689.68789372,0.41242274
689.92066278,0.39629254
690.15344218,0.38587770
690.38623191,0.37567070
690.61903197,0.37189512
690.85184236,0.36876309
691.08466307,0.35137585
691.31749410,0.35090551
691.55033544,0.34028063
691.78318709,0.34098320
692.01604906,0.32384707
692.24892132,0.32116872
692.48180389,0.31474629
692.71469675,0.31862537
692.94759991,0.32312065
693.18051335,0.31536252
693.41343708,0.30298466
693.64637109,0.30028996
693.87931538,0.28883944
694.11226995,0.29182247
694.34523478,0.28308799
694.57820988,0.27570847
694.81119525,0.26429090
695.04419087,0.25947504
695.27719676,0.25539155
695.51021289,0.25576891
695.74323927,0.25522679
695.97627590,0.25503428
696.20932276,0.24763303
696.44237987,0.25661110
696.67544721,0.25068313
696.90852478,0.25009684
697.14161257,0.25354210
697.37471059,0.26602220
697.60781883,0.26643399
697.84093728,0.27323384
698.07406595,0.27826258
698.30720482,0.27707722
698.54035389,0.28051172
698.77351317,0.29034387
699.00668264,0.27719929
699.23986231,0.27803877
699.47305217,0.27509681
699.70625221,0.28193414
699.93946243,0.28321821
700.17268284,0.28916797
700.40591342,0.28219558
700.63915416,0.28954906
700.87240508,0.27698104
701.10566616,0.27581630
701.33893740,0.28004962
701.57221879,0.28859801
701.80551034,0.28707447
702.03881204,0.28722877
702.27212388,0.27720966
702.50544587,0.27810580
702.73877799,0.26371796
702.97212024,0.27084962
703.20547263,0.26949359
703.43883514,0.26783201
703.67220778,0.27145432
703.90559054,0.27746920
704.13898341,0.28058881
704.37238639,0.29252504
704.60579948,0.28786861
704.83922268,0.29678648
705.07265598,0.29874539
705.30609937,0.30531062
705.53955286,0.30738462
705.77301643,0.30793846
706.00649010,0.31381255
706.23997384,0.31468741
706.47346767,0.31556067
706.70697157,0.32729117
706.94048554,0.34011987
707.17400958,0.35369566
707.40754368,0.35660748
707.64108785,0.37249172
707.87464207,0.39160398
708.10820634,0.41152801
708.34178066,0.41214491
708.57536503,0.41745788
708.80895944,0.43415503
709.04256389,0.45237671
709.27617837,0.46857904
709.50980288,0.50209323
709.74343742,0.50947530
709.97708198,0.51378693
710.21073657,0.50815282
710.44440117,0.51806413
710.67807578,0.53294060
710.91176040,0.56977652
711.14545502,0.57703916
711.37915965,0.57376502
711.61287427,0.58391376
711.84659889,0.61016100
712.08033350,0.61916646
712.31407809,0.64403310
712.54783267,0.64287522
712.78159723,0.64242885
713.01537176,0.62187319
713.24915626,0.63531878
713.48295073,0.63066242
713.71675517,0.65775924
713.95056956,0.65739057
714.18439392,0.66387056
714.41822822,0.68210002
714.65207248,0.69391729
714.88592668,0.69224343
715.11979083,0.70511293
715.35366491,0.70097914
715.58754893,0.72077742
715.82144288,0.70542305
716.05534675,0.69338058
716.28926055,0.66893788
716.52318427,0.67069514
716.75711791,0.65898597
716.99106146,0.66834345
717.22501491,0.67245756
717.45897828,0.66591214
717.69295154,0.65453732
717.92693470,0.66435736
718.16092776,0.65874514
718.39493071,0.65881790
718.62894354,0.64789850
718.86296626,0.65627849
719.09699886,0.62514263
719.33104133,0.60049059
719.56509367,0.56849739
719.79915588,0.55930753
720.03322796,0.53258577
720.26730990,0.51862843
720.50140170,0.50713283
720.73550335,0.49613197
720.96961484,0.47734856
721.20373619,0.45978600
721.43786738,0.45133256
721.67200841,0.44560133
721.90615927,0.43840105
722.14031996,0.43741953
722.37449048,0.43662353
722.60867083,0.43256902
722.84286099,0.42226682
723.07706098,0.42941302
723.31127077,0.42140674
723.54549038,0.41920023
723.77971979,0.42334286
724.01395900,0.41551969
724.24820801,0.40838873
724.48246681,0.40686708
724.71673541,0.40841337
724.95101379,0.42632235
725.18530196,0.42432058
725.41959990,0.41977738
725.65390763,0.41227324
725.88822512,0.41350941
726.12255238,0.41148698
726.35688941,0.40206582
726.59123620,0.40506551
726.82559275,0.40464583
727.05995905,0.39719315
727.29433510,0.38596006
727.52872090,0.38014313
727.76311644,0.37244399
727.99752172,0.36538098
728.23193674,0.35283478
728.46636149,0.35165514
728.70079596,0.36591558
728.93524016,0.36973041
729.16969408,0.37396550
729.40415772,0.36891407
729.63863107,0.38792603
729.87311413,0.37605835
730.10760690,0.37915144
730.34210937,0.37714970
730.57662153,0.37712016
730.81114340,0.37359832
731.04567495,0.36718948
731.28021619,0.36230277
731.51476712,0.36411560
731.74932772,0.36262640
731.98389800,0.37271874
732.21847796,0.35510928
732.45306758,0.35929828
732.68766687,0.35212498
732.92227582,0.35168995
733.15689443,0.33861551
733.39152269,0.34726839
733.62616060,0.34899405
733.86080816,0.35385227
734.09546537,0.36843482
734.33013221,0.37203001
734.56480869,0.37960095
734.79949480,0.38413603
735.03419054,0.38528091
735.26889590,0.38442956
735.50361089,0.37851503
735.73833549,0.38443635
735.97306970,0.37527799
736.20781353,0.39198789
736.44256696,0.38183839
736.67733000,0.39184614
736.91210263,0.38585372
737.14688486,0.38410554
737.38167668,0.38474101
737.61647809,0.39749460
737.85128908,0.38935174
738.08610965,0.39693192
738.32093980,0.39262909
738.55577953,0.39313358
738.79062882,0.37856564
739.02548768,0.37672360
739.26035610,0.38384694
739.49523407,0.39305152
739.73012161,0.39219520
739.96501869,0.40178481
740.19992532,0.38995198
740.43484150,0.39592863
740.66976721,0.39844482
740.90470246,0.38431226
741.13964724,0.38968255
741.37460156,0.39147174
741.60956539,0.37316497
741.84453875,0.38400204
742.07952163,0.38391928
742.31451402,0.39604806
742.54951592,0.38880363
742.78452733,0.38850855
743.01954823,0.38594996
743.25457864,0.38951057
743.48961855,0.39838141
743.72466795,0.39804317
743.95972683,0.38994711
744.19479520,0.38777220
744.42987305,0.38383827
744.66496038,0.39179524
744.90005718,0.39148628
745.13516345,0.41120123
745.37027918,0.41367242
745.60540438,0.42136315
745.84053904,0.43036133
746.07568315,0.44307961
746.31083672,0.44120194
746.54599973,0.44862282
746.78117218,0.45084896
747.01635408,0.44599376
747.25154541,0.44285262
747.48674617,0.45751647
747.72195637,0.45884627
747.95717599,0.44927260
748.19240503,0.43251130
748.42764349,0.43683662
748.66289136,0.43326964
748.89814864,0.44530920
749.13341533,0.43683443
749.36869143,0.44575279
749.60397692,0.43992649
749.83927181,0.44363629
750.07457609,0.43356698
750.30988976,0.43768669
750.54521282,0.41902851
750.78054526,0.41243631
751.01588707,0.40303185
751.25123826,0.39995714
751.48659882,0.40067187
751.72196874,0.38807457
751.95734803,0.38440741
752.19273667,0.38558248
752.42813467,0.39568535
752.66354203,0.40594420
752.89895873,0.41397605
753.13438477,0.40446023
753.36982016,0.40157715
753.60526488,0.39081961
753.84071893,0.40561852
754.07618232,0.41959477
754.31165503,0.42217568
754.54713706,0.43144628
754.78262841,0.43032824
755.01812908,0.42790318
755.25363905,0.44267739
755.48915834,0.43048406
755.72468693,0.42935509
755.96022481,0.43381245
756.19577200,0.43263354
756.43132847,0.43707089
756.66689424,0.42531966
756.90246929,0.41089406
757.13805362,0.41941471
757.37364723,0.41781744
757.60925011,0.41002590
757.84486227,0.40811862
758.08048369,0.40811696
758.31611437,0.39099010
758.55175432,0.38636507
758.78740352,0.39078337
759.02306197,0.37843297
759.25872967,0.36711068
759.49440661,0.36084825
759.73009279,0.35418601
759.96578822,0.35730929
760.20149287,0.36528640
760.43720676,0.39482520
760.67292987,0.39562266
760.90866220,0.40119308
761.14440375,0.39248486
761.38015452,0.40276249
761.61591450,0.40859499
761.85168368,0.43769709
762.08746207,0.44995984
762.32324967,0.47235293
762.55904645,0.47960186
762.79485243,0.48395242
763.03066760,0.47812621
763.26649196,0.49616545
763.50232549,0.49523827
763.73816821,0.52213251
763.97402010,0.54006865
764.20988116,0.52977774
764.44575138,0.51587567
764.68163077,0.51293437
764.91751932,0.50697933
765.15341703,0.52033180
765.38932389,0.50599556
765.62523989,0.51232413
765.86116505,0.49545884
766.09709934,0.48199251
766.33304277,0.43869008
766.56899533,0.41889461
766.80495703,0.39677583
767.04092785,0.36727436
767.27690779,0.34164080
767.51289685,0.33143354
767.74889503,0.29140432
767.98490232,0.27358651
768.22091872,0.25765936
768.45694422,0.25121242
768.69297882,0.23744634
768.92902252,0.21959300
769.16507532,0.20175231
769.40113720,0.18944396
769.63720817,0.17341000
769.87328822,0.17193598
770.10937735,0.15196339
770.34547555,0.14567821
770.58158282,0.13876324
770.81769917,0.13729027
771.05382457,0.13326573
771.28995904,0.13983339
771.52610256,0.13891135
771.76225513,0.13981484
771.99841676,0.14335933
772.23458743,0.14801393
772.47076714,0.15687411
772.70695589,0.17238619
772.94315367,0.18480574
773.17936048,0.20308307
773.41557632,0.22697970
773.65180118,0.25613791
773.88803507,0.27603889
774.12427796,0.30423865
774.36052987,0.32281603
774.59679079,0.34515866
774.83306072,0.36438598
775.06933964,0.39982599
775.30562756,0.42301572
775.54192448,0.43884451
775.77823038,0.46965386
776.01454527,0.49507215
776.25086914,0.50261577
776.48720200,0.52685498
776.72354382,0.55722733
776.95989462,0.56429640
777.19625439,0.55417281
777.43262312,0.57946862
777.66900081,0.57099252
777.90538746,0.57587876
778.14178306,0.55158653
778.37818761,0.56790693
778.61460110,0.56852024
778.85102354,0.58307593
779.08745492,0.57275124
779.32389523,0.55323118
779.56034447,0.54171927
779.79680263,0.52483804
780.03326972,0.52577162
780.26974574,0.50818627
780.50623066,0.49305246
780.74272450,0.49463525
780.97922725,0.47848551
781.21573890,0.46802295
781.45225946,0.45371889
781.68878891,0.46644834
781.92532726,0.44650047
782.16187449,0.42016202
782.39843061,0.40702637
782.63499562,0.40052227
782.87156950,0.39829944
783.10815226,0.39504563
783.34474390,0.38915925
783.58134440,0.40176732
783.81795376,0.41192496
784.05457199,0.41154523
784.29119907,0.40815193
784.52783500,0.40790954
784.76447979,0.40069740
785.00113342,0.40150529
785.23779589,0.38532402
785.47446720,0.36893689
785.71114735,0.36330122
785.94783633,0.35025903
786.18453413,0.34227852
786.42124076,0.34775430
786.65795621,0.33868167
786.89468048,0.32373595
787.13141355,0.30373883
787.36815544,0.30266878
787.60490613,0.28359860
787.84166563,0.28954506
788.07843392,0.28227480
788.31521101,0.27546700
788.55199688,0.26606750
788.78879155,0.25984338
789.02559499,0.25390368
789.26240722,0.24892170
789.49922822,0.24101914
789.73605800,0.24837054
789.97289654,0.24944901
790.20974385,0.24676043
790.44659991,0.24245893
790.68346474,0.23663627
790.92033832,0.22772460
791.15722065,0.23781508
791.39411172,0.23794411
791.63101154,0.23153456
791.86792010,0.23483052
792.10483739,0.23545517
792.34176341,0.22892633
792.57869817,0.22908679
792.81564164,0.22827867
793.05259384,0.23674639
793.28955475,0.24433180
793.52652438,0.26786397
793.76350271,0.26796140
794.00048975,0.28366480
794.23748550,0.28599382
794.47448994,0.30893317
794.71150307,0.30491626
794.94852490,0.31754671
795.18555541,0.30978689
795.42259461,0.30886787
795.65964249,0.31990390
795.89669904,0.33288932
796.13376427,0.32680553
796.37083816,0.34655062
796.60792072,0.33683768
796.84501194,0.34986950
797.08211182,0.34480896
797.31922035,0.35907264
797.55633753,0.35992521
797.79346336,0.36970103
798.03059784,0.37618623
798.26774095,0.38205137
798.50489270,0.38444281
798.74205307,0.38412805
798.97922208,0.37955833
799.21639971,0.37600639
799.45358597,0.37492203
799.69078084,0.39079331
799.92798432,0.39472280
800.16519641,0.39704409
800.40241711,0.40532251
800.63964641,0.41787606
800.87688431,0.40949992
801.11413080,0.41655159
801.35138589,0.42694531
801.58864956,0.44279479
801.82592182,0.43156577
802.06320266,0.43854724
802.30049207,0.43121611
802.53779006,0.43043266
802.77509661,0.42152583
803.01241173,0.42457966
803.24973542,0.40162610
803.48706766,0.39251831
803.72440845,0.39157954
803.96175780,0.39586670
804.19911569,0.39114377
804.43648213,0.37504808
804.67385710,0.37193741
804.91124061,0.37083497
805.14863266,0.35948917
805.38603323,0.36329115
805.62344232,0.35133532
805.86085994,0.35622974
806.09828608,0.33392795
806.33572073,0.34994246
806.57316388,0.33212949
806.81061555,0.32249193
807.04807572,0.31653448
807.28554438,0.30631418
807.52302155,0.29417182
807.76050720,0.29674451
807.99800134,0.29765023
808.23550397,0.27524167
808.47301507,0.26785199
808.71053466,0.25967614
808.94806271,0.25490760
809.18559924,0.25745258
809.42314423,0.24038281
809.66069769,0.23143275
809.89825960,0.22679643
810.13582996,0.22863787
810.37340878,0.20130872
810.61099605,0.20256172
810.84859175,0.19740255
811.08619590,0.19436362
811.32380849,0.19022459
811.56142950,0.18073418
811.79905895,0.17718370
812.03669682,0.16739983
812.27434311,0.16863186
812.51199782,0.16419438
812.74966095,0.17072129
812.98733248,0.16491881
813.22501242,0.16904170
813.46270077,0.16958951
813.70039751,0.17881889
813.93810265,0.18037260
814.17581618,0.18713012
814.41353810,0.19083989
814.65126841,0.19506201
814.88900709,0.20085288
815.12675415,0.20119420
815.36450959,0.20244090
815.60227339,0.21196062
815.84004556,0.21449596
816.07782610,0.22420677
816.31561499,0.22571150
816.55341224,0.23233702
816.79121784,0.23563987
817.02903178,0.26493260
817.26685407,0.27842784
817.50468470,0.27980384
817.74252367,0.28765265
817.98037097,0.30355482
818.21822660,0.31245073
818.45609055,0.32779430
818.69396283,0.34250611
818.93184342,0.34763090
819.16973233,0.37888268
819.40762955,0.38184528
819.64553508,0.39138573
819.88344891,0.39024222
820.12137104,0.38616331
820.35930146,0.39890504
820.59724018,0.39222872
820.83518719,0.40885709
821.07314248,0.40636133
821.31110605,0.40932528
821.54907790,0.42708652
821.78705802,0.43389710
822.02504642,0.43707454
822.26304308,0.43457321
822.50104800,0.43048638
822.73906118,0.43067297
822.97708262,0.43404494
823.21511231,0.44733558
823.45315024,0.44068224
823.69119643,0.42482119
823.92925085,0.41184985
824.16731351,0.40296568
824.40538440,0.40939347
824.64346352,0.39941115
824.88155087,0.38638586
825.11964643,0.38673029
825.35775022,0.38268218
825.59586222,0.39149803
825.83398244,0.39821505
826.07211086,0.37257288
826.31024748,0.36250883
826.54839231,0.34947374
826.78654533,0.34332387
827.02470654,0.34083132
827.26287594,0.34093114
827.50105353,0.34970232
827.73923930,0.34631286
827.97743325,0.33724189
828.21563537,0.32460044
828.45384566,0.32851674
828.69206412,0.33116863
828.93029074,0.32791552
829.16852552,0.32489202
829.40676846,0.31158303
829.64501954,0.30625973
829.88327878,0.30797655
830.12154616,0.30630576
830.35982168,0.28736482
830.59810534,0.26577606
830.83639714,0.26304546
831.07469706,0.25245555
831.31300511,0.24810924
831.55132128,0.23359760
831.78964557,0.22727313
832.02797798,0.21761789
832.26631849,0.21225597
832.50466712,0.21765140
832.74302384,0.20553995
832.98138867,0.20483820
833.21976160,0.19391003
833.45814262,0.19050245
833.69653172,0.17486403
833.93492892,0.18096237
834.17333419,0.17081684
834.41174755,0.16081545
834.65016897,0.16284056
834.88859847,0.16906621
835.12703604,0.17246610
835.36548167,0.17368449
835.60393535,0.17684841
835.84239710,0.17000591
836.08086690,0.16734677
836.31934474,0.16851671
836.55783063,0.17360845
836.79632456,0.17749846
837.03482653,0.17964478
837.27333654,0.18162063
837.51185457,0.17633935
837.75038063,0.18319613
837.98891471,0.18822892
838.22745681,0.18964174
838.46600693,0.19241467
838.70456506,0.19779646
838.94313120,0.20267347
839.18170534,0.20681232
839.42028748,0.20683902
839.65887762,0.21658460
839.89747575,0.22243674
840.13608187,0.21704432
840.37469598,0.22513448
840.61331807,0.22730883
840.85194814,0.21596006
841.09058618,0.21348386
841.32923220,0.21737646
841.56788618,0.20841928
841.80654812,0.20452030
842.04521803,0.20266359
842.28389589,0.20469063
842.52258171,0.20044599
842.76127547,0.20143643
842.99997718,0.20819732
843.23868683,0.21716662
843.47740442,0.22039433
843.71612994,0.22079195
843.95486339,0.23495612
844.19360477,0.24823873
844.43235408,0.24876962
844.67111130,0.25232420
844.90987644,0.27253292
845.14864949,0.28681512
845.38743045,0.28827981
845.62621931,0.30596160
845.86501608,0.32499872
846.10382074,0.34437869
846.34263329,0.34095690
846.58145374,0.36674731
846.82028207,0.37029733
847.05911828,0.37623458
847.29796238,0.37509769
847.53681435,0.37801419
847.77567419,0.38367997
848.01454189,0.38875601
848.25341746,0.40243681
848.49230090,0.42041902
848.73119218,0.42050611
848.97009133,0.42422656
849.20899832,0.42064879
849.44791315,0.44906886
849.68683583,0.45182741
849.92576635,0.45913721
850.16470470,0.42683625
850.40365088,0.42528356
850.64260489,0.42753150
850.88156673,0.43380149
851.12053638,0.44095541
851.35951385,0.44856526
851.59849913,0.44776141
851.83749222,0.43791541
852.07649311,0.43068483
852.31550181,0.43343947
852.55451830,0.41845947
852.79354259,0.40463497
853.03257467,0.38145627
853.27161453,0.38047458
853.51066218,0.34838865
853.74971761,0.33723434
853.98878081,0.32191236
854.22785178,0.32677058
854.46693053,0.31914665
854.70601703,0.30705039
854.94511130,0.29428482
855.18421332,0.28809418
855.42332310,0.27534129
855.66244063,0.25913754
855.90156590,0.24066842
856.14069892,0.23007411
856.37983967,0.22183769
856.61898816,0.22051461
856.85814438,0.20245756
857.09730833,0.19034525
857.33648000,0.18323415
857.57565939,0.18526450
857.81484650,0.18284137
858.05404132,0.18374622
858.29324385,0.18019005
858.53245409,0.16818433
858.77167203,0.16696267
859.01089766,0.17475513
859.25013099,0.17186060
859.48937201,0.16836086
859.72862072,0.17956285
859.96787711,0.18068252
860.20714118,0.17799497
860.44641292,0.18856672
860.68569234,0.18716052
860.92497943,0.17785468
861.16427418,0.18155214
861.40357659,0.17988966
861.64288666,0.18641900
861.88220438,0.18226699
862.12152976,0.18361653
862.36086277,0.18339563
862.60020344,0.18054574
862.83955174,0.18093229
863.07890767,0.18485535
863.31827124,0.18194446
863.55764244,0.16797520
863.79702126,0.16536760
864.03640770,0.16311608
864.27580175,0.15896738
864.51520342,0.15080032
864.75461270,0.14421785
864.99402959,0.13953598
865.23345408,0.14330362
865.47288616,0.13985952
865.71232584,0.14074387
865.95177311,0.13507320
866.19122797,0.13723589
866.43069041,0.13682483
866.67016043,0.13775962
866.90963803,0.14230226
867.14912320,0.14627930
867.38861594,0.15012069
867.62811625,0.14611984
867.86762411,0.15109344
868.10713954,0.15712693
868.34666251,0.16040498
868.58619304,0.15786855
868.82573112,0.16566635
869.06527673,0.17998531
869.30482989,0.19617340
869.54439058,0.19638078
869.78395881,0.19547016
870.02353456,0.19913951
870.26311784,0.20279753
870.50270863,0.20923459
870.74230695,0.20284720
870.98191278,0.20577462
871.22152611,0.20264031
871.46114696,0.20127335
871.70077530,0.20457690
871.94041115,0.20338570
872.18005449,0.20703769
872.41970532,0.20132296
872.65936364,0.18865376
872.89902944,0.18512494
873.13870273,0.18370357
873.37838349,0.17924399
873.61807172,0.18029424
873.85776742,0.17456576
874.09747059,0.16693495
874.33718122,0.17409072
874.57689930,0.17515733
874.81662484,0.17132739
875.05635784,0.16837019
875.29609827,0.16588268
875.53584616,0.16126837
875.77560148,0.15212945
876.01536424,0.15337811
876.25513443,0.15753548
876.49491204,0.15741340
876.73469709,0.16470248
876.97448955,0.16925571
877.21428943,0.16485253
877.45409673,0.17060823
877.69391143,0.18060614
877.93373355,0.17612134
878.17356306,0.18478687
878.41339998,0.19746740
878.65324428,0.20191472
878.89309599,0.21026319
879.13295507,0.23895303
879.37282155,0.24498076
879.61269540,0.25085124
879.85257663,0.26359257
880.09246523,0.26715411
880.33236121,0.28368309
880.57226455,0.27897847
880.81217525,0.28307921
881.05209331,0.27221108
881.29201872,0.26832892
881.53195149,0.27128423
881.77189160,0.27561544
882.01183905,0.27704132
882.25179385,0.27464020
882.49175598,0.28581289
882.73172545,0.29931068
882.97170224,0.31385786
883.21168636,0.31624953
883.45167780,0.31351310
883.69167656,0.32042055
883.93168263,0.32040164
884.17169601,0.34256036
884.41171670,0.36779269
884.65174469,0.36599178
884.89177999,0.37195370
885.13182257,0.36886341
885.37187245,0.38037502
885.61192962,0.39711476
885.85199407,0.40480718
886.09206581,0.43810196
886.33214482,0.44273624
886.57223110,0.43077464
886.81232465,0.42125449
887.05242547,0.43197693
887.29253356,0.43774028
887.53264890,0.44664679
887.77277149,0.44564280
888.01290134,0.42462000
888.25303843,0.41850252
888.49318277,0.40572940
888.73333435,0.40865152
888.97349317,0.40289308
889.21365922,0.38700358
889.45383250,0.38456734
889.69401300,0.38939989
889.93420072,0.38660670
890.17439567,0.38690357
890.41459783,0.41256309
890.65480719,0.41834210
890.89502377,0.42502755
891.13524755,0.42538974
891.37547853,0.42525641
891.61571670,0.42565018
891.85596207,0.42415953
892.09621463,0.42784877
892.33647437,0.42830084
892.57674129,0.45131957
892.81701539,0.43836992
893.05729666,0.42881894
893.29758510,0.42503312
893.53788071,0.43888001
893.77818349,0.45020246
894.01849342,0.43395678
894.25881051,0.43561879
894.49913474,0.43380715
894.73946613,0.43449217
894.97980466,0.43669964
895.22015033,0.45285246
895.46050314,0.47165679
895.70086308,0.46427015
895.94123016,0.45801305
896.18160435,0.45663635
896.42198567,0.46048413
896.66237411,0.46019157
896.90276966,0.45449257
897.14317233,0.44535785
897.38358210,0.44409316
897.62399897,0.45097123
897.86442295,0.44413045
898.10485402,0.44606486
898.34529218,0.46131759
898.58573744,0.44762787
898.82618978,0.43671142
899.06664920,0.42572894
899.30711569,0.44039398
899.54758927,0.43303722
899.78806991,0.42513334
900.02855762,0.41907276
900.26905239,0.40489542
900.50955422,0.40029862
900.75006311,0.38038920
900.99057905,0.38148806
901.23110204,0.37793056
901.47163207,0.36574664
901.71216914,0.37107839
901.95271325,0.36026811
902.19326440,0.34016147
902.43382257,0.33613820
902.67438777,0.34382548
902.91495999,0.34066467
903.15553924,0.33738138
903.39612549,0.34668345
903.63671876,0.33681699
903.87731904,0.34156972
904.11792632,0.34322531
904.35854060,0.33799302
904.59916188,0.33303647
904.83979015,0.34240265
905.08042541,0.32504184
905.32106765,0.31207153
905.56171688,0.30241311
905.80237308,0.29993393
906.04303626,0.30467005
906.28370641,0.29313396
906.52438353,0.28720512
906.76506761,0.29272899
907.00575865,0.29126217
907.24645665,0.29276919
907.48716160,0.28428439
907.72787350,0.27954281
907.96859234,0.26938907
908.20931812,0.26688751
908.45005085,0.25258465
908.69079050,0.25323748
908.93153709,0.25904145
909.17229060,0.25485481
909.41305104,0.24935277
909.65381839,0.23798909
909.89459266,0.23100378
910.13537384,0.23530796
910.37616193,0.23988948
910.61695693,0.23909242
910.85775882,0.23958446
911.09856761,0.25215116
911.33938330,0.26292378
911.58020588,0.26586270
911.82103534,0.27105604
912.06187168,0.28488730
912.30271490,0.29078918
912.54356500,0.30169450
912.78442197,0.31677330
913.02528580,0.32716916
913.26615650,0.33111998
913.50703406,0.35377253
913.74791848,0.36979313
913.98880974,0.38419157
914.22970786,0.37581662
914.47061282,0.37948421
914.71152463,0.38066514
914.95244327,0.39310676
915.19336875,0.37975803
915.43430105,0.38058970
915.67524019,0.38830487
915.91618615,0.39811855
916.15713892,0.39835726
916.39809852,0.40256613
916.63906492,0.39109098
916.88003813,0.37478780
917.12101815,0.35638374
917.36200497,0.35994495
917.60299859,0.34842349
917.84399900,0.35267267
918.08500620,0.34750850
918.32602018,0.31879633
918.56704095,0.28888382
918.80806850,0.26291663
919.04910282,0.24408676
919.29014392,0.23412623
919.53119178,0.23044172
919.77224640,0.23163150
920.01330779,0.22356143
920.25437593,0.21620712
920.49545083,0.19604291
920.73653248,0.18244664
920.97762087,0.18159221
921.21871600,0.18115909
921.45981787,0.17543910
921.70092648,0.16291224
921.94204182,0.16134508
922.18316388,0.16019163
922.42429267,0.15618684
922.66542818,0.15690832
922.90657040,0.15126221
923.14771934,0.14579968
923.38887498,0.14581283
923.63003734,0.14493701
923.87120639,0.14919874
924.11238214,0.15267431
924.35356458,0.16159333
924.59475371,0.15835807
924.83594953,0.16082939
925.07715204,0.15537968
925.31836122,0.15079743
925.55957708,0.15995080
925.80079961,0.16596938
926.04202881,0.18042400
926.28326467,0.19188130
926.52450719,0.20149164
926.76575637,0.20707856
927.00701221,0.21044943
927.24827469,0.21891891
927.48954382,0.22017422
927.73081959,0.23129475
927.97210200,0.24525402
928.21339105,0.26685393
928.45468673,0.27569691
928.69598903,0.27641869
928.93729796,0.27223644
929.17861351,0.27468402
929.41993567,0.27611314
929.66126445,0.26606253
929.90259984,0.27402036
930.14394183,0.26816558
930.38529042,0.27623707
930.62664561,0.26620091
930.86800740,0.25725482
931.10937578,0.25261588
931.35075074,0.25525190
931.59213229,0.26059934
931.83352042,0.25323453
932.07491512,0.24608402
932.31631639,0.23947365
932.55772424,0.23010461
932.79913864,0.22819369
933.04055961,0.22520178
933.28198714,0.21919250
933.52342122,0.21726167
933.76486185,0.22260994
934.00630903,0.22916670
934.24776275,0.20772672
934.48922301,0.19863204
934.73068980,0.19294957
934.97216313,0.18044831
935.21364298,0.17714588
935.45512936,0.17132077
935.69662225,0.16939795
935.93812167,0.15398679
936.17962760,0.15346981
936.42114004,0.14422381
936.66265898,0.13058958
936.90418442,0.12527429
937.14571637,0.12616348
937.38725481,0.11214954
937.62879973,0.10659742
937.87035115,0.10582670
938.11190905,0.10373846
938.35347343,0.09505709
938.59504429,0.09408587
938.83662162,0.10420820
939.07820541,0.09732993
939.31979568,0.09558672
939.56139240,0.09405715
939.80299558,0.09210023
940.04460522,0.08765949
940.28622131,0.08801177
940.52784384,0.08533575
940.76947282,0.08157702
941.01110823,0.07225498
941.25275008,0.07496469
941.49439837,0.07404787
941.73605308,0.07104037
941.97771421,0.06437114
942.21938177,0.06893925
942.46105574,0.06598930
942.70273613,0.06454653
942.94442293,0.06558446
943.18611613,0.05979452
943.42781574,0.05476495
943.66952174,0.05238530
943.91123414,0.05234363
944.15295293,0.05068149
944.39467811,0.04607792
944.63640967,0.04383455
944.87814762,0.04648286
945.11989194,0.04360673
945.36164263,0.04337971
945.60339969,0.03987513
945.84516312,0.04403671
946.08693290,0.04239368
946.32870905,0.04427085
946.57049155,0.04462850
946.81228040,0.04747018
947.05407560,0.04694443
947.29587714,0.04854924
947.53768503,0.05063483
947.77949924,0.05515100
948.02131979,0.05266505
948.26314667,0.06453328
948.50497988,0.06474064
948.74681940,0.06804485
948.98866524,0.07719328
949.23051740,0.07729807
949.47237587,0.08220706
949.71424064,0.08605388
949.95611171,0.09293765
950.19798909,0.09530058
950.43987276,0.09729251
950.68176272,0.09925964
950.92365897,0.11097003
951.16556150,0.11454638
951.40747032,0.13314846
951.64938541,0.13660876
951.89130677,0.14482620
952.13323441,0.14841828
952.37516831,0.15200479
952.61710847,0.15465405
952.85905489,0.15776538
953.10100756,0.16128685
953.34296649,0.16603953
953.58493166,0.17116465
953.82690308,0.18285153
954.06888074,0.19062055
954.31086463,0.19204501
954.55285476,0.19958140
954.79485111,0.20296397
955.03685369,0.20460260
955.27886249,0.19889414
955.52087751,0.20988411
955.76289875,0.20972913
956.00492619,0.21336656
956.24695984,0.22287774
956.48899970,0.22148174
956.73104575,0.23181345
956.97309800,0.23198004
957.21515644,0.23590286
957.45722107,0.24189297
957.69929189,0.25407636
957.94136888,0.25729811
958.18345205,0.26406924
958.42554140,0.27229742
958.66763692,0.28307169
958.90973860,0.28972258
959.15184644,0.29948571
959.39396044,0.30260424
959.63608060,0.31928664
959.87820691,0.32472331
960.12033937,0.32548841
960.36247797,0.32839295
960.60462271,0.34536541
960.84677359,0.36062705
961.08893060,0.38085166
961.33109374,0.39535956
961.57326301,0.39387338
961.81543840,0.38320763
962.05761991,0.36537502
962.29980753,0.34657861
962.54200126,0.35381849
962.78420110,0.33630729
963.02640704,0.33140837
963.26861908,0.33219172
963.51083722,0.34817454
963.75306145,0.35015445
963.99529177,0.34710167
964.23752817,0.35651475
964.47977066,0.36150760
964.72201922,0.34197224
964.96427386,0.34295304
965.20653456,0.34300226
965.44880134,0.33511980
965.69107417,0.33205689
965.93335307,0.32587927
966.17563802,0.32761235
966.41792902,0.31698297
966.66022607,0.30430886
966.90252917,0.29210709
967.14483830,0.28259631
967.38715347,0.27629774
967.62947468,0.26727287
967.87180192,0.25627933
968.11413518,0.25276998
968.35647446,0.25951972
968.59881976,0.25503428
968.84117108,0.25352097
969.08352841,0.24052588
969.32589174,0.21880180
969.56826108,0.21805386
969.81063642,0.20761802
970.05301776,0.20397683
970.29540509,0.20005006
970.53779840,0.19866910
970.78019771,0.20453060
971.02260299,0.19729863
971.26501425,0.20178685
971.50743149,0.19777470
971.74985470,0.19637145
971.99228387,0.18990013
972.23471901,0.17881696
972.47716011,0.17330211
972.71960716,0.17238605
972.96206016,0.16719887
973.20451911,0.16067254
973.44698401,0.15157240
973.68945485,0.15180873
973.93193163,0.15248402
974.17441434,0.14517037
974.41690298,0.14037351
974.65939754,0.13010304
974.90189803,0.13103157
975.14440444,0.11980487
975.38691676,0.11768589
975.62943499,0.11306255
975.87195913,0.11120819
976.11448918,0.10952449
976.35702513,0.10670688
976.59956697,0.10776806
976.84211470,0.10844745
977.08466833,0.10041361
977.32722784,0.09478887
977.56979323,0.09434498
977.81236450,0.09327685
978.05494165,0.08936631
978.29752467,0.08693901
978.54011355,0.09038383
978.78270830,0.08590068
979.02530890,0.08891914
979.26791537,0.08666253
979.51052768,0.08964252
979.75314585,0.09110263
979.99576986,0.09044143
980.23839971,0.08821817
980.48103540,0.08873424
980.72367692,0.08508140
980.96632427,0.08749241
981.20897745,0.08050465
981.45163645,0.08195950
981.69430127,0.08247118
981.93697191,0.08711526
982.17964836,0.08125822
982.42233061,0.07338783
982.66501868,0.08193695
982.90771254,0.07495078
983.15041220,0.08207360
983.39311765,0.08274248
983.63582889,0.08341826
983.87854592,0.08180726
984.12126873,0.07321757
984.36399732,0.07872110
984.60673168,0.07237037
984.84947182,0.06849858
985.09221772,0.06738689
985.33496939,0.07162782
985.57772681,0.06455074
985.82049000,0.06788539
986.06325893,0.07080688
986.30603362,0.06964417
986.54881405,0.06344959
986.79160022,0.06916786
987.03439213,0.06470822
987.27718977,0.06935279
987.51999315,0.06601315
987.76280225,0.06121182
988.00561707,0.06088309
988.24843762,0.06281156
988.49126388,0.05809152
988.73409585,0.06010441
988.97693353,0.06117688
989.21977692,0.06195800
989.46262601,0.05560214
989.70548079,0.05799766
989.94834127,0.05872877
990.19120744,0.05699430
990.43407929,0.05742908
990.67695683,0.05834897
990.91984004,0.06108190
991.16272893,0.06373579
991.40562350,0.06325048
991.64852373,0.06443370
991.89142962,0.06281153
992.13434118,0.06593873
992.37725839,0.06585206
992.62018126,0.06855974
992.86310977,0.07143805
993.10604393,0.06955289
993.34898373,0.07011421
993.59192917,0.07386761
993.83488025,0.07020910
994.07783696,0.07570637
994.32079929,0.07399922
994.56376725,0.07162643
994.80674082,0.07752453
995.04972002,0.07590220
995.29270482,0.07989650
995.53569524,0.07932782
995.77869126,0.08001447
996.02169288,0.08249029
996.26470010,0.07731072
996.50771291,0.07786545
996.75073131,0.07240981
996.99375530,0.07477359
997.23678488,0.07695219
997.47982003,0.07059844
997.72286076,0.06813844
997.96590706,0.07216838
998.20895892,0.07535217
998.45201636,0.07456422
998.69507935,0.07108515
998.93814790,0.07555293
999.18122200,0.07142613
999.42430166,0.06677129
999.66738686,0.06977154
999.91047760,0.06771768
1000.15357388,0.06816093
1000.39667569,0.06583920
1000.63978304,0.07123557
1000.88289592,0.07102202
1001.12601431,0.06738560
1001.36913823,0.07343594
1001.61226767,0.06689389
1001.85540262,0.06527779
1002.09854307,0.06235606
1002.34168904,0.06270271
1002.58484050,0.06423224
1002.82799746,0.06318842
1003.07115992,0.05699169
1003.31432787,0.06225515
1003.55750130,0.06056502
1003.80068022,0.06370665
1004.04386462,0.06337448
1004.28705449,0.05903910
1004.53024984,0.05710459
1004.77345065,0.05806608
1005.01665693,0.05343028
1005.25986867,0.05647077
1005.50308587,0.04965801
1005.74630852,0.04954030
1005.98953662,0.05383939
1006.23277017,0.05267403
1006.47600916,0.05297838
1006.71925359,0.05638645
1006.96250346,0.05640135
1007.20575875,0.05890897
1007.44901948,0.05237636
1007.69228563,0.05370546
1007.93555720,0.05874394
1008.17883418,0.06124861
1008.42211658,0.05452971
1008.66540439,0.05657794
1008.90869761,0.05262833
1009.15199622,0.06129084
1009.39530024,0.05498459
1009.63860965,0.05605497
1009.88192445,0.05915855
1010.12524464,0.05521612
1010.36857021,0.06493415
1010.61190116,0.06677990
1010.85523749,0.06465231
1011.09857919,0.06647389
1011.34192626,0.07456648
1011.58527870,0.07717504
1011.82863649,0.07651184
1012.07199965,0.07493031
1012.31536816,0.08087286
1012.55874202,0.08647528
1012.80212122,0.08812027
1013.04550577,0.08718845
1013.28889566,0.08905241
1013.53229088,0.09066611
1013.77569144,0.10203627
1014.01909732,0.10863605
1014.26250853,0.10624081
1014.50592506,0.10731391
1014.74934691,0.11257299
1014.99277407,0.11555844
1015.23620654,0.11456128
1015.47964432,0.11302847
1015.72308739,0.11500818
1015.96653577,0.11124320
1016.20998944,0.11126280
1016.45344841,0.10850669
1016.69691266,0.10850868
1016.94038220,0.10563385
1017.18385701,0.10968856
1017.42733710,0.10884145
1017.67082247,0.11086289
1017.91431310,0.06335329
1018.15780900,0.00663180
1018.40131017,0.00679190
1018.64481659,0.00466431
1018.88832826,0.00408974
1019.13184519,0.00682597
1019.37536736,0.00452968
