198.80933475,-0.00197856
199.01143578,-0.00164309
199.21355429,0.00104740
199.41569028,-0.00049341
199.61784374,0.00048404
199.82001468,-0.00079314
200.02220309,-0.00010827
200.22440896,-0.00012253
200.42663230,0.00130038
200.62887310,0.00023221
200.83113136,-0.00198727
201.03340708,0.00123989
201.23570025,0.00079588
201.43801087,-0.00431600
201.64033894,-0.00198761
201.84268445,-0.00215671
202.04504741,-0.00052166
202.24742780,-0.00166959
202.44982564,0.00012628
202.65224090,0.00191564
202.85467360,-0.00282950
203.05712372,-0.00142061
203.25959128,-0.00040640
203.46207625,-0.00167511
203.66457864,-0.00131395
203.86709846,-0.00230786
204.06963568,-0.00216272
204.27219032,-0.00357990
204.47476237,-0.00179659
204.67735182,-0.00018487
204.87995868,0.00182521
205.08258293,-0.00249351
205.28522459,0.00165366
205.48788364,0.00012489
205.69056008,-0.00169035
205.89325391,-0.00157655
206.09596513,0.00046217
206.29869374,-0.00103519
206.50143972,-0.00117700
206.70420308,-0.00280344
206.90698382,0.00104935
207.10978194,-0.00104421
207.31259742,-0.00247671
207.51543027,-0.00061724
207.71828048,-0.00121185
207.92114806,-0.00160518
208.12403299,-0.00202330
208.32693528,-0.00033105
208.52985493,-0.00113233
208.73279193,0.00371377
208.93574627,-0.00105963
209.13871796,-0.00494260
209.34170699,-0.00071075
209.54471336,-0.00304759
209.74773707,-0.00314055
209.95077811,0.00027410
210.15383649,-0.00294591
210.35691219,-0.00173731
210.56000522,0.00041639
210.76311557,-0.00024189
210.96624324,-0.00111682
211.16938823,-0.00009778
211.37255053,0.00140436
211.57573015,-0.00060117
211.77892707,-0.00142418
211.98214130,-0.00344853
212.18537284,-0.00246396
212.38862167,-0.00047953
212.59188781,-0.00189751
212.79517124,0.00021610
212.99847196,-0.00059649
213.20178997,0.00006051
213.40512527,-0.00314527
213.60847785,-0.00210836
213.81184772,-0.00097976
214.01523486,-0.00143174
214.21863928,-0.00023197
214.42206097,-0.00232782
214.62549993,-0.00039825
214.82895616,-0.00047533
215.03242966,-0.00156651
215.23592042,-0.00026538
215.43942843,-0.00089837
215.64295370,-0.00035476
215.84649623,-0.00067372
216.05005601,-0.00254349
216.25363303,-0.00087960
216.45722731,-0.00010556
216.66083882,0.00042976
216.86446757,-0.00052069
217.06811356,-0.00070352
217.27177679,-0.00061781
217.47545724,-0.00292706
217.67915493,0.00040297
217.88286984,0.00240541
218.08660198,-0.00623949
218.29035133,-0.00120540
218.49411790,-0.00164246
218.69790169,0.00163266
218.90170269,-0.00359506
219.10552090,-0.00220339
219.30935632,-0.00222109
219.51320894,-0.00357559
219.71707876,-0.00062058
219.92096578,-0.00205860
220.12486999,-0.00045447
220.32879140,-0.00073553
220.53272999,-0.00199830
220.73668578,-0.00142470
220.94065875,-0.00021462
221.14464890,0.00157561
221.34865623,-0.00021225
221.55268073,-0.00057886
221.75672241,-0.00090784
221.96078126,-0.00192021
222.16485728,0.00036653
222.36895046,-0.00156044
222.57306080,0.00052149
222.77718831,0.00017005
222.98133297,-0.00345706
223.18549478,-0.00113536
223.38967375,0.00147288
223.59386986,0.00086637
223.79808312,-0.00079193
224.00231352,0.00131881
224.20656106,-0.00237092
224.41082574,-0.00063085
224.61510756,-0.00277603
224.81940650,0.00197523
225.02372258,-0.00122548
225.22805578,-0.00007842
225.43240610,-0.00182941
225.63677355,-0.00274294
225.84115811,-0.00072119
226.04555979,-0.00121223
226.24997858,-0.00063772
226.45441448,0.00104858
226.65886748,0.00101779
226.86333759,-0.00114885
227.06782480,-0.00298877
227.27232911,-0.00148082
227.47685052,0.00092614
227.68138902,-0.00071241
227.88594461,0.00139076
228.09051728,0.00121337
228.29510704,-0.00165308
228.49971389,-0.00241625
228.70433781,-0.00249444
228.90897881,-0.00286737
229.11363688,-0.00302604
229.31831202,-0.00381296
229.52300423,-0.00152917
229.72771350,0.00117259
229.93243984,0.00255757
230.13718324,0.00117356
230.34194369,0.00037922
230.54672120,-0.00017908
230.75151576,-0.00064449
230.95632737,-0.00220183
231.16115602,-0.00225479
231.36600172,-0.00007599
231.57086446,0.00103408
231.77574423,-0.00234058
231.98064104,0.00049463
232.18555488,-0.00101946
232.39048575,-0.00178167
232.59543365,0.00099160
232.80039857,-0.00088570
233.00538051,-0.00435237
233.21037947,-0.00332966
233.41539544,0.00217342
233.62042843,0.00240757
233.82547842,-0.00106174
234.03054543,-0.00013521
234.23562943,-0.00053839
234.44073044,0.00006422
234.64584845,-0.00096748
234.85098345,-0.00171256
235.05613545,-0.00320434
235.26130444,0.00066830
235.46649041,-0.00003844
235.67169337,-0.00218038
235.87691331,-0.00018064
236.08215023,-0.00218881
236.28740413,-0.00061017
236.49267500,-0.00104365
236.69796284,-0.00184899
236.90326765,-0.00198952
237.10858942,-0.00194374
237.31392816,-0.00073522
237.51928386,-0.00247466
237.72465651,-0.00139617
237.93004612,0.00197481
238.13545268,-0.00122749
238.34087619,-0.00008602
238.54631664,-0.00066729
238.75177404,-0.00012107
238.95724838,0.00090833
239.16273965,-0.00367999
239.36824786,-0.00304153
239.57377300,-0.00050115
239.77931508,0.00122760
239.98487407,0.00022905
240.19045000,0.00045665
240.39604284,-0.00144393
240.60165260,0.00032411
240.80727928,0.00035680
241.01292287,-0.00054572
241.21858337,-0.00042244
241.42426077,-0.00022919
241.62995508,-0.00033675
241.83566630,0.00097310
242.04139441,-0.00127657
242.24713941,0.00006780
242.45290131,-0.00227575
242.65868010,-0.00102554
242.86447578,-0.00233343
243.07028835,-0.00377006
243.27611779,0.00013839
243.48196412,-0.00006565
243.68782732,-0.00097597
243.89370739,0.00196925
244.09960434,0.00086561
244.30551816,-0.00025619
244.51144884,-0.00026941
244.71739638,-0.00405549
244.92336078,0.00008515
245.12934204,-0.00024796
245.33534016,-0.00142012
245.54135512,0.00195207
245.74738694,-0.00035323
245.95343560,0.00006902
246.15950110,-0.00176400
246.36558345,-0.00168920
246.57168263,-0.00064817
246.77779865,-0.00141918
246.98393150,-0.00212058
247.19008118,-0.00056217
247.39624769,-0.00067406
247.60243102,-0.00117541
247.80863117,-0.00054943
248.01484814,0.00196578
248.22108192,-0.00006253
248.42733252,0.00063950
248.63359993,-0.00241752
248.83988415,-0.00076134
249.04618517,-0.00029944
249.25250299,0.00119977
249.45883761,0.00176844
249.66518903,-0.00052264
249.87155724,-0.00091270
250.07794224,-0.00299582
250.28434403,0.00014825
250.49076260,-0.00212437
250.69719796,0.00076444
250.90365009,0.00063790
251.11011901,-0.00034809
251.31660469,-0.00165551
251.52310715,0.00152965
251.72962638,-0.00089941
251.93616237,0.00031630
252.14271513,-0.00018494
252.34928464,-0.00160580
252.55587091,0.00119623
252.76247394,-0.00083486
252.96909372,0.00125602
253.17573025,-0.00037162
253.38238352,-0.00033199
253.58905354,-0.00123284
253.79574030,-0.00281756
254.00244380,-0.00165380
254.20916403,-0.00401399
254.41590099,-0.00205603
254.62265469,0.00044184
254.82942511,-0.00009785
255.03621225,-0.00221112
255.24301612,-0.00070814
255.44983670,-0.00342219
255.65667400,-0.00023183
255.86352802,0.00079946
256.07039874,0.00050948
256.27728617,-0.00204141
256.48419031,-0.00458046
256.69111115,-0.00259638
256.89804868,-0.00114739
257.10500292,-0.00156516
257.31197384,-0.00192445
257.51896146,-0.00425974
257.72596577,-0.00048480
257.93298676,-0.00305027
258.14002443,-0.00159369
258.34707878,-0.00116870
258.55414981,0.00044204
258.76123752,0.00008998
258.96834190,0.00049247
259.17546294,-0.00099506
259.38260065,0.00047270
259.58975502,-0.00254612
259.79692606,0.00017022
260.00411375,0.00033577
260.21131810,0.00093687
260.41853909,-0.00267655
260.62577674,-0.00192313
260.83303103,-0.00077652
261.04030197,0.00039068
261.24758955,-0.00032841
261.45489377,-0.00053832
261.66221462,0.00064806
261.86955210,0.00018379
262.07690622,0.00098420
262.28427696,-0.00249790
262.49166433,0.00346457
262.69906831,-0.00002449
262.90648892,-0.00057570
263.11392614,-0.00139287
263.32137998,-0.00198946
263.52885042,-0.00340949
263.73633747,-0.00394172
263.94384113,-0.00157890
264.15136139,-0.00107080
264.35889825,-0.00277505
264.56645171,0.00281550
264.77402176,0.00052347
264.98160840,-0.00016755
265.18921163,-0.00028503
265.39683144,0.00040710
265.60446784,-0.00176945
265.81212081,-0.00051510
266.01979037,0.00171575
266.22747650,-0.00175108
266.43517920,-0.00271767
266.64289847,0.00170542
266.85063430,0.00010973
267.05838670,0.00030155
267.26615566,-0.00133946
267.47394117,-0.00234887
267.68174324,-0.00155634
267.88956187,-0.00268186
268.09739704,-0.00167074
268.30524876,-0.00031728
268.51311702,-0.00180853
268.72100183,0.00116739
268.92890317,0.00068142
269.13682105,-0.00120007
269.34475546,-0.00132436
269.55270640,0.00142706
269.76067387,-0.00212929
269.96865786,0.00153726
270.17665838,-0.00026104
270.38467541,-0.00137437
270.59270896,-0.00027105
270.80075902,-0.00104178
271.00882560,0.00131714
271.21690868,0.00021628
271.42500826,0.00058326
271.63312435,0.00010539
271.84125694,0.00219974
272.04940602,-0.00057595
272.25757160,-0.00091499
272.46575367,-0.00121813
272.67395223,-0.00139673
272.88216727,0.00350118
273.09039880,-0.00256205
273.29864681,-0.00047665
273.50691129,0.00138357
273.71519225,-0.00219377
273.92348968,-0.00066132
274.13180358,-0.00227627
274.34013395,-0.00258578
274.54848077,0.00014592
274.75684406,-0.00043667
274.96522381,-0.00215511
275.17362001,0.00032998
275.38203267,-0.00079891
275.59046177,0.00094363
275.79890732,-0.00181626
276.00736932,0.00077526
276.21584776,-0.00019732
276.42434263,0.00130524
276.63285394,-0.00008490
276.84138169,-0.00016022
277.04992586,-0.00100274
277.25848646,0.00127841
277.46706349,0.00059382
277.67565694,0.00037368
277.88426680,-0.00065743
278.09289309,-0.00168246
278.30153578,0.00130983
278.51019489,-0.00075788
278.71887041,-0.00112699
278.92756233,-0.00366254
279.13627065,-0.00098695
279.34499537,-0.00133439
279.55373649,-0.00017102
279.76249401,-0.00051831
279.97126791,-0.00234572
280.18005820,0.00042483
280.38886488,-0.00100274
280.59768795,0.00247851
280.80652739,-0.00152532
281.01538321,-0.00127043
281.22425540,-0.00154597
281.43314397,-0.00064973
281.64204891,-0.00061842
281.85097021,-0.00010511
282.05990788,-0.00020736
282.26886190,-0.00256861
282.47783229,0.00239577
282.68681903,0.00066670
282.89582212,0.00073712
283.10484156,-0.00112549
283.31387735,-0.00133245
283.52292949,-0.00106069
283.73199796,0.00203273
283.94108277,0.00056275
284.15018392,-0.00078390
284.35930141,-0.00064352
284.56843522,0.00052353
284.77758536,-0.00332671
284.98675183,-0.00273322
285.19593461,-0.00388224
285.40513372,-0.00107326
285.61434914,-0.00029725
285.82358088,-0.00077918
286.03282893,-0.00084954
286.24209328,-0.00044316
286.45137395,0.00134602
286.66067091,0.00052260
286.86998417,-0.00194350
287.07931373,-0.00058653
287.28865959,-0.00290853
287.49802174,0.00010733
287.70740017,0.00120095
287.91679489,0.00115468
288.12620590,-0.00041157
288.33563318,-0.00189442
288.54507675,0.00010379
288.75453658,0.00067722
288.96401269,-0.00283387
289.17350507,0.00036173
289.38301372,-0.00119554
289.59253863,0.00040026
289.80207980,-0.00197405
290.01163723,-0.00033303
290.22121091,-0.00008227
290.43080085,-0.00050143
290.64040703,0.00232524
290.85002947,0.00117016
291.05966815,0.00091728
291.26932307,-0.00205394
291.47899422,-0.00087425
291.68868162,-0.00184421
291.89838525,-0.00160587
292.10810511,-0.00040662
292.31784119,0.00142467
292.52759350,0.00109856
292.73736204,0.00039835
292.94714679,0.00292938
293.15694776,0.00109447
293.36676494,0.00080008
293.57659834,-0.00116527
293.78644794,-0.00044714
293.99631375,0.00080637
294.20619576,0.00064337
294.41609397,-0.00015700
294.62600838,-0.00053898
294.83593898,-0.00039741
295.04588578,0.00109676
295.25584876,-0.00113635
295.46582793,-0.00011868
295.67582328,-0.00093992
295.88583481,-0.00063796
296.09586253,0.00008977
296.30590641,-0.00139926
296.51596647,0.00084079
296.72604270,0.00329701
296.93613509,-0.00159522
297.14624365,0.00267350
297.35636837,-0.00016022
297.56650925,-0.00004000
297.77666629,-0.00333708
297.98683947,0.00084788
298.19702881,-0.00014693
298.40723429,-0.00102412
298.61745592,-0.00359683
298.82769369,-0.00303486
299.03794760,-0.00371241
299.24821765,0.00007579
299.45850383,-0.00021316
299.66880614,0.00056918
299.87912458,-0.00145059
300.08945914,0.00011518
300.29980983,-0.00305291
300.51017663,-0.00010643
300.72055955,-0.00053170
300.93095859,-0.00507983
301.14137374,-0.00014061
301.35180499,0.00206165
301.56225235,-0.00131083
301.77271582,0.00137542
301.98319538,-0.00271782
302.19369105,0.00139691
302.40420280,-0.00113878
302.61473065,0.00041552
302.82527459,-0.00058487
303.03583461,-0.00049108
303.24641072,-0.00013954
303.45700291,0.00044024
303.66761117,0.00056754
303.87823552,-0.00099063
304.08887593,-0.00156450
304.29953241,0.00162080
304.51020496,0.00070509
304.72089358,-0.00203541
304.93159825,-0.00587677
305.14231899,0.00151522
305.35305578,-0.00433384
305.56380862,-0.00263441
305.77457752,-0.00209003
305.98536246,0.00050507
306.19616344,0.00111404
306.40698047,0.00131690
306.61781354,-0.00233534
306.82866264,-0.00339040
307.03952778,0.00123555
307.25040895,-0.00077193
307.46130614,0.00133835
307.67221937,0.00080060
307.88314861,-0.00068034
308.09409387,0.00026691
308.30505515,0.00046141
308.51603245,-0.00062964
308.72702576,0.00049064
308.93803507,0.00046884
309.14906039,0.00146749
309.36010172,-0.00012323
309.57115904,0.00047893
309.78223236,0.00092312
309.99332168,-0.00026723
310.20442699,-0.00063155
310.41554829,0.00004757
310.62668557,-0.00082475
310.83783884,-0.00119015
311.04900809,-0.00132057
311.26019332,0.00015287
311.47139452,0.00082153
311.68261169,0.00077315
311.89384484,-0.00100729
312.10509395,-0.00146187
312.31635903,-0.00169535
312.52764007,0.00276557
312.73893706,-0.00034507
312.95025002,-0.00005648
313.16157892,0.00161993
313.37292378,-0.00383285
313.58428458,-0.00022679
313.79566133,-0.00128757
314.00705402,-0.00022992
314.21846266,0.00031866
314.42988722,0.00087019
314.64132772,0.00025286
314.85278416,0.00101284
315.06425652,0.00000643
315.27574480,-0.00132714
315.48724901,-0.00127328
315.69876914,0.00377332
315.91030518,-0.00085228
316.12185715,-0.00166376
316.33342502,-0.00049549
316.54500880,-0.00294674
316.75660848,0.00014460
316.96822407,-0.00014554
317.17985556,0.00176362
317.39150295,-0.00005655
317.60316624,-0.00006096
317.81484541,-0.00154291
318.02654048,-0.00062568
318.23825143,-0.00052194
318.44997826,-0.00292126
318.66172098,-0.00267377
318.87347957,-0.00174377
319.08525404,-0.00120830
319.29704439,0.00125894
319.50885060,-0.00281929
319.72067268,-0.00079380
319.93251063,0.00098673
320.14436443,0.00138437
320.35623410,-0.00308582
320.56811962,-0.00111450
320.78002100,0.00126585
320.99193822,-0.00042670
321.20387130,0.00180724
321.41582021,-0.00020350
321.62778498,0.00026420
321.83976558,-0.00098132
322.05176201,-0.00284717
322.26377428,0.00162247
322.47580239,-0.00124097
322.68784632,0.00024786
322.89990607,0.00065119
323.11198165,-0.00032567
323.32407305,-0.00163124
323.53618027,0.00138107
323.74830330,0.00065397
323.96044215,-0.00209076
324.17259680,0.00093325
324.38476726,-0.00023478
324.59695352,-0.00110116
324.80915558,0.00088202
325.02137344,0.00032151
325.23360710,0.00096879
325.44585655,-0.00355842
325.65812178,-0.00062946
325.87040281,-0.00046935
326.08269962,-0.00083712
326.29501221,0.00013739
326.50734058,0.00033324
326.71968472,0.00086450
326.93204464,0.00001087
327.14442032,-0.00094721
327.35681178,-0.00073661
327.56921900,-0.00145580
327.78164198,0.00005177
327.99408072,0.00030339
328.20653522,0.00025574
328.41900547,0.00362790
328.63149147,0.00140405
328.84399322,0.00021513
329.05651071,-0.00250954
329.26904395,-0.00223466
329.48159293,-0.00064744
329.69415764,0.00105386
329.90673809,-0.00079488
330.11933427,0.00289128
330.33194617,-0.00089966
330.54457381,0.00000328
330.75721716,0.00214783
330.96987624,-0.00291956
331.18255104,-0.00223507
331.39524154,-0.00118551
331.60794777,0.00113323
331.82066970,-0.00113729
332.03340733,-0.00601677
332.24616067,0.00051586
332.45892971,0.00019035
332.67171445,-0.00081695
332.88451489,-0.00031089
333.09733102,0.00050497
333.31016283,0.00111394
333.52301034,-0.00233312
333.73587352,0.00003140
333.94875239,0.00011813
334.16164694,0.00300314
334.37455717,-0.00222101
334.58748306,-0.00278272
334.80042463,0.00306869
335.01338187,-0.00061363
335.22635477,0.00027156
335.43934333,0.00065424
335.65234755,-0.00180221
335.86536743,0.00152267
336.07840296,-0.00024526
336.29145415,0.00191265
336.50452098,0.00184125
336.71760345,-0.00275769
336.93070157,-0.00257104
337.14381533,0.00149221
337.35694473,0.00072189
337.57008976,0.00039317
337.78325042,-0.00417803
337.99642671,0.00159633
338.20961863,-0.00150310
338.42282617,0.00060478
338.63604933,0.00170705
338.84928810,-0.00011951
339.06254250,-0.00204898
339.27581250,-0.00007963
339.48909812,-0.00181988
339.70239934,0.00179360
339.91571616,-0.00166991
340.12904859,0.00159279
340.34239661,-0.00103206
340.55576023,-0.00008255
340.76913945,-0.00075566
340.98253425,0.00079824
341.19594464,-0.00047505
341.40937061,-0.00222945
341.62281217,0.00002525
341.83626930,-0.00304861
342.04974201,0.00088511
342.26323030,0.00126714
342.47673415,-0.00156645
342.69025357,-0.00047475
342.90378856,-0.00245719
343.11733911,-0.00249458
343.33090522,0.00083784
343.54448688,0.00085794
343.75808410,0.00092645
343.97169687,0.00171686
344.18532519,0.00090833
344.39896906,-0.00282131
344.61262847,0.00287656
344.82630341,-0.00148815
345.03999390,-0.00230133
345.25369992,0.00027021
345.46742147,-0.00206099
345.68115855,-0.00217722
345.89491115,-0.00246740
346.10867928,0.00007047
346.32246293,-0.00056335
346.53626210,-0.00138808
346.75007679,-0.00145396
346.96390698,-0.00072956
347.17775269,-0.00198442
347.39161390,-0.00055487
347.60549061,-0.00010657
347.81938283,0.00134057
348.03329055,-0.00255077
348.24721376,-0.00031151
348.46115246,0.00008102
348.67510665,-0.00005152
348.88907634,-0.00085016
349.10306150,-0.00090753
349.31706215,-0.00295701
349.53107828,-0.00116815
349.74510988,0.00014821
349.95915696,0.00022957
350.17321950,-0.00190321
350.38729752,-0.00234801
350.60139100,0.00174456
350.81549994,0.00101086
351.02962435,0.00143474
351.24376421,-0.00091836
351.45791952,-0.00120532
351.67209028,0.00052999
351.88627650,0.00151310
352.10047816,0.00174255
352.31469526,-0.00023169
352.52892780,-0.00050143
352.74317578,-0.00299394
352.95743919,0.00090135
353.17171804,-0.00319861
353.38601232,0.00211054
353.60032202,-0.00216534
353.81464714,-0.00015405
354.02898769,0.00066133
354.24334365,0.00112272
354.45771503,0.00032797
354.67210182,-0.00077593
354.88650403,-0.00504543
355.10092164,0.00045627
355.31535465,-0.00001244
355.52980306,0.00190569
355.74426687,-0.00083430
355.95874608,0.00043677
356.17324069,-0.00047765
356.38775068,0.00049123
356.60227606,-0.00198602
356.81681682,0.00254810
357.03137297,-0.00000859
357.24594449,-0.00200865
357.46053139,-0.00013038
357.67513367,-0.00134380
357.88975132,0.00161118
358.10438433,0.00015728
358.31903271,0.00359753
358.53369645,-0.00116669
358.74837556,-0.00046230
358.96307002,0.00167240
359.17777983,-0.00161829
359.39250499,0.00136240
359.60724551,0.00022964
359.82200137,-0.00212977
360.03677257,0.00245612
360.25155911,-0.00120157
360.46636100,-0.00118717
360.68117821,0.00137813
360.89601076,0.00110006
361.11085864,0.00008463
361.32572184,-0.00150920
361.54060037,-0.00190484
361.75549422,-0.00267884
361.97040338,-0.00040269
362.18532786,-0.00031537
362.40026766,-0.00155953
362.61522276,0.00029256
362.83019318,-0.00285255
363.04517889,-0.00062064
363.26017991,-0.00033008
363.47519623,-0.00105969
363.69022784,0.00008317
363.90527474,0.00157300
364.12033694,-0.00076219
364.33541442,-0.00097320
364.55050719,-0.00047449
364.76561524,0.00103859
364.98073857,-0.00223355
365.19587718,0.00117915
365.41103106,-0.00139694
365.62620021,-0.00093113
365.84138463,-0.00083184
366.05658432,-0.00016231
366.27179927,0.00095897
366.48702948,-0.00063904
366.70227494,0.00224844
366.91753566,-0.00246330
367.13281163,-0.00090972
367.34810285,0.00150016
367.56340932,-0.00062061
367.77873103,0.00104820
367.99406798,0.00177944
368.20942017,0.00047495
368.42478759,-0.00148124
368.64017025,0.00063634
368.85556813,-0.00022985
369.07098125,-0.00093620
369.28640958,0.00008807
369.50185314,-0.00212533
369.71731191,-0.00135845
369.93278590,-0.00058763
370.14827511,0.00004583
370.36377952,0.00118676
370.57929914,0.00187121
370.79483397,-0.00090542
371.01038400,-0.00213064
371.22594922,0.00155544
371.44152965,-0.00024578
371.65712526,0.00078627
371.87273607,0.00057845
372.08836206,-0.00127602
372.30400324,-0.00098854
372.51965960,-0.00095070
372.73533114,0.00016595
372.95101786,-0.00151671
373.16671976,-0.00048422
373.38243682,0.00184084
373.59816905,0.00010344
373.81391645,-0.00047005
374.02967901,0.00077488
374.24545673,-0.00034754
374.46124961,-0.00002927
374.67705764,0.00004844
374.89288082,0.00071883
375.10871916,-0.00061807
375.32457264,0.00326826
375.54044126,0.00090781
375.75632503,-0.00245144
375.97222393,-0.00058191
376.18813797,0.00166602
376.40406713,-0.00024373
376.62001143,0.00063391
376.83597086,-0.00021440
377.05194541,0.00088421
377.26793508,-0.00355251
377.48393987,-0.00131781
377.69995978,0.00047949
377.91599480,0.00071949
378.13204493,-0.00003312
378.34811016,0.00056386
378.56419050,0.00043458
378.78028595,-0.00025220
378.99639649,0.00122087
379.21252213,0.00076371
379.42866286,-0.00030950
379.64481868,0.00333824
379.86098960,-0.00189020
380.07717559,0.00171888
380.29337667,-0.00026420
380.50959283,0.00070159
380.72582407,-0.00106566
380.94207038,0.00159181
381.15833176,0.00109520
381.37460821,0.00046860
381.59089972,-0.00022457
381.80720630,-0.00008352
382.02352794,-0.00024310
382.23986464,0.00050403
382.45621639,-0.00035028
382.67258319,0.00117512
382.88896505,-0.00101915
383.10536195,-0.00045923
383.32177389,-0.00112435
383.53820087,-0.00051736
383.75464289,-0.00059864
383.97109995,-0.00129160
384.18757204,0.00139180
384.40405916,0.00128494
384.62056131,0.00110433
384.83707848,0.00343493
385.05361067,0.00156887
385.27015788,0.00144844
385.48672011,0.00001567
385.70329735,0.00219155
385.91988960,-0.00052177
386.13649686,0.00011438
386.35311912,-0.00133839
386.56975639,0.00023342
386.78640865,0.00410366
387.00307592,-0.00070234
387.21975817,0.00072390
387.43645542,0.00136362
387.65316765,0.00203565
387.86989487,-0.00060444
388.08663707,-0.00041546
388.30339426,0.00038686
388.52016641,0.00184646
388.73695355,0.00223285
388.95375565,0.00206987
389.17057273,0.00015530
389.38740477,-0.00011074
389.60425177,0.00006398
389.82111374,0.00147642
390.03799066,0.00018080
390.25488253,0.00147173
390.47178936,0.00218430
390.68871114,0.00159431
390.90564787,0.00063519
391.12259954,-0.00197786
391.33956614,0.00165658
391.55654769,0.00076114
391.77354418,0.00249107
391.99055559,0.00069954
392.20758194,-0.00083052
392.42462321,-0.00112747
392.64167941,0.00069072
392.85875053,-0.00111106
393.07583657,0.00034674
393.29293752,-0.00192417
393.51005339,0.00187696
393.72718417,0.00190324
393.94432986,-0.00267807
394.16149045,0.00218062
394.37866594,0.00082157
394.59585634,0.00407915
394.81306163,0.00211676
395.03028181,0.00173338
395.24751689,-0.00084868
395.46476685,0.00169923
395.68203170,0.00109016
395.89931143,-0.00074241
396.11660604,0.00338783
396.33391553,-0.00022978
396.55123990,-0.00183164
396.76857913,0.00200816
396.98593324,0.00184139
397.20330221,0.00394783
397.42068604,0.00157346
397.63808474,0.00348696
397.85549829,-0.00263643
398.07292670,-0.00098490
398.29036996,0.00075201
398.50782807,0.00158615
398.72530103,0.00185461
398.94278883,0.00119484
399.16029147,0.00124936
399.37780895,0.00113542
399.59534127,-0.00046773
399.81288841,0.00131329
400.03045039,0.00103987
400.24802720,0.00197310
400.46561883,0.00165741
400.68322529,0.00222400
400.90084656,0.00159609
401.11848265,-0.00238796
401.33613355,0.00188790
401.55379926,0.00372476
401.77147978,0.00104167
401.98917511,0.00218509
402.20688524,0.00197106
402.42461017,0.00255379
402.64234989,0.00041591
402.86010441,0.00408968
403.07787372,0.00307015
403.29565782,0.00152580
403.51345670,0.00343263
403.73127037,0.00409192
403.94909882,0.00023210
404.16694205,0.00306876
404.38480005,0.00360138
404.60267282,0.00318090
404.82056036,0.00293643
405.03846267,0.00057399
405.25637974,0.00176527
405.47431157,0.00400842
405.69225816,0.00393519
405.91021951,0.00261133
406.12819561,0.00105324
406.34618645,0.00178104
406.56419205,0.00177631
406.78221239,0.00113063
407.00024747,0.00093311
407.21829729,0.00132756
407.43636184,0.00241412
407.65444113,-0.00084212
407.87253515,0.00375363
408.09064390,0.00171110
408.30876737,0.00313485
408.52690556,0.00446613
408.74505847,0.00305527
408.96322610,0.00265228
409.18140844,0.00374114
409.39960550,0.00100759
409.61781726,0.00108127
409.83604372,0.00307661
410.05428489,0.00557693
410.27254076,0.00344180
410.49081133,0.00383908
410.70909659,0.00361640
410.92739654,0.00148946
411.14571118,0.00273561
411.36404051,0.00347498
411.58238452,0.00060148
411.80074321,0.00349587
412.01911658,0.00240322
412.23750462,0.00217069
412.45590734,0.00510644
412.67432472,0.00313839
412.89275677,0.00437312
413.11120349,0.00479658
413.32966486,0.00093152
413.54814090,0.00531614
413.76663159,0.00339078
413.98513693,0.00477447
414.20365692,0.00306673
414.42219156,0.00317837
414.64074084,0.00285515
414.85930477,0.00391166
415.07788333,0.00312823
415.29647653,0.00242561
415.51508437,0.00279226
415.73370683,0.00441665
415.95234392,0.00311847
416.17099564,0.00143993
416.38966198,0.00394685
416.60834294,0.00361706
416.82703851,0.00185451
417.04574870,0.00360878
417.26447350,0.00190265
417.48321291,0.00359548
417.70196692,0.00268474
417.92073554,0.00530788
418.13951875,0.00059898
418.35831657,0.00341650
418.57712898,0.00366833
418.79595598,0.00216204
419.01479757,0.00080393
419.23365374,0.00457911
419.45252450,0.00573485
419.67140984,0.00258363
419.89030975,0.00325274
420.10922425,0.00073670
420.32815331,0.00380820
420.54709694,0.00342274
420.76605514,0.00788185
420.98502791,0.00246657
421.20401523,0.00383718
421.42301712,0.00029395
421.64203356,0.00409095
421.86106455,0.00512671
422.08011009,0.00429108
422.29917018,0.00220831
422.51824482,0.00144455
422.73733399,0.00201257
422.95643771,0.00336152
423.17555596,0.00384964
423.39468875,0.00496186
423.61383606,0.00282530
423.83299790,0.00203457
424.05217427,0.00267540
424.27136516,0.00171429
424.49057057,0.00046346
424.70979050,0.00146621
424.92902494,0.00119362
425.14827390,0.00320260
425.36753736,0.00192385
425.58681532,0.00126497
425.80610779,0.00240024
426.02541476,0.00189497
426.24473623,0.00168077
426.46407219,0.00263062
426.68342265,0.00525586
426.90278759,0.00219266
427.12216702,0.00081341
427.34156093,0.00215514
427.56096933,0.00396281
427.78039220,0.00299681
427.99982955,0.00649944
428.21928137,0.00495724
428.43874766,0.00463128
428.65822841,0.00311378
428.87772363,0.00346456
429.09723331,0.00081663
429.31675745,0.00454822
429.53629605,0.00531903
429.75584910,0.00451559
429.97541660,0.00244067
430.19499854,0.00632160
430.41459494,0.00085005
430.63420577,0.00195922
430.85383104,0.00399141
431.07347075,0.00501450
431.29312489,0.00368751
431.51279347,0.00445579
431.73247647,0.00414440
431.95217390,0.00634132
432.17188574,0.00323674
432.39161201,0.00318653
432.61135270,0.00544366
432.83110780,0.00346643
433.05087731,0.00373197
433.27066123,0.00464998
433.49045956,0.00309379
433.71027229,0.00700439
433.93009942,0.00235939
434.14994095,0.00252977
434.36979687,0.00531774
434.58966718,0.00591983
434.80955189,0.00453909
435.02945098,0.00330390
435.24936445,0.00301527
435.46929230,0.00543789
435.68923454,0.00618964
435.90919115,0.00446894
436.12916213,0.00401640
436.34914748,0.00499566
436.56914720,0.00493763
436.78916128,0.00407967
437.00918972,0.00631851
437.22923252,0.00448131
437.44928968,0.00497744
437.66936119,0.00587767
437.88944706,0.00534942
438.10954727,0.00574970
438.32966182,0.00664757
438.54979072,0.00483400
438.76993395,0.00280679
438.99009153,0.00467517
439.21026343,0.01078456
439.43044967,0.00590685
439.65065024,0.00426770
439.87086513,0.00608056
440.09109434,0.00656573
440.31133788,0.00756949
440.53159573,0.00751280
440.75186789,0.00847069
440.97215437,0.01001410
441.19245516,0.00846107
441.41277025,0.00830045
441.63309964,0.00956982
441.85344334,0.01105027
442.07380133,0.00932291
442.29417362,0.00683054
442.51456020,0.01087129
442.73496107,0.01203727
442.95537623,0.01124130
443.17580567,0.01165921
443.39624939,0.00893457
443.61670739,0.00988693
443.83717967,0.01100789
444.05766622,0.01236931
444.27816704,0.01258945
444.49868212,0.01365586
444.71921147,0.01417727
444.93975509,0.01182663
445.16031296,0.01157216
445.38088508,0.01293329
445.60147147,0.01123797
445.82207210,0.01304617
446.04268698,0.01341162
446.26331610,0.01078628
446.48395947,0.01351135
446.70461707,0.01358308
446.92528892,0.01473952
447.14597499,0.01282511
447.36667530,0.01108440
447.58738984,0.01106512
447.80811860,0.01247624
448.02886158,0.01342583
448.24961879,0.01224481
448.47039021,0.01115262
448.69117585,0.01126524
448.91197570,0.01257251
449.13278975,0.01349208
449.35361802,0.01302201
449.57446049,0.01008917
449.79531715,0.01489351
450.01618802,0.01195838
450.23707308,0.01179526
450.45797234,0.01411367
450.67888578,0.01247673
450.89981341,0.01162350
451.12075522,0.01111042
451.34171122,0.01213285
451.56268139,0.01319699
451.78366574,0.01279738
452.00466426,0.01280116
452.22567696,0.01559962
452.44670382,0.01279030
452.66774484,0.01595843
452.88880003,0.01770861
453.10986938,0.01531610
453.33095288,0.01514898
453.55205053,0.01528028
453.77316234,0.01587284
453.99428830,0.01529989
454.21542840,0.01679073
454.43658264,0.01918658
454.65775102,0.01860757
454.87893354,0.01682599
455.10013019,0.01847356
455.32134098,0.01731195
455.54256589,0.01892436
455.76380493,0.01793817
455.98505809,0.01916454
456.20632537,0.01658640
456.42760677,0.01878759
456.64890229,0.02036426
456.87021191,0.01842521
457.09153565,0.02092168
457.31287349,0.01838783
457.53422544,0.01849979
457.75559149,0.01601804
457.97697163,0.01962913
458.19836587,0.02150114
458.41977420,0.01932710
458.64119663,0.02065797
458.86263313,0.02244736
459.08408373,0.02126558
459.30554840,0.01855387
459.52702716,0.02129911
459.74851999,0.02011034
459.97002689,0.02217611
460.19154786,0.02169009
460.41308290,0.01936066
460.63463201,0.02294880
460.85619518,0.02247225
461.07777241,0.02532761
461.29936369,0.02355413
461.52096903,0.02119947
461.74258841,0.02404706
461.96422185,0.02097887
462.18586933,0.02229569
462.40753086,0.02318380
462.62920642,0.02059532
462.85089602,0.02605667
463.07259966,0.02566201
463.29431733,0.02541456
463.51604902,0.02452588
463.73779475,0.02438546
463.95955449,0.02460296
464.18132826,0.02673171
464.40311604,0.02417632
464.62491784,0.02848306
464.84673365,0.02525778
465.06856347,0.02517049
465.29040730,0.02632856
465.51226513,0.02852700
465.73413696,0.02834469
465.95602279,0.02952381
466.17792261,0.03197009
466.39983643,0.03143529
466.62176424,0.03236419
466.84370603,0.03051639
467.06566181,0.03234618
467.28763157,0.03672879
467.50961531,0.03412206
467.73161303,0.03107132
467.95362472,0.03247689
468.17565038,0.02751015
468.39769001,0.03076633
468.61974360,0.03082866
468.84181116,0.03385482
469.06389267,0.02654328
469.28598814,0.02864611
469.50809757,0.02796901
469.73022094,0.03170694
469.95235827,0.03041949
470.17450954,0.03188968
470.39667475,0.03051331
470.61885390,0.03192900
470.84104699,0.03157051
471.06325402,0.03158179
471.28547498,0.02877630
471.50770986,0.02978682
471.72995867,0.03153751
471.95222141,0.03064565
472.17449806,0.02932543
472.39678864,0.03158600
472.61909313,0.02946735
472.84141153,0.02911598
473.06374384,0.02512092
473.28609005,0.02444092
473.50845017,0.02790078
473.73082420,0.02553061
473.95321212,0.02622624
474.17561393,0.02521311
474.39802964,0.02605837
474.62045924,0.02499061
474.84290273,0.02692372
475.06536010,0.02742793
475.28783136,0.02379152
475.51031649,0.02736633
475.73281550,0.02844836
475.95532838,0.02788548
476.17785513,0.02528666
476.40039575,0.02500803
476.62295024,0.02748180
476.84551859,0.02559406
477.06810080,0.02465364
477.29069686,0.02570061
477.51330678,0.02618772
477.73593055,0.02680217
477.95856817,0.02453421
478.18121963,0.02262547
478.40388494,0.02548952
478.62656409,0.02541621
478.84925707,0.02478379
479.07196389,0.02496989
479.29468455,0.02193807
479.51741903,0.01935733
479.74016733,0.02454092
479.96292946,0.02252982
480.18570542,0.02154137
480.40849519,0.02265876
480.63129877,0.02344435
480.85411617,0.02100272
481.07694738,0.02510268
481.29979239,0.02066033
481.52265121,0.02073374
481.74552383,0.02026891
481.96841025,0.02209193
482.19131046,0.02195250
482.41422447,0.02368206
482.63715227,0.02242067
482.86009385,0.02184141
483.08304922,0.02134024
483.30601837,0.02497687
483.52900130,0.02500737
483.75199801,0.02263842
483.97500849,0.02101247
484.19803274,0.02395957
484.42107076,0.02509924
484.64412255,0.02288563
484.86718810,0.02843360
485.09026741,0.02759669
485.31336047,0.02668545
485.53646729,0.02281594
485.75958786,0.02968024
485.98272218,0.02940543
486.20587024,0.02416414
486.42903205,0.02288022
486.65220760,0.02461748
486.87539689,0.02606839
487.09859991,0.02609908
487.32181666,0.02797870
487.54504715,0.02701127
487.76829136,0.02344494
487.99154929,0.02582253
488.21482094,0.02727030
488.43810631,0.02689119
488.66140540,0.02728147
488.88471820,0.03050644
489.10804471,0.02887493
489.33138493,0.02833042
489.55473885,0.03312066
489.77810647,0.02925397
490.00148780,0.03299197
490.22488281,0.03318143
490.44829153,0.03244697
490.67171393,0.03354062
490.89515002,0.03675385
491.11859979,0.03631376
491.34206325,0.03627215
491.56554038,0.03810066
491.78903120,0.03903083
492.01253568,0.04257514
492.23605384,0.03781820
492.45958567,0.03829219
492.68313116,0.03804331
492.90669031,0.03934548
493.13026312,0.04016488
493.35384960,0.03840916
493.57744972,0.03655002
493.80106350,0.03690302
494.02469092,0.03840263
494.24833200,0.03580805
494.47198671,0.03398840
494.69565507,0.03479381
494.91933706,0.03303670
495.14303269,0.03240334
495.36674195,0.03515071
495.59046484,0.03225184
495.81420136,0.03114802
496.03795150,0.03205374
496.26171526,0.03064169
496.48549264,0.03145126
496.70928364,0.03450648
496.93308825,0.02946200
497.15690647,0.03161091
497.38073830,0.03191214
497.60458373,0.03192209
497.82844276,0.02820480
498.05231539,0.02904066
498.27620162,0.02722139
498.50010144,0.02674129
498.72401485,0.03006639
498.94794185,0.02618455
499.17188244,0.02615742
499.39583661,0.02799574
499.61980435,0.02917883
499.84378568,0.02853206
500.06778058,0.02755819
500.29178904,0.03056839
500.51581108,0.02775870
500.73984668,0.02954564
500.96389585,0.02583159
501.18795858,0.02754855
501.41203486,0.02537984
501.63612470,0.02848997
501.86022809,0.02400448
502.08434503,0.02506199
502.30847551,0.03004646
502.53261954,0.02800074
502.75677711,0.02624860
502.98094822,0.02929298
503.20513286,0.02886670
503.42933104,0.03152814
503.65354274,0.03297101
503.87776797,0.03218282
504.10200673,0.03371002
504.32625901,0.03630904
504.55052480,0.03276169
504.77480411,0.03412505
504.99909694,0.03617598
505.22340327,0.03486374
505.44772312,0.03746086
505.67205646,0.04185472
505.89640331,0.04109436
506.12076366,0.04398628
506.34513750,0.04379713
506.56952484,0.04229290
506.79392567,0.04444472
507.01833999,0.04450292
507.24276779,0.04401355
507.46720907,0.04696638
507.69166384,0.04845316
507.91613208,0.04559297
508.14061380,0.04435316
508.36510898,0.04588568
508.58961764,0.04389166
508.81413976,0.04508569
509.03867534,0.04543636
509.26322439,0.04396400
509.48778689,0.04327468
509.71236285,0.04165331
509.93695226,0.04285428
510.16155512,0.04091271
510.38617142,0.03926080
510.61080117,0.04164325
510.83544436,0.03880013
511.06010099,0.03888482
511.28477105,0.03884587
511.50945454,0.04054102
511.73415147,0.04002702
511.95886182,0.04050934
512.18358560,0.04329214
512.40832280,0.04242902
512.63307341,0.04326618
512.85783745,0.04331064
513.08261489,0.04159973
513.30740575,0.04427316
513.53221001,0.04447842
513.75702768,0.04109165
513.98185875,0.03973996
514.20670322,0.03785871
514.43156109,0.03438868
514.65643235,0.03136731
514.88131700,0.03055440
515.10621504,0.03099416
515.33112647,0.03050512
515.55605128,0.02970800
515.78098946,0.03191886
516.00594103,0.03109114
516.23090597,0.02745344
516.45588428,0.03513025
516.68087596,0.03492383
516.90588100,0.03564257
517.13089941,0.03606641
517.35593118,0.03412352
517.58097631,0.03433113
517.80603479,0.03679373
518.03110663,0.04000186
518.25619181,0.03917819
518.48129034,0.04175619
518.70640222,0.03988764
518.93152743,0.04396244
519.15666598,0.04579843
519.38181787,0.04712424
519.60698310,0.04698530
519.83216165,0.04950461
520.05735353,0.05435920
520.28255873,0.05404236
520.50777726,0.05335041
520.73300910,0.05620633
520.95825426,0.05831481
521.18351273,0.06044387
521.40878452,0.05797676
521.63406961,0.06281411
521.85936801,0.06423963
522.08467971,0.06190174
522.31000471,0.05805451
522.53534300,0.05993170
522.76069459,0.05668216
522.98605947,0.05534428
523.21143764,0.06073471
523.43682910,0.05993635
523.66223383,0.05967122
523.88765185,0.06128010
524.11308315,0.06200807
524.33852772,0.05928833
524.56398556,0.06572175
524.78945667,0.06629684
525.01494104,0.06686346
525.24043868,0.06774145
525.46594959,0.06881996
525.69147374,0.06972243
525.91701116,0.07276932
526.14256182,0.07001745
526.36812574,0.07148118
526.59370290,0.07584314
526.81929331,0.07419873
527.04489696,0.08008460
527.27051384,0.08062547
527.49614396,0.07935406
527.72178732,0.08370127
527.94744390,0.08250856
528.17311372,0.08917659
528.39879675,0.09198989
528.62449301,0.09820215
528.85020249,0.09683230
529.07592518,0.09895116
529.30166109,0.09998522
529.52741021,0.10064184
529.75317254,0.10421387
529.97894807,0.10843525
530.20473680,0.10796038
530.43053874,0.10714949
530.65635387,0.10547327
530.88218219,0.10397686
531.10802371,0.10525928
531.33387841,0.10643077
531.55974630,0.11107501
531.78562738,0.10691139
532.01152163,0.11106820
532.23742906,0.10660487
532.46334967,0.10763400
532.68928344,0.10524939
532.91523039,0.10591812
533.14119051,0.10312588
533.36716378,0.10240818
533.59315022,0.09983741
533.81914982,0.10132425
534.04516257,0.10240744
534.27118847,0.10128139
534.49722752,0.09912685
534.72327973,0.09741171
534.94934507,0.09408925
535.17542356,0.09481222
535.40151518,0.09296741
535.62761994,0.09530618
535.85373784,0.09424061
536.07986886,0.09254155
536.30601301,0.09125619
536.53217029,0.09405940
536.75834069,0.08940927
536.98452420,0.09015845
537.21072084,0.08879294
537.43693059,0.09017052
537.66315345,0.08438989
537.88938941,0.08652103
538.11563848,0.08897987
538.34190066,0.08803956
538.56817593,0.08282058
538.79446431,0.08240948
539.02076577,0.08284939
539.24708033,0.08664254
539.47340798,0.08681062
539.69974871,0.08587607
539.92610252,0.08838712
540.15246942,0.08278987
540.37884939,0.08838819
540.60524244,0.08396219
540.83164856,0.08805338
541.05806775,0.09207583
541.28450001,0.09590379
541.51094533,0.09685226
541.73740371,0.09491096
541.96387515,0.10254621
542.19035965,0.09653720
542.41685719,0.10385111
542.64336779,0.10123959
542.86989144,0.10056419
543.09642813,0.10656909
543.32297786,0.10904702
543.54954063,0.11104215
543.77611643,0.11122691
544.00270527,0.11467016
544.22930714,0.12142175
544.45592204,0.12318938
544.68254996,0.12966218
544.90919091,0.13533360
545.13584487,0.13586218
545.36251185,0.13482399
545.58919184,0.13879411
545.81588485,0.13528726
546.04259086,0.14063448
546.26930988,0.14005457
546.49604191,0.13883215
546.72278693,0.13846520
546.94954495,0.13668789
547.17631596,0.13232246
547.40309997,0.13377945
547.62989696,0.13503897
547.85670694,0.13398217
548.08352991,0.13630093
548.31036585,0.14784814
548.53721477,0.14374439
548.76407667,0.15088110
548.99095154,0.15145540
549.21783938,0.15415952
549.44474018,0.15515303
549.67165395,0.15308374
549.89858069,0.15470889
550.12552038,0.15653593
550.35247302,0.15378406
550.57943862,0.15650098
550.80641717,0.15761216
551.03340866,0.16128557
551.26041310,0.15933883
551.48743048,0.15837481
551.71446081,0.15602022
551.94150406,0.15787180
552.16856025,0.16177979
552.39562937,0.16031228
552.62271142,0.15654513
552.84980640,0.15058912
553.07691429,0.15081877
553.30403511,0.15205271
553.53116884,0.15612018
553.75831549,0.16276526
553.98547505,0.16265409
554.21264752,0.17185733
554.43983289,0.16772631
554.66703116,0.17189943
554.89424234,0.17127106
555.12146641,0.18069217
555.34870338,0.18414384
555.57595324,0.18900235
555.80321599,0.19882214
556.03049162,0.19828572
556.25778014,0.20721525
556.48508154,0.21771210
556.71239582,0.22319693
556.93972297,0.22690179
557.16706300,0.23873938
557.39441589,0.24648661
557.62178165,0.25223087
557.84916028,0.25827272
558.07655177,0.26964356
558.30395611,0.27183961
558.53137331,0.28320764
558.75880337,0.28845077
558.98624627,0.29365243
559.21370202,0.28868748
559.44117062,0.29649300
559.66865206,0.30622130
559.89614634,0.31749735
560.12365345,0.32170474
560.35117340,0.33452876
560.57870618,0.34839954
560.80625179,0.35939975
561.03381022,0.36881892
561.26138148,0.36813751
561.48896555,0.38280517
561.71656244,0.38638289
561.94417215,0.39418122
562.17179467,0.39834248
562.39942999,0.40612015
562.62707812,0.39822010
562.85473906,0.40163074
563.08241279,0.39952900
563.31009933,0.39866223
563.53779866,0.40371624
563.76551078,0.38985779
563.99323568,0.38256128
564.22097338,0.37234229
564.44872386,0.38486492
564.67648712,0.38333768
564.90426316,0.38670019
565.13205197,0.38237894
565.35985356,0.36622812
565.58766792,0.37459397
565.81549504,0.36329386
566.04333493,0.36425807
566.27118758,0.36104878
566.49905298,0.35676334
566.72693115,0.36175725
566.95482207,0.36870918
567.18272573,0.35985698
567.41064215,0.35474923
567.63857131,0.35510914
567.86651321,0.36003377
568.09446785,0.35170846
568.32243523,0.34724845
568.55041534,0.34189099
568.77840819,0.33627742
569.00641376,0.33292999
569.23443206,0.32968638
569.46246308,0.32220299
569.69050682,0.31800526
569.91856327,0.30515236
570.14663244,0.30640552
570.37471433,0.30866991
570.60280892,0.29409405
570.83091622,0.29450342
571.05903622,0.29372657
571.28716892,0.27197861
571.51531432,0.25920429
571.74347241,0.26078213
571.97164320,0.25340439
572.19982667,0.24855122
572.42802284,0.25033071
572.65623168,0.24360150
572.88445321,0.24712059
573.11268742,0.25271400
573.34093430,0.25109104
573.56919385,0.24405813
573.79746608,0.24573562
574.02575097,0.26122818
574.25404853,0.27497947
574.48235874,0.27663159
574.71068162,0.27955363
574.93901715,0.28228882
575.16736534,0.27972147
575.39572618,0.27034190
575.62409966,0.27213239
575.85248579,0.27634075
576.08088456,0.27114200
576.30929597,0.27180212
576.53772002,0.26487970
576.76615671,0.25026504
576.99460602,0.24153210
577.22306796,0.24293530
577.45154253,0.23924914
577.68002972,0.23419839
577.90852953,0.23611037
578.13704196,0.22643040
578.36556700,0.22218266
578.59410465,0.22490340
578.82265492,0.22433737
579.05121779,0.21848440
579.27979326,0.21332845
579.50838133,0.21602701
579.73698201,0.21601951
579.96559527,0.22218825
580.19422113,0.22151650
580.42285958,0.22609677
580.65151062,0.22500957
580.88017424,0.23566796
581.10885044,0.23465850
581.33753922,0.22918820
581.56624057,0.23120950
581.79495450,0.23657925
582.02368100,0.23901443
582.25242007,0.23553992
582.48117170,0.23005946
582.70993589,0.22758853
582.93871264,0.21987569
583.16750195,0.22239420
583.39630381,0.21004965
583.62511822,0.20904374
583.85394518,0.21098889
584.08278469,0.20805615
584.31163674,0.20791608
584.54050133,0.18984854
584.76937845,0.18994034
584.99826811,0.18879696
585.22717030,0.18603245
585.45608502,0.18071949
585.68501226,0.18193860
585.91395203,0.18158722
586.14290432,0.17855207
586.37186912,0.17231466
586.60084644,0.16106466
586.82983628,0.15887358
587.05883862,0.16033672
587.28785347,0.16138629
587.51688082,0.15600408
587.74592067,0.15544888
587.97497302,0.15118802
588.20403787,0.16177435
588.43311520,0.16046683
588.66220503,0.16992373
588.89130735,0.17705534
589.12042215,0.17997703
589.34954943,0.18094927
589.57868919,0.19189024
589.80784142,0.19235986
590.03700613,0.20221218
590.26618331,0.20682236
590.49537296,0.21325622
590.72457507,0.21613145
590.95378964,0.22123225
591.18301667,0.22885107
591.41225616,0.22605130
591.64150811,0.22860337
591.87077250,0.22443517
592.10004934,0.21383644
592.32933863,0.21680777
592.55864036,0.22431585
592.78795453,0.23305762
593.01728114,0.22816789
593.24662018,0.23306490
593.47597165,0.23334436
593.70533555,0.23963266
593.93471188,0.24585369
594.16410063,0.25064033
594.39350180,0.24322309
594.62291539,0.23850923
594.85234140,0.23237579
595.08177981,0.23592058
595.31123064,0.24360615
595.54069387,0.24036390
595.77016951,0.25046759
595.99965755,0.24838129
596.22915798,0.24275495
596.45867081,0.23801639
596.68819604,0.23673619
596.91773365,0.24385791
597.14728365,0.23666626
597.37684603,0.24202088
597.60642080,0.23657134
597.83600795,0.22694642
598.06560747,0.22555738
598.29521936,0.22588870
598.52484363,0.22006685
598.75448026,0.21563485
598.98412926,0.22009966
599.21379062,0.20812766
599.44346434,0.21338977
599.67315042,0.20741679
599.90284885,0.20491672
600.13255963,0.20235308
600.36228276,0.19807348
600.59201824,0.20260634
600.82176606,0.21056258
601.05152622,0.20972726
601.28129871,0.21021625
601.51108354,0.20297808
601.74088070,0.19580317
601.97069019,0.19038198
602.20051201,0.18905376
602.43034615,0.19174656
602.66019261,0.19115473
602.89005139,0.19384722
603.11992249,0.18775377
603.34980589,0.19086090
603.57970161,0.18603908
603.80960963,0.18652661
604.03952996,0.19084650
604.26946259,0.18811638
604.49940751,0.18962148
604.72936474,0.18735197
604.95933425,0.18948703
605.18931606,0.18574525
605.41931015,0.18616163
605.64931653,0.18359196
605.87933519,0.19059773
606.10936612,0.19395166
606.33940934,0.19357845
606.56946483,0.19566613
606.79953259,0.19915971
607.02961261,0.20312733
607.25970490,0.19829540
607.48980946,0.20250114
607.71992627,0.20530946
607.95005534,0.19974222
608.18019667,0.20759861
608.41035024,0.21058785
608.64051607,0.20918514
608.87069414,0.21446006
609.10088445,0.21755589
609.33108700,0.21070845
609.56130179,0.20501382
609.79152882,0.20550468
610.02176808,0.18849670
610.25201956,0.19082249
610.48228328,0.17821142
610.71255921,0.17314231
610.94284737,0.16901756
611.17314775,0.15798171
611.40346034,0.15840374
611.63378514,0.15786017
611.86412215,0.16488377
612.09447137,0.15859543
612.32483280,0.15929095
612.55520642,0.16456248
612.78559225,0.16371699
613.01599027,0.16994775
613.24640048,0.16036906
613.47682288,0.16833016
613.70725747,0.16855245
613.93770425,0.17145497
614.16816321,0.17253542
614.39863434,0.17283175
614.62911766,0.17274339
614.85961314,0.16986772
615.09012080,0.18007709
615.32064063,0.17719885
615.55117262,0.18229135
615.78171677,0.19261891
616.01227308,0.19338475
616.24284156,0.19606402
616.47342218,0.20400812
616.70401496,0.21233364
616.93461988,0.22185270
617.16523695,0.22465774
617.39586617,0.23512410
617.62650752,0.24137792
617.85716101,0.24162546
618.08782664,0.24283021
618.31850440,0.24860273
618.54919429,0.24752601
618.77989630,0.25291696
619.01061044,0.25768441
619.24133670,0.26251168
619.47207508,0.27075536
619.70282557,0.27930589
619.93358818,0.27890675
620.16436289,0.28012428
620.39514972,0.27983854
620.62594864,0.28417496
620.85675967,0.28529272
621.08758280,0.28592252
621.31841802,0.30887322
621.54926534,0.31997130
621.78012475,0.32935698
622.01099624,0.33564855
622.24187982,0.34303694
622.47277549,0.34616087
622.70368323,0.34979413
622.93460305,0.35367051
623.16553494,0.34950547
623.39647890,0.35232905
623.62743493,0.34731043
623.85840303,0.32781811
624.08938319,0.32034148
624.32037541,0.31296227
624.55137968,0.30411652
624.78239602,0.29884275
625.01342440,0.28046032
625.24446483,0.27757489
625.47551731,0.26503505
625.70658183,0.25697066
625.93765839,0.24485171
626.16874699,0.23761334
626.39984763,0.24822796
626.63096029,0.23756239
626.86208499,0.22977372
627.09322171,0.21727879
627.32437046,0.20427533
627.55553123,0.19811149
627.78670401,0.19949237
628.01788882,0.19054406
628.24908563,0.18349214
628.48029446,0.17877083
628.71151529,0.18620706
628.94274813,0.17880776
629.17399296,0.17959421
629.40524980,0.17548429
629.63651863,0.17588231
629.86779946,0.17379306
630.09909228,0.17176719
630.33039709,0.16767348
630.56171388,0.16886898
630.79304265,0.17058226
631.02438340,0.17798250
631.25573613,0.17896071
631.48710084,0.17831534
631.71847751,0.17749692
631.94986615,0.18032184
632.18126676,0.17963635
632.41267933,0.17201017
632.64410387,0.17551568
632.87554035,0.17490198
633.10698880,0.17745360
633.33844919,0.17702762
633.56992154,0.17973617
633.80140583,0.17194749
634.03290207,0.17259908
634.26441024,0.16853136
634.49593035,0.16156756
634.72746240,0.16049023
634.95900638,0.15884450
635.19056229,0.16424638
635.42213013,0.16116454
635.65370989,0.15963078
635.88530158,0.15865243
636.11690518,0.16667239
636.34852069,0.16851321
636.58014812,0.17765938
636.81178746,0.17965519
637.04343871,0.17931891
637.27510187,0.19549269
637.50677692,0.19691753
637.73846387,0.19282622
637.97016272,0.20152575
638.20187347,0.20017880
638.43359610,0.19710059
638.66533062,0.20062187
638.89707703,0.20437632
639.12883532,0.20869713
639.36060549,0.21137844
639.59238754,0.21385493
639.82418146,0.22359685
640.05598725,0.23173723
640.28780491,0.23625756
640.51963444,0.23766749
640.75147583,0.23684388
640.98332908,0.24363859
641.21519419,0.25806902
641.44707115,0.26306314
641.67895997,0.27641630
641.91086063,0.27214836
642.14277314,0.29301634
642.37469750,0.30605472
642.60663369,0.31884207
642.83858172,0.33099417
643.07054159,0.34145493
643.30251329,0.33884334
643.53449683,0.35271740
643.76649218,0.34858980
643.99849937,0.35346473
644.23051837,0.35496352
644.46254919,0.36423858
644.69459183,0.37034177
644.92664628,0.36316085
645.15871254,0.35756342
645.39079061,0.36012319
645.62288049,0.36066619
645.85498217,0.35377530
646.08709564,0.35725817
646.31922091,0.35218837
646.55135798,0.33791554
646.78350684,0.33824456
647.01566748,0.33599035
647.24783991,0.32832001
647.48002413,0.31830413
647.71222012,0.31449202
647.94442789,0.32314150
648.17664744,0.34359253
648.40887875,0.34466154
648.64112184,0.33975165
648.87337669,0.35036120
649.10564331,0.35378789
649.33792168,0.35205242
649.57021181,0.34122428
649.80251370,0.33088182
650.03482734,0.34262420
650.26715273,0.33605183
650.49948987,0.32166604
650.73183875,0.31773614
650.96419937,0.33009531
651.19657173,0.33061942
651.42895582,0.32069357
651.66135165,0.32981686
651.89375921,0.32784247
652.12617849,0.32674152
652.35860950,0.32033074
652.59105224,0.31336004
652.82350669,0.31038059
653.05597285,0.30566647
653.28845073,0.30083699
653.52094032,0.30873877
653.75344162,0.30545641
653.98595462,0.30134924
654.21847933,0.30752031
654.45101573,0.32258762
654.68356383,0.33534009
654.91612363,0.34471294
655.14869511,0.35897039
655.38127829,0.38112824
655.61387315,0.39444835
655.84647969,0.42206970
656.07909792,0.43310695
656.31172782,0.43337130
656.54436939,0.43289146
656.77702264,0.42747574
657.00968756,0.42963466
657.24236414,0.42638178
657.47505238,0.42748190
657.70775229,0.45318750
657.94046385,0.44452285
658.17318707,0.45028415
658.40592195,0.44770981
658.63866847,0.43038394
658.87142663,0.42693604
659.10419645,0.41094852
659.33697790,0.40063244
659.56977099,0.36822870
659.80257572,0.35260044
660.03539208,0.37535464
660.26822007,0.37535621
660.50105969,0.34320742
660.73391093,0.37537333
660.96677380,0.39328729
661.19964828,0.38301707
661.43253438,0.41107042
661.66543209,0.41906923
661.89834142,0.40972728
662.13126235,0.42292140
662.36419489,0.42506397
662.59713903,0.41659308
662.83009477,0.40828871
663.06306210,0.43508661
663.29604103,0.43963903
663.52903155,0.42978900
663.76203367,0.43946696
663.99504736,0.44835239
664.22807264,0.44747501
664.46110950,0.46434915
664.69415794,0.47429905
664.92721795,0.48664333
665.16028953,0.49864612
665.39337269,0.51667131
665.62646740,0.53016574
665.85957369,0.52784270
666.09269153,0.52263852
666.32582093,0.51374760
666.55896189,0.53070675
666.79211440,0.52367502
667.02527846,0.53060449
667.25845406,0.54066769
667.49164121,0.53219515
667.72483991,0.56191518
667.95805014,0.56818112
668.19127190,0.54983937
668.42450520,0.55447183
668.65775003,0.52903474
668.89100639,0.53254222
669.12427427,0.54149051
669.35755368,0.54532473
669.59084460,0.53115016
669.82414704,0.53568770
670.05746099,0.53182704
670.29078646,0.53345441
670.52412343,0.50764207
670.75747191,0.50183991
670.99083189,0.51110346
671.22420337,0.51888298
671.45758635,0.51088959
671.69098082,0.52912768
671.92438678,0.51276820
672.15780424,0.52303444
672.39123317,0.53362917
672.62467360,0.52551733
672.85812550,0.51969265
673.09158888,0.50459383
673.32506373,0.50533965
673.55855006,0.51982103
673.79204785,0.51914782
674.02555712,0.52852729
674.25907784,0.52108790
674.49261003,0.53803599
674.72615367,0.54152134
674.95970878,0.54837161
675.19327533,0.52400304
675.42685333,0.50414507
675.66044278,0.49042975
675.89404368,0.48644438
676.12765601,0.47234134
676.36127979,0.45972765
676.59491500,0.46452216
676.82856165,0.47281999
677.06221972,0.47621790
677.29588922,0.48300167
677.52957015,0.46977001
677.76326250,0.46958767
677.99696627,0.46368292
678.23068146,0.46567339
678.46440806,0.47226380
678.69814607,0.46954508
678.93189549,0.46992148
679.16565631,0.46298227
679.39942854,0.47671949
679.63321217,0.48142566
679.86700720,0.49848972
680.10081361,0.50017238
680.33463143,0.50983950
680.56846063,0.51306655
680.80230121,0.52558949
681.03615318,0.51301775
681.27001653,0.52523465
681.50389126,0.50342844
681.73777736,0.51550425
681.97167484,0.50527975
682.20558368,0.50078090
682.43950390,0.49348728
682.67343547,0.48564398
682.90737841,0.47999300
683.14133270,0.48256485
683.37529836,0.47826422
683.60927536,0.46411592
683.84326371,0.47037836
684.07726341,0.46180968
684.31127446,0.44094421
684.54529685,0.43003573
684.77933057,0.42813536
685.01337564,0.44540002
685.24743203,0.43835661
685.48149976,0.44318467
685.71557881,0.44387259
685.94966919,0.44049131
686.18377090,0.43593018
686.41788392,0.43612800
686.65200826,0.42706148
686.88614391,0.41177220
687.12029088,0.40708847
687.35444915,0.40787667
687.58861873,0.40939648
687.82279961,0.39570708
688.05699179,0.40177211
688.29119527,0.38370322
688.52541004,0.39069214
688.75963611,0.38413049
688.99387346,0.38648931
689.22812210,0.38286001
689.46238203,0.37204818
689.69665323,0.35674596
689.93093571,0.34279836
690.16522947,0.33118138
690.39953450,0.31917610
690.63385080,0.30459167
690.86817837,0.29368336
691.10251720,0.28305299
691.33686730,0.27899919
691.57122865,0.27079494
691.80560125,0.26755259
692.03998511,0.25960901
692.27438023,0.25900465
692.50878658,0.25034872
692.74320419,0.25332411
692.97763303,0.24613271
693.21207312,0.24362769
693.44652444,0.24310012
693.68098699,0.23747427
693.91546077,0.23755680
694.14994579,0.23551569
694.38444203,0.23575448
694.61894949,0.23756590
694.85346817,0.23670037
695.08799806,0.23404908
695.32253918,0.23521257
695.55709150,0.23436870
695.79165503,0.23276063
696.02622977,0.23591805
696.26081571,0.23413901
696.49541285,0.23794407
696.73002119,0.24905325
696.96464072,0.24988646
697.19927145,0.25640723
697.43391336,0.25957936
697.66856647,0.25660387
697.90323075,0.26914208
698.13790622,0.25964264
698.37259286,0.26165934
698.60729068,0.25987274
698.84199967,0.26251026
699.07671984,0.25972715
699.31145117,0.25246625
699.54619366,0.25571513
699.78094731,0.25752160
700.01571213,0.25736170
700.25048810,0.25851602
700.48527522,0.25757272
700.72007349,0.25914123
700.95488292,0.26426688
701.18970348,0.25722395
701.42453519,0.25734691
701.65937804,0.25365445
701.89423202,0.25809214
702.12909714,0.25605461
702.36397339,0.26110470
702.59886077,0.26757864
702.83375927,0.26008459
703.06866889,0.26075677
703.30358964,0.26019021
703.53852150,0.25984740
703.77346448,0.26110716
704.00841857,0.26426983
704.24338376,0.26848432
704.47836007,0.26995260
704.71334748,0.27618006
704.94834598,0.27701747
705.18335559,0.28603271
705.41837629,0.29799146
705.65340808,0.31322644
705.88845096,0.30791083
706.12350493,0.32619520
706.35856998,0.33231838
706.59364612,0.34466216
706.82873333,0.34727483
707.06383161,0.35382054
707.29894097,0.35306126
707.53406141,0.36034398
707.76919290,0.36450791
708.00433546,0.37588388
708.23948909,0.39451222
708.47465377,0.40844294
708.70982951,0.41445807
708.94501630,0.42654467
709.18021414,0.44722137
709.41542303,0.44941039
709.65064297,0.45994428
709.88587395,0.48376466
710.12111597,0.48511785
710.35636902,0.49567643
710.59163311,0.48565588
710.82690823,0.48721866
711.06219437,0.46885070
711.29749155,0.46856395
711.53279974,0.47646595
711.76811896,0.48003017
712.00344920,0.49090607
712.23879044,0.50536540
712.47414270,0.50340217
712.70950597,0.51683998
712.94488025,0.51643520
713.18026553,0.52698268
713.41566181,0.52430394
713.65106908,0.52167410
713.88648736,0.52450277
714.12191662,0.53794632
714.35735688,0.54803448
714.59280812,0.53525157
714.82827034,0.54369482
715.06374355,0.53020936
715.29922774,0.51143671
715.53472290,0.51866355
715.77022903,0.50381869
716.00574614,0.51283293
716.24127421,0.51113549
716.47681324,0.52491916
716.71236324,0.53820347
716.94792420,0.54614062
717.18349611,0.53944237
717.41907898,0.55725182
717.65467280,0.56091517
717.89027757,0.55886551
718.12589328,0.53555077
718.36151993,0.52499854
718.59715752,0.50781723
718.83280605,0.49346538
719.06846552,0.47556204
719.30413591,0.46076861
719.53981724,0.43785120
719.77550949,0.41192978
720.01121266,0.40235602
720.24692676,0.38110172
720.48265177,0.37802218
720.71838769,0.36814508
720.95413453,0.35765701
721.18989228,0.34649416
721.42566093,0.32629823
721.66144049,0.31133466
721.89723095,0.30010140
722.13303231,0.30771931
722.36884456,0.30517339
722.60466770,0.31592398
722.84050173,0.30920411
723.07634666,0.31184145
723.31220246,0.30519567
723.54806915,0.29813996
723.78394671,0.29594004
724.01983515,0.30077027
724.25573447,0.29171545
724.49164465,0.29497498
724.72756571,0.30101669
724.96349762,0.30790007
725.19944040,0.30798131
725.43539404,0.31093640
725.67135854,0.31256849
725.90733388,0.30755977
726.14332008,0.30012593
726.37931713,0.30373080
726.61532503,0.30546607
726.85134376,0.31018857
727.08737334,0.31408889
727.32341375,0.31181334
727.55946500,0.30532506
727.79552708,0.30993854
728.03159998,0.30771137
728.26768372,0.31352461
728.50377827,0.32108479
728.73988365,0.33615095
728.97599985,0.33092108
729.21212686,0.33294168
729.44826468,0.31668324
729.68441331,0.30598918
729.92057275,0.31084520
730.15674299,0.31635568
730.39292403,0.31487500
730.62911587,0.30494287
730.86531851,0.30308636
731.10153194,0.30304176
731.33775616,0.29779387
731.57399117,0.29625501
731.81023696,0.28876155
732.04649353,0.29231747
732.28276088,0.30388018
732.51903901,0.30541786
732.75532791,0.31515318
732.99162758,0.32372252
733.22793802,0.32202813
733.46425923,0.33521543
733.70059119,0.34154517
733.93693392,0.34831999
734.17328740,0.35022030
734.40965164,0.35032476
734.64602662,0.35041018
734.88241236,0.35682092
735.11880884,0.34690453
735.35521607,0.33956080
735.59163403,0.32667153
735.82806273,0.32714927
736.06450217,0.32221457
736.30095234,0.32036616
736.53741323,0.32546405
736.77388486,0.33307331
737.01036720,0.32011068
737.24686027,0.31704155
737.48336406,0.30128473
737.71987856,0.30224520
737.95640377,0.29589412
738.19293969,0.29646915
738.42948632,0.29113345
738.66604365,0.29058834
738.90261169,0.28606441
739.13919042,0.27556772
739.37577985,0.27636709
739.61237997,0.28478962
739.84899078,0.28215315
740.08561228,0.28538387
740.32224446,0.29274974
740.55888732,0.30755699
740.79554087,0.31586967
741.03220509,0.32128374
741.26887998,0.31751616
741.50556555,0.31842619
741.74226178,0.31773902
741.97896868,0.32560718
742.21568624,0.33383611
742.45241446,0.32968972
742.68915333,0.32659851
742.92590286,0.33911999
743.16266304,0.32223786
743.39943387,0.33357307
743.63621535,0.32769045
743.87300747,0.32934504
744.10981023,0.32348274
744.34662363,0.31435149
744.58344766,0.30863918
744.82028232,0.31058090
745.05712761,0.30789770
745.29398353,0.30458323
745.53085007,0.30634965
745.76772724,0.31739417
746.00461502,0.31312800
746.24151341,0.30879982
746.47842242,0.28626737
746.71534204,0.29494080
746.95227227,0.29090532
747.18921310,0.29446808
747.42616453,0.29140958
747.66312656,0.29321436
747.90009918,0.29446667
748.13708240,0.29434831
748.37407621,0.30156831
748.61108061,0.29382611
748.84809559,0.30617514
749.08512115,0.30147409
749.32215730,0.28404211
749.55920401,0.28301739
749.79626131,0.28321462
750.03332917,0.29503915
750.27040760,0.28808896
750.50749660,0.27436832
750.74459616,0.26482615
750.98170628,0.27292112
751.21882695,0.27418159
751.45595818,0.27883593
751.69309997,0.27221131
751.93025230,0.26749173
752.16741517,0.27330406
752.40458859,0.28086270
752.64177256,0.29556121
752.87896705,0.31149691
753.11617209,0.31516322
753.35338765,0.32393222
753.59061374,0.33516695
753.82785037,0.33313191
754.06509751,0.33060219
754.30235518,0.32820753
754.53962336,0.33302668
754.77690206,0.32875111
755.01419127,0.33544083
755.25149099,0.32312303
755.48880122,0.32130272
755.72612195,0.34328166
755.96345319,0.35152836
756.20079492,0.34836209
756.43814715,0.36278721
756.67550987,0.35966359
756.91288309,0.35716345
757.15026679,0.34717394
757.38766097,0.33145720
757.62506564,0.32299875
757.86248079,0.31112975
758.09990641,0.27440570
758.33734251,0.25603330
758.57478908,0.24331315
758.81224612,0.23003297
759.04971362,0.23586776
759.28719159,0.23177186
759.52468001,0.22746526
759.76217889,0.23174742
759.99968823,0.22784825
760.23720802,0.23880233
760.47473826,0.24143301
760.71227894,0.25617750
760.94983007,0.27054869
761.18739164,0.28739937
761.42496364,0.30160938
761.66254608,0.31421891
761.90013895,0.32364179
762.13774226,0.34318840
762.37535598,0.34023589
762.61298014,0.35839578
762.85061471,0.36810562
763.08825970,0.37882106
763.32591511,0.38510835
763.56358093,0.39590206
763.80125716,0.39916476
764.03894380,0.39493818
764.27664084,0.39078591
764.51434829,0.39053183
764.75206613,0.37106403
764.98979437,0.35899336
765.22753300,0.34098795
765.46528203,0.32638513
765.70304144,0.29670748
765.94081124,0.28173660
766.17859142,0.27327193
766.41638197,0.25668166
766.65418291,0.24035536
766.89199422,0.22173796
767.12981590,0.20495468
767.36764795,0.18370418
767.60549036,0.16757290
767.84334314,0.15276787
768.08120628,0.14157806
768.31907977,0.13295455
768.55696362,0.12684356
768.79485782,0.11326449
769.03276238,0.11268913
769.27067727,0.10515911
769.50860251,0.09629071
769.74653809,0.09048118
769.98448401,0.09120982
770.22244027,0.08359749
770.46040685,0.08509200
770.69838377,0.09056880
770.93637101,0.09311048
771.17436858,0.09547590
771.41237647,0.09408949
771.65039468,0.10409306
771.88842320,0.11818149
772.12646204,0.13299210
772.36451118,0.14734614
772.60257064,0.16664594
772.84064039,0.18861447
773.07872045,0.21063228
773.31681081,0.23267191
773.55491147,0.25892150
773.79302242,0.28316200
774.03114366,0.31250098
774.26927519,0.33453690
774.50741700,0.36048212
774.74556910,0.36741694
774.98373147,0.39395059
775.22190413,0.41287192
775.46008705,0.42011366
775.69828025,0.42471093
775.93648372,0.41210809
776.17469745,0.40634113
776.41292145,0.43040824
776.65115570,0.42933313
776.88940022,0.42891879
777.12765499,0.42258767
777.36592001,0.42538514
777.60419528,0.41413532
777.84248079,0.41696029
778.08077655,0.41095430
778.31908256,0.38934453
778.55739879,0.37535961
778.79572527,0.37523258
779.03406198,0.35784397
779.27240891,0.34207206
779.51076608,0.33157260
779.74913346,0.32197125
779.98751107,0.31448778
780.22589890,0.31093936
780.46429695,0.30979298
780.70270520,0.30535449
780.94112367,0.29682636
781.17955235,0.28936863
781.41799123,0.28700555
781.65644031,0.28018221
781.89489959,0.27333558
782.13336907,0.26984563
782.37184874,0.25929915
782.61033861,0.26121712
782.84883866,0.26685909
783.08734890,0.27636473
783.32586931,0.27183038
783.56439991,0.26706432
783.80294069,0.26141037
784.04149164,0.25636707
784.28005276,0.25438527
784.51862406,0.25693705
784.75720551,0.25164610
784.99579713,0.24684569
785.23439891,0.23844152
785.47301085,0.23182392
785.71163295,0.22729211
785.95026519,0.22554544
786.18890759,0.21629585
786.42756013,0.20610102
786.66622282,0.19419718
786.90489564,0.19326019
787.14357861,0.18168177
787.38227171,0.17751482
787.62097494,0.16830876
787.85968831,0.16539792
788.09841180,0.15990490
788.33714541,0.15622395
788.57588915,0.15033777
788.81464301,0.14674161
789.05340698,0.14353896
789.29218106,0.15240196
789.53096526,0.14622718
789.76975956,0.14467194
790.00856397,0.14597425
790.24737848,0.14309700
790.48620309,0.14225999
790.72503780,0.13870870
790.96388260,0.13902210
791.20273749,0.14983954
791.44160247,0.14556612
791.68047754,0.15010638
791.91936269,0.15142305
792.15825792,0.14471827
792.39716323,0.14075248
792.63607861,0.14342249
792.87500406,0.14534442
793.11393958,0.15090039
793.35288517,0.16010623
793.59184082,0.16901580
793.83080653,0.17745631
794.06978230,0.18459746
794.30876813,0.18524695
794.54776401,0.19492047
794.78676993,0.20248553
795.02578591,0.20629304
795.26481193,0.21087717
795.50384798,0.20704498
795.74289408,0.21386755
795.98195022,0.22532994
796.22101638,0.22194557
796.46009258,0.22133005
796.69917880,0.21241429
796.93827505,0.20756165
797.17738132,0.20500823
797.41649761,0.21472967
797.65562392,0.20752458
797.89476024,0.21255004
798.13390657,0.21213755
798.37306290,0.21062012
798.61222925,0.20909414
798.85140559,0.20365043
799.09059194,0.20046212
799.32978828,0.20595652
799.56899462,0.20655159
799.80821094,0.20119936
800.04743726,0.20454909
800.28667356,0.20591297
800.52591985,0.20368052
800.76517611,0.21052489
801.00444236,0.21668672
801.24371857,0.21700262
801.48300476,0.21743791
801.72230092,0.21704222
801.96160705,0.21033734
802.20092314,0.20960141
802.44024919,0.19856812
802.67958519,0.19474207
802.91893116,0.19598125
803.15828707,0.20001460
803.39765294,0.19505901
803.63702875,0.19245089
803.87641450,0.19027887
804.11581020,0.19205354
804.35521584,0.18959771
804.59463141,0.19375597
804.83405692,0.19214395
805.07349235,0.18127420
805.31293772,0.17983119
805.55239300,0.17570066
805.79185821,0.16567034
806.03133334,0.16855135
806.27081839,0.15973035
806.51031335,0.15478070
806.74981822,0.15542475
806.98933300,0.14921930
807.22885768,0.14228351
807.46839227,0.14068089
807.70793675,0.13245362
807.94749114,0.12878968
808.18705542,0.12265073
808.42662959,0.12344656
808.66621364,0.11742113
808.90580759,0.11961394
809.14541141,0.11124742
809.38502512,0.10971742
809.62464871,0.10926116
809.86428217,0.11117194
810.10392550,0.10969413
810.34357870,0.10601274
810.58324177,0.10198416
810.82291470,0.10603020
811.06259749,0.10510730
811.30229015,0.10101268
811.54199265,0.09882445
811.78170501,0.09667599
812.02142722,0.09156110
812.26115928,0.09123062
812.50090118,0.09049303
812.74065292,0.08719660
812.98041450,0.08525336
813.22018592,0.08480948
813.45996717,0.08989614
813.69975825,0.08961525
813.93955916,0.09412673
814.17936989,0.09224381
814.41919045,0.09446877
814.65902083,0.09720821
814.89886102,0.10220140
815.13871102,0.10420048
815.37857084,0.10468700
815.61844047,0.11079565
815.85831990,0.12140756
816.09820913,0.12387699
816.33810817,0.13161417
816.57801700,0.13591212
816.81793562,0.14464438
817.05786404,0.14994870
817.29780225,0.15391751
817.53775024,0.15840306
817.77770801,0.16673275
818.01767557,0.17549725
818.25765290,0.18136396
818.49764001,0.19345990
818.73763689,0.19974250
818.97764354,0.20657754
819.21765996,0.22140248
819.45768614,0.22241172
819.69772209,0.23286489
819.93776779,0.23256866
820.17782324,0.23399321
820.41788845,0.23350092
820.65796341,0.25150627
820.89804812,0.24335838
821.13814257,0.24448041
821.37824677,0.24158630
821.61836070,0.24876595
821.85848437,0.24021903
822.09861777,0.24263230
822.33876090,0.23751369
822.57891376,0.23298789
822.81907635,0.23693968
823.05924866,0.23752922
823.29943069,0.22040751
823.53962243,0.22475003
823.77982389,0.21504962
824.02003506,0.20796009
824.26025594,0.20282611
824.50048652,0.20118516
824.74072681,0.19978111
824.98097680,0.18791734
825.22123648,0.19044727
825.46150586,0.18690587
825.70178493,0.18019755
825.94207369,0.17441782
826.18237214,0.17410279
826.42268027,0.16898678
826.66299808,0.17026681
826.90332557,0.17180050
827.14366273,0.16797064
827.38400957,0.16144918
827.62436608,0.16111988
827.86473225,0.15831320
828.10510809,0.15118142
828.34549359,0.14900107
828.58588874,0.14910127
828.82629356,0.14792331
829.06670802,0.14014137
829.30713214,0.13417904
829.54756590,0.12380255
829.78800931,0.12079818
830.02846236,0.11789643
830.26892505,0.11285041
830.50939738,0.10685212
830.74987934,0.10489510
830.99037093,0.10073034
831.23087215,0.09637997
831.47138299,0.09467684
831.71190346,0.10159024
831.95243355,0.09987367
832.19297325,0.09795463
832.43352257,0.09553299
832.67408150,0.09778706
832.91465003,0.09986062
833.15522818,0.09437198
833.39581592,0.10131567
833.63641327,0.10005755
833.87702022,0.09607014
834.11763676,0.09825422
834.35826289,0.09521285
834.59889861,0.09424261
834.83954392,0.09300261
835.08019881,0.09084387
835.32086328,0.09552184
835.56153733,0.09873288
835.80222095,0.10036727
836.04291415,0.09871984
836.28361692,0.10457420
836.52432926,0.10297806
836.76505116,0.10960902
837.00578262,0.11573068
837.24652364,0.11902396
837.48727421,0.11934653
837.72803434,0.11464972
837.96880402,0.11828426
838.20958325,0.11878653
838.45037202,0.11790046
838.69117033,0.12268790
838.93197819,0.12233344
839.17279558,0.11489610
839.41362250,0.12008685
839.65445896,0.11974201
839.89530494,0.11649615
840.13616045,0.11096634
840.37702548,0.11314340
840.61790003,0.11359785
840.85878410,0.10853366
841.09967768,0.10120971
841.34058078,0.10532467
841.58149338,0.10787899
841.82241549,0.10428207
842.06334710,0.10362329
842.30428821,0.10883204
842.54523883,0.10866465
842.78619893,0.10893592
843.02716853,0.11289278
843.26814762,0.12056747
843.50913619,0.13332744
843.75013425,0.13767215
843.99114179,0.14339479
844.23215881,0.15954082
844.47318530,0.16914023
844.71422127,0.17513302
844.95526670,0.17717646
845.19632161,0.17984542
845.43738597,0.18934661
845.67845980,0.18575732
845.91954309,0.18027388
846.16063584,0.20045938
846.40173803,0.20702249
846.64284968,0.19993831
846.88397078,0.19636466
847.12510132,0.22339174
847.36624130,0.23839376
847.60739073,0.22655247
847.84854959,0.21746492
848.08971788,0.22767856
848.33089561,0.23184159
848.57208276,0.22641069
848.81327934,0.21256694
849.05448534,0.21334990
849.29570076,0.23019273
849.53692560,0.23704904
849.77815986,0.22124123
850.01940353,0.22135829
850.26065660,0.22506493
850.50191908,0.22411992
850.74319097,0.21402248
850.98447225,0.21552349
851.22576294,0.20093899
851.46706301,0.20389005
851.70837248,0.19952688
851.94969135,0.19458107
852.19101959,0.18727169
852.43235722,0.18372659
852.67370424,0.17044919
852.91506063,0.16007739
853.15642640,0.15318755
853.39780154,0.14807134
853.63918605,0.14136079
853.88057992,0.12913716
854.12198317,0.12468215
854.36339577,0.11985696
854.60481773,0.11177258
854.84624905,0.11194917
855.08768973,0.10914822
855.32913975,0.10090242
855.57059912,0.10102573
855.81206784,0.09264981
856.05354590,0.09302156
856.29503330,0.09388139
856.53653004,0.08997048
856.77803611,0.09211564
857.01955151,0.08912586
857.26107624,0.08760900
857.50261030,0.08264316
857.74415367,0.08227766
857.98570637,0.07842003
858.22726839,0.07350081
858.46883972,0.07313167
858.71042037,0.06796356
858.95201032,0.07221929
859.19360958,0.07270640
859.43521814,0.06825937
859.67683601,0.07135499
859.91846317,0.07428687
860.16009963,0.07343958
860.40174538,0.07039849
860.64340042,0.06746233
860.88506474,0.06733412
861.12673835,0.06497492
861.36842125,0.06650414
861.61011342,0.06435409
861.85181487,0.05908454
862.09352559,0.06057218
862.33524558,0.05498176
862.57697484,0.05779841
862.81871336,0.05390683
863.06046114,0.05193547
863.30221819,0.05307244
863.54398449,0.05475468
863.78576004,0.05324132
864.02754485,0.05251731
864.26933890,0.05000567
864.51114220,0.05280405
864.75295474,0.04929317
864.99477653,0.04584371
865.23660755,0.04788598
865.47844780,0.04916427
865.72029728,0.05158521
865.96215600,0.04978830
866.20402394,0.04646667
866.44590110,0.04748341
866.68778748,0.05293504
866.92968308,0.05344554
867.17158790,0.05001955
867.41350193,0.05602489
867.65542516,0.05676820
867.89735761,0.06274362
868.13929926,0.06366387
868.38125011,0.06354031
868.62321015,0.06706660
868.86517940,0.07222446
869.10715783,0.07278061
869.34914546,0.07102284
869.59114227,0.07366386
869.83314827,0.07798269
870.07516344,0.07555126
870.31718780,0.07449878
870.55922133,0.07817287
870.80126404,0.08087501
871.04331592,0.07981257
871.28537696,0.07847573
871.52744717,0.07739343
871.76952655,0.07671092
872.01161508,0.07356404
872.25371277,0.07480433
872.49581961,0.07158884
872.73793560,0.07638224
872.98006075,0.07241785
873.22219503,0.07311386
873.46433846,0.07328133
873.70649103,0.07038871
873.94865274,0.06686840
874.19082358,0.06715542
874.43300356,0.06265942
874.67519266,0.06477526
874.91739089,0.06229879
875.15959824,0.05973467
875.40181471,0.05813059
875.64404031,0.06012522
875.88627501,0.06126049
876.12851883,0.06205132
876.37077176,0.05979054
876.61303379,0.06657130
876.85530493,0.06164837
877.09758517,0.06899738
877.33987451,0.07124941
877.58217294,0.07450411
877.82448047,0.08361679
878.06679709,0.08828233
878.30912279,0.09285181
878.55145758,0.09648353
878.79380145,0.09640017
879.03615440,0.10138575
879.27851643,0.11017273
879.52088753,0.11284877
879.76326770,0.11214655
880.00565694,0.11480850
880.24805524,0.11284523
880.49046260,0.11725290
880.73287903,0.11625876
880.97530451,0.11290163
881.21773905,0.11343463
881.46018264,0.12016825
881.70263527,0.11904784
881.94509695,0.11561207
882.18756768,0.11843443
882.43004744,0.11978123
882.67253625,0.12773469
882.91503409,0.13198556
883.15754095,0.14050021
883.40005685,0.12395002
883.64258178,0.12548347
883.88511573,0.13123346
884.12765869,0.14180480
884.37021068,0.14941443
884.61277168,0.15149649
884.85534170,0.15744161
885.09792072,0.16629818
885.34050876,0.17419598
885.58310579,0.18839505
885.82571183,0.18099582
886.06832686,0.18790930
886.31095090,0.18786566
886.55358392,0.20042938
886.79622594,0.19391490
887.03887694,0.18631556
887.28153693,0.17306957
887.52420589,0.17523496
887.76688384,0.17567675
888.00957077,0.17435427
888.25226667,0.16262286
888.49497154,0.16142877
888.73768537,0.16146177
888.98040818,0.16159943
889.22313994,0.17175873
889.46588067,0.17537462
889.70863035,0.17465435
889.95138899,0.16836741
890.19415657,0.16530688
890.43693311,0.17057789
890.67971859,0.17255757
890.92251302,0.17380359
891.16531639,0.17364545
891.40812869,0.16959881
891.65094993,0.17051517
891.89378010,0.17433029
892.13661920,0.16758827
892.37946723,0.17343006
892.62232418,0.18123384
892.86519005,0.19282035
893.10806484,0.19541382
893.35094854,0.20543019
893.59384116,0.19822411
893.83674269,0.20116118
894.07965312,0.19408664
894.32257246,0.19759901
894.56550070,0.20190450
894.80843784,0.19545162
895.05138388,0.19145374
895.29433881,0.18945972
895.53730263,0.18648805
895.78027533,0.19023785
896.02325692,0.19868606
896.26624740,0.20372176
896.50924675,0.19504225
896.75225498,0.19555851
896.99527208,0.18798159
897.23829806,0.18273404
897.48133290,0.18139300
897.72437661,0.18249013
897.96742918,0.17782833
898.21049061,0.16842769
898.45356090,0.16053462
898.69664005,0.16819140
898.93972804,0.17056703
899.18282488,0.16714871
899.42593057,0.16309251
899.66904511,0.16573875
899.91216848,0.16081411
900.15530069,0.16640737
900.39844174,0.16491056
900.64159162,0.16237940
900.88475033,0.14181174
901.12791786,0.13679801
901.37109422,0.14497044
901.61427940,0.15689182
901.85747340,0.15905888
902.10067621,0.15488367
902.34388784,0.14360965
902.58710827,0.13715480
902.83033752,0.13604558
903.07357557,0.14320248
903.31682242,0.13909277
903.56007807,0.13440900
903.80334251,0.12320642
904.04661575,0.12357036
904.28989778,0.12406041
904.53318860,0.13410653
904.77648820,0.13192687
905.01979659,0.12412823
905.26311375,0.11517011
905.50643969,0.11057506
905.74977441,0.11317689
905.99311789,0.12143349
906.23647015,0.11975603
906.47983117,0.11134072
906.72320095,0.10614813
906.96657950,0.10381780
907.20996680,0.10149088
907.45336285,0.09243296
907.69676766,0.09272735
907.94018122,0.09339046
908.18360352,0.09018091
908.42703457,0.09310097
908.67047435,0.08772200
908.91392288,0.08934798
909.15738014,0.08714301
909.40084613,0.09271462
909.64432085,0.09117890
909.88780430,0.09283446
910.13129648,0.09198008
910.37479737,0.09519834
910.61830699,0.09276723
910.86182531,0.09496226
911.10535236,0.09397111
911.34888811,0.09190410
911.59243257,0.08830962
911.83598573,0.08763492
912.07954760,0.08867730
912.32311816,0.10305133
912.56669743,0.10507831
912.81028538,0.11289313
913.05388203,0.11102628
913.29748736,0.11417294
913.54110138,0.11438621
913.78472408,0.11207040
914.02835547,0.10722754
914.27199552,0.12080234
914.51564426,0.11675562
914.75930166,0.12271827
915.00296774,0.12681320
915.24664247,0.12870323
915.49032588,0.13391100
915.73401794,0.13439565
915.97771866,0.13032029
916.22142803,0.13110046
916.46514606,0.12248406
916.70887274,0.11746302
916.95260806,0.10926845
917.19635202,0.10475787
917.44010463,0.09822704
917.68386588,0.09627859
917.92763576,0.09160854
918.17141427,0.09263763
918.41520141,0.08479349
918.65899718,0.08197290
918.90280158,0.08018740
919.14661459,0.07166294
919.39043623,0.07007208
919.63426648,0.06980525
919.87810534,0.06760428
920.12195281,0.06672334
920.36580890,0.06615718
920.60967358,0.06189066
920.85354687,0.05643199
921.09742876,0.05802473
921.34131924,0.05072701
921.58521832,0.04629230
921.82912599,0.04670189
922.07304225,0.04471856
922.31696709,0.04470388
922.56090052,0.04643263
922.80484252,0.04195377
923.04879310,0.04187044
923.29275226,0.04134848
923.53671999,0.04402425
923.78069629,0.04666965
924.02468115,0.04867399
924.26867458,0.04966148
924.51267656,0.05336682
924.75668711,0.05075131
925.00070621,0.05605528
925.24473386,0.05289876
925.48877006,0.06023521
925.73281481,0.06535507
925.97686810,0.07155324
926.22092994,0.07250354
926.46500031,0.07526312
926.70907921,0.07113071
926.95316665,0.07145838
927.19726262,0.06826160
927.44136712,0.07590395
927.68548014,0.07636788
927.92960168,0.08444725
928.17373175,0.09285757
928.41787032,0.09114319
928.66201741,0.08403532
928.90617302,0.08613336
929.15033713,0.07969269
929.39450974,0.08690131
929.63869086,0.09111629
929.88288047,0.10077435
930.12707859,0.10493234
930.37128520,0.10008298
930.61550029,0.09904366
930.85972388,0.09684272
931.10395595,0.09194003
931.34819651,0.09231587
931.59244554,0.09283411
931.83670306,0.10458639
932.08096904,0.10373839
932.32524350,0.09702760
932.56952643,0.09040386
932.81381782,0.08076693
933.05811768,0.08063599
933.30242600,0.07568393
933.54674278,0.07713430
933.79106801,0.08051118
934.03540169,0.07458751
934.27974382,0.07302852
934.52409440,0.06537006
934.76845343,0.06186095
935.01282089,0.05978298
935.25719680,0.06186126
935.50158114,0.06060345
935.74597391,0.06345993
935.99037511,0.05674738
936.23478474,0.05581571
936.47920279,0.05106857
936.72362927,0.04845322
936.96806417,0.04377287
937.21250748,0.04276890
937.45695920,0.04207445
937.70141934,0.04277643
937.94588788,0.03982985
938.19036483,0.03678103
938.43485019,0.03168171
938.67934394,0.03447999
938.92384608,0.03107389
939.16835663,0.03207474
939.41287556,0.03203111
939.65740288,0.02813157
939.90193859,0.02817393
940.14648268,0.02731365
940.39103515,0.02537197
940.63559600,0.02356495
940.88016523,0.02395100
941.12474282,0.02479857
941.36932879,0.01978627
941.61392312,0.01884422
941.85852581,0.02133608
942.10313687,0.01973349
942.34775628,0.01724289
942.59238405,0.01632902
942.83702017,0.01609562
943.08166464,0.01700913
943.32631746,0.01435114
943.57097862,0.01291396
943.81564813,0.01624343
944.06032597,0.01489805
944.30501215,0.01469384
944.54970666,0.01193973
944.79440950,0.01043135
945.03912067,0.01149327
945.28384016,0.01275615
945.52856798,0.01093161
945.77330412,0.01343359
946.01804857,0.01455599
946.26280133,0.01641926
946.50756241,0.01605411
946.75233179,0.01609416
946.99710948,0.01354581
947.24189548,0.01571446
947.48668977,0.01141150
947.73149236,0.01652344
947.97630324,0.01899805
948.22112242,0.01939392
948.46594988,0.01800386
948.71078563,0.02361629
948.95562966,0.02080984
949.20048198,0.02566385
949.44534257,0.02518306
949.69021144,0.02664648
949.93508857,0.02713969
950.17997398,0.02634317
950.42486766,0.03306243
950.66976959,0.03358809
950.91467979,0.03763357
951.15959825,0.03821362
951.40452496,0.03710911
951.64945993,0.04177347
951.89440314,0.03784669
952.13935461,0.03959870
952.38431431,0.04682957
952.62928226,0.04489498
952.87425845,0.04724526
953.11924287,0.04850921
953.36423553,0.05081458
953.60923642,0.05238948
953.85424553,0.04903165
954.09926287,0.05050191
954.34428843,0.05276171
954.58932222,0.05581561
954.83436421,0.05269139
955.07941443,0.05432661
955.32447285,0.05495793
955.56953948,0.05061998
955.81461432,0.05163963
956.05969736,0.05733556
956.30478860,0.05295649
956.54988803,0.05099984
956.79499567,0.05361327
957.04011149,0.05422897
957.28523550,0.06251941
957.53036770,0.06090648
957.77550808,0.07060230
958.02065664,0.07139268
958.26581338,0.07651733
958.51097830,0.07958395
958.75615139,0.07818631
959.00133264,0.08285709
959.24652207,0.08377548
959.49171965,0.08601340
959.73692540,0.08637898
959.98213931,0.08786777
960.22736137,0.07990166
960.47259159,0.08133964
960.71782995,0.07838384
960.96307647,0.08765265
961.20833112,0.08478655
961.45359392,0.09008747
961.69886486,0.08890116
961.94414394,0.09307910
962.18943115,0.09065823
962.43472648,0.09156512
962.68002995,0.08983838
962.92534154,0.08697902
963.17066126,0.08673847
963.41598909,0.08765390
963.66132504,0.08301536
963.90666911,0.07971338
964.15202128,0.08044938
964.39738157,0.07993293
964.64274996,0.06964064
964.88812645,0.07176494
965.13351104,0.06753293
965.37890374,0.07237839
965.62430452,0.06757308
965.86971340,0.06483839
966.11513036,0.05787108
966.36055542,0.05553822
966.60598855,0.05095702
966.85142977,0.05320093
967.09687907,0.04908368
967.34233644,0.05301365
967.58780188,0.04770110
967.83327539,0.05086356
968.07875697,0.04466500
968.32424661,0.04850341
968.56974432,0.04469142
968.81525008,0.05025903
969.06076390,0.05036319
969.30628577,0.04615747
969.55181570,0.04195075
969.79735367,0.04111157
970.04289968,0.04303473
970.28845374,0.04179131
970.53401583,0.04164343
970.77958597,0.03584459
971.02516413,0.03870671
971.27075033,0.03770434
971.51634455,0.03718297
971.76194680,0.03476167
972.00755708,0.03517045
972.25317537,0.03549565
972.49880168,0.03346509
972.74443600,0.03303584
972.99007834,0.03094603
973.23572868,0.03025919
973.48138703,0.02607527
973.72705338,0.02890454
973.97272774,0.02492623
974.21841009,0.02392049
974.46410043,0.02350067
974.70979877,0.02764523
974.95550510,0.02359786
975.20121941,0.02674407
975.44694171,0.02609529
975.69267199,0.02662610
975.93841024,0.02463906
976.18415647,0.02389668
976.42991068,0.01842215
976.67567285,0.02395211
976.92144299,0.01851819
977.16722110,0.02236792
977.41300717,0.01921361
977.65880119,0.02001919
977.90460317,0.02113381
978.15041311,0.02021507
978.39623099,0.02053164
978.64205683,0.01993364
978.88789061,0.02072294
979.13373233,0.01754855
979.37958199,0.01647121
979.62543958,0.01790291
979.87130511,0.01985333
980.11717857,0.01598163
980.36305996,0.01458746
980.60894928,0.01490354
980.85484651,0.01603165
981.10075167,0.01466708
981.34666475,0.01686232
981.59258573,0.01746726
981.83851463,0.01924985
982.08445144,0.01656669
982.33039616,0.01519240
982.57634878,0.01708164
982.82230930,0.01985955
983.06827771,0.01658939
983.31425403,0.01731750
983.56023823,0.01651189
983.80623032,0.01463778
984.05223031,0.01700220
984.29823817,0.00916964
984.54425391,0.00996843
984.79027754,0.01372101
985.03630904,0.01262444
985.28234841,0.01187536
985.52839565,0.01121395
985.77445076,0.01331396
986.02051374,0.00956225
986.26658457,0.00861694
986.51266327,0.01009961
986.75874982,0.00975334
987.00484422,0.01051253
987.25094647,0.00873872
987.49705658,0.01203303
987.74317452,0.01259698
987.98930031,0.01122391
988.23543394,0.00846076
988.48157541,0.01049823
988.72772471,0.00578676
988.97388184,0.00968518
989.22004680,0.00955806
989.46621959,0.01050846
989.71240020,0.01088976
989.95858862,0.01023389
990.20478487,0.01367599
990.45098893,0.00961333
990.69720080,0.01028079
990.94342048,0.01268372
991.18964797,0.01553364
991.43588326,0.01496007
991.68212635,0.01512958
991.92837724,0.01364142
992.17463593,0.01374245
992.42090240,0.01130280
992.66717667,0.01431598
992.91345872,0.01638698
993.15974856,0.01497136
993.40604618,0.01516981
993.65235158,0.01580293
993.89866475,0.01609291
994.14498570,0.01592329
994.39131441,0.01521330
994.63765090,0.01552378
994.88399515,0.01348087
995.13034716,0.01374668
995.37670693,0.01167909
995.62307445,0.01550924
995.86944973,0.01242651
996.11583276,0.01250335
996.36222354,0.01544247
996.60862206,0.01391494
996.85502833,0.01596321
997.10144233,0.01295669
997.34786408,0.01392536
997.59429355,0.01376942
997.84073076,0.01228504
998.08717570,0.01081747
998.33362836,0.01151583
998.58008875,0.01198226
998.82655685,0.01251706
999.07303267,0.00741707
999.31951621,0.00941863
999.56600746,0.01129007
999.81250642,0.00938348
1000.05901309,0.00552018
1000.30552746,0.00702059
1000.55204953,0.00780091
1000.79857929,0.00736995
1001.04511676,0.00540471
1001.29166191,0.00861888
1001.53821476,0.00813896
1001.78477529,0.00754043
1002.03134351,0.00866924
1002.27791941,0.01019263
1002.52450299,0.00881004
1002.77109424,0.00963368
1003.01769317,0.00572860
1003.26429976,0.00912935
1003.51091403,0.00656437
1003.75753596,0.00672760
1004.00416555,0.00746516
1004.25080280,0.00713380
1004.49744771,0.00551265
1004.74410027,0.00830420
1004.99076048,0.00729992
1005.23742834,0.01077224
1005.48410384,0.00600923
1005.73078699,0.00635770
1005.97747778,0.00869041
1006.22417620,0.00476256
1006.47088226,0.00716678
1006.71759595,0.00407047
1006.96431727,0.00588318
1007.21104622,0.00518102
1007.45778279,0.00740955
1007.70452698,0.00991189
1007.95127879,0.00720669
1008.19803821,0.01188924
1008.44480524,0.00876951
1008.69157988,0.01315750
1008.93836213,0.00876899
1009.18515199,0.01012267
1009.43194944,0.00714717
1009.67875450,0.00938080
1009.92556715,0.01227498
1010.17238739,0.01073871
1010.41921522,0.00994409
1010.66605064,0.01144937
1010.91289364,0.01071962
1011.15974422,0.01262868
1011.40660239,0.01538649
1011.65346813,0.01521861
1011.90034144,0.01221281
1012.14722232,0.01521347
1012.39411078,0.01331869
1012.64100679,0.01253823
1012.88791037,0.01686708
1013.13482151,0.01737047
1013.38174020,0.01780444
1013.62866645,0.01603789
1013.87560025,0.01522440
1014.12254160,0.01686524
1014.36949049,0.01903188
1014.61644693,0.02037896
1014.86341091,0.01915992
1015.11038242,0.02131477
1015.35736147,0.01635477
1015.60434805,0.01592086
1015.85134216,0.01521326
1016.09834379,0.01695302
1016.34535295,0.01713925
1016.59236963,0.01179914
1016.83939383,0.01341718
1017.08642554,0.01529006
1017.33346476,0.01809424
1017.58051150,0.01801043
1017.82756574,0.01797739
1018.07462748,0.01941842
1018.32169673,0.01524598
1018.56877347,0.01502814
1018.81585771,0.01653937
1019.06294945,0.01341100
1019.31004867,0.01565918
1019.55715538,0.01896654
1019.80426957,0.01631044
1020.05139125,0.01342016
1020.29852041,0.01612070
1020.54565704,0.01793255
1020.79280114,0.01805433
1021.03995272,0.01724751
1021.28711177,0.01837929
1021.53427828,0.01592309
1021.78145225,0.02015843
1022.02863368,0.01876447
1022.27582257,0.01686941
1022.52301891,0.01879219
1022.77022270,0.01557990
1023.01743395,0.01683653
1023.26465263,0.01675608
1023.51187876,0.01614303
1023.75911234,0.02052165
1024.00635335,0.01619505
1024.25360179,0.01834806
1024.50085766,0.01617589
1024.74812097,0.01794841
1024.99539170,0.01807644
1025.24266985,0.01560534
1025.48995543,0.01663815
1025.73724842,0.01456567
1025.98454883,0.01432754
1026.23185665,0.01419448
1026.47917188,0.01216551
1026.72649452,0.01280675
1026.97382456,0.01184124
1027.22116200,0.01012076
1027.46850685,0.00942498
1027.71585908,0.00990383
1027.96321872,0.00980114
1028.21058574,0.00771803
1028.45796014,0.00058648
1028.70534194,0.00167177
1028.95273111,-0.00006111
1029.20012767,-0.00092042
1029.44753160,0.00194606
1029.69494290,0.00052248
