195.95165235,0.00010398
196.15151677,0.00840458
196.35139989,0.00270809
196.55130171,0.00889285
196.75122222,0.00140604
196.95116143,0.00384739
197.15111932,0.00390164
197.35109589,0.00265384
197.55109115,0.01236499
197.75110507,0.00661425
197.95113767,0.00867584
198.15118894,0.00471542
198.35125887,0.00585472
198.55134747,0.00471542
198.75145472,0.00962525
198.95158062,0.00110765
199.15172517,0.00601748
199.35188837,0.00628874
199.55207021,0.01057467
199.75227069,0.00444416
199.95248980,0.00227407
200.15272755,0.00341337
200.35298392,0.00487818
200.55325891,0.01274476
200.75355253,0.01195810
200.95386476,0.00509519
201.15419561,0.00471542
201.35454506,0.00612598
201.55491312,0.00455267
201.75529978,0.01109006
201.95570504,0.00211132
202.15612889,0.01052041
202.35657133,0.00004973
202.55703236,0.00612598
202.75751198,0.01109006
202.95801017,0.00835032
203.15852694,0.00607173
203.35906228,0.00916411
203.55961619,0.00683126
203.76018866,0.00444416
203.96077969,0.00943537
204.16138928,0.00384739
204.36201743,0.00596323
204.56266412,0.00851308
204.76332936,0.00216557
204.96401315,0.00325061
205.16471547,0.00384739
205.36543633,0.00140604
205.56617572,0.00259959
205.76693363,0.00091777
205.96771007,0.00371176
206.16850503,0.00023961
206.36931851,0.00631587
206.57015050,0.00319636
206.77100100,-0.00087256
206.97187001,0.00292510
207.17275752,0.00444416
207.37366352,0.01263625
207.57458802,0.00710252
207.77553101,0.00623449
207.97649249,-0.00022153
208.17747245,0.00585472
208.37847089,0.00674988
208.57948781,0.00189431
208.78052320,0.00585472
208.98157706,0.00596323
209.18264938,0.00650575
209.38374017,-0.00125232
209.58484941,-0.00043854
209.78597710,0.00390164
209.98712325,0.00835032
210.18828784,0.00449842
210.38947088,0.01019490
210.59067235,0.00368463
210.79189226,0.01100868
210.99313061,0.01345004
211.19438738,0.00921836
211.39566257,-0.00065555
211.59695619,0.00704827
211.79826822,0.00363038
211.99959866,0.00091777
212.20094752,0.00976088
212.40231478,0.00563771
212.60370044,0.00325061
212.80510450,0.00146029
213.00652696,0.01757321
213.20796781,0.00802481
213.40942704,0.00959813
213.61090466,-0.00163209
213.81240066,-0.00033003
214.01391504,0.00335912
214.21544779,0.00265384
214.41699890,0.00856733
214.61856839,0.00965238
214.82015623,0.01100868
215.02176243,0.00080926
215.22338699,0.00390164
215.42502990,0.00270809
215.62669115,0.00731953
215.82837075,0.00004973
216.03006868,0.00075501
216.23178496,0.00509519
216.43351956,0.00444416
216.63527249,0.00623449
216.83704375,-0.00184910
217.03883333,-0.00038429
217.24064123,0.00737378
217.44246744,0.00976088
217.64431195,0.00523082
217.84617478,0.00780780
218.04805591,0.00569196
218.24995534,0.00612598
218.45187306,0.00303360
218.65380907,-0.00271713
218.85576337,0.00140604
219.05773596,0.00948962
219.25972683,0.00791631
219.46173597,0.00672276
219.66376339,0.00325061
219.86580907,0.00154167
220.06787302,0.00129753
220.26995524,0.00154167
220.47205571,0.00254533
220.67417443,0.00227407
220.87631141,0.01165971
221.07846663,0.00108052
221.28064010,0.00108052
221.48283181,0.00178580
221.68504175,0.00520369
221.88726993,0.00607173
222.08951633,0.00444416
222.29178096,0.00205706
222.49406382,0.00504094
222.69636488,0.00216557
222.89868417,0.00878434
223.10102166,0.00265384
223.30337736,0.00986939
223.50575126,-0.00130657
223.70814337,0.00520369
223.91055366,0.00357613
224.11298215,0.00327774
224.31542883,0.00878434
224.51789369,0.00574622
224.72037673,0.00319636
224.92287795,0.00238258
225.12539735,0.00786205
225.32793491,0.00243683
225.53049064,0.01084593
225.73306453,0.00552921
225.93565658,0.00346762
226.13826679,0.00783493
226.34089514,-0.00081830
226.54354164,0.00249108
226.74620629,0.00379314
226.94888908,0.01052041
227.15159000,-0.00081830
227.35430906,0.00580047
227.55704625,0.00325061
227.75980156,-0.00000452
227.96257499,0.00325061
228.16536654,-0.00136083
228.36817621,0.00211132
228.57100398,0.00308786
228.77384987,-0.00098106
228.97671385,0.00270809
229.17959594,0.00954387
229.38249612,0.00390164
229.58541439,0.00438991
229.78835076,0.00281660
229.99130520,0.00536645
230.19427773,0.00710252
230.39726834,0.00401015
230.60027702,0.00352187
230.80330377,0.00921836
231.00634858,0.01209373
231.20941146,0.00259959
231.41249240,0.00487818
231.61559139,0.00151454
231.81870844,0.00368463
232.02184353,0.00308786
232.22499666,0.00346762
232.42816784,0.00205706
232.63135705,0.00569196
232.83456430,-0.00092681
233.03778958,0.00639724
233.24103288,0.00002261
233.44429420,0.00471542
233.64757355,0.00371176
233.85087090,0.00761792
234.05418627,0.00525795
234.25751965,0.00379314
234.46087103,0.00466117
234.66424040,-0.00022153
234.86762778,0.00476968
235.07103315,0.00401015
235.27445650,0.00661425
235.47789784,0.00482393
235.68135717,0.00363038
235.88483447,0.00113478
236.08832974,0.00802481
236.29184299,-0.00244587
236.49537420,0.00889285
236.69892338,0.00010398
236.90249051,0.00167730
237.10607560,0.00303360
237.30967864,0.01171396
237.51329963,0.00731953
237.71693857,0.00438991
237.92059544,0.00015824
238.12427025,0.00428141
238.32796300,0.00737378
238.53167367,0.00254533
238.73540228,0.00438991
238.93914880,-0.00369367
239.14291324,0.00997789
239.34669560,-0.00054704
239.55049587,0.00021249
239.75431405,-0.00011303
239.95815013,0.01149696
240.16200411,0.00786205
240.36587599,0.00835032
240.56976576,0.00840458
240.77367342,0.00482393
240.97759896,0.00943537
241.18154239,0.01052041
241.38550369,0.00769930
241.58948287,0.00444416
241.79347992,0.00520369
241.99749484,0.00371176
242.20152762,0.00325061
242.40557826,0.00422715
242.60964676,0.00395589
242.81373311,0.00390164
243.01783730,0.00718390
243.22195934,0.00363038
243.42609923,0.00140604
243.63025695,0.00501381
243.83443250,0.00563771
244.03862589,0.01109006
244.24283710,-0.00092681
244.44706613,0.00276234
244.65131298,0.00314211
244.85557765,0.00791631
245.05986013,0.00184006
245.26416042,0.00379314
245.46847851,0.00761792
245.67281440,0.00194856
245.87716809,0.00406440
246.08153957,0.00916411
246.28592885,0.00970663
246.49033590,0.00520369
246.69476074,-0.00038429
246.89920336,0.00631587
247.10366375,0.00384739
247.30814192,0.00748229
247.51263785,0.00449842
247.71715155,0.00873009
247.92168300,0.00433566
248.12623221,0.00346762
248.33079918,0.00205706
248.53538389,0.00688551
248.73998635,0.00379314
248.94460655,0.00466117
249.14924448,0.00699402
249.35390016,-0.00000452
249.55857356,0.01296177
249.76326469,0.00303360
249.96797354,0.00254533
250.17270011,0.00368463
250.37744440,0.00281660
250.58220640,0.00284372
250.78698610,0.00780780
250.99178352,0.00319636
251.19659863,0.00596323
251.40143144,0.00205706
251.60628194,0.01057467
251.81115014,0.00097202
252.01603602,0.00672276
252.22093958,0.00552921
252.42586082,0.00476968
252.63079974,0.00108052
252.83575632,0.01420957
253.04073058,0.00482393
253.24572250,-0.00087256
253.45073208,-0.00342241
253.65575931,0.00129753
253.86080420,0.00395589
254.06586674,0.00379314
254.27094692,0.00314211
254.47604475,0.00965238
254.68116021,0.00585472
254.88629331,0.00140604
255.09144404,-0.00195760
255.29661240,0.00433566
255.50179838,-0.00157784
255.70700198,0.00032099
255.91222319,0.00775355
256.11746202,0.00200281
256.32271846,-0.00011303
256.52799250,-0.00179485
256.73328414,0.00042950
256.93859338,0.00607173
257.14392021,0.01019490
257.34926464,0.00363038
257.55462665,-0.00022153
257.76000624,0.00520369
257.96540341,0.00327774
258.17081816,0.00184006
258.37625048,-0.00081830
258.58170037,0.00699402
258.78716782,0.00661425
258.99265284,-0.00125232
259.19815541,0.00238258
259.40367553,-0.00168634
259.60921320,0.00335912
259.81476842,0.00520369
260.02034118,0.00151454
260.22593148,-0.00062842
260.43153931,0.00650575
260.63716468,0.00878434
260.84280757,0.00992364
261.04846799,0.00422715
261.25414593,0.00216557
261.45984138,0.00525795
261.66555434,0.00352187
261.87128482,0.00335912
262.07703280,-0.00030291
262.28279828,0.00194856
262.48858126,-0.00043854
262.69438173,0.00525795
262.90019970,0.00411865
263.10603515,0.00807906
263.31188808,0.00357613
263.51775850,0.00585472
263.72364639,0.00563771
263.92955175,0.00780780
264.13547458,0.00704827
264.34141487,0.00390164
264.54737263,0.00368463
264.75334784,0.00167730
264.95934051,0.00932687
265.16535062,0.00433566
265.37137818,0.00457979
265.57742319,0.00805194
265.78348563,0.00411865
265.98956551,0.00447129
266.19566282,0.00238258
266.40177756,0.00346762
266.60790972,0.00205706
266.81405931,0.00726528
267.02022631,0.00479680
267.22641072,0.00618024
267.43261254,0.00194856
267.63883177,0.01122569
267.84506840,-0.00041141
268.05132243,0.00124328
268.25759385,0.00259959
268.46388266,0.00867584
268.67018886,0.00292510
268.87651245,0.00457979
269.08285341,0.00482393
269.28921175,0.00910986
269.49558746,0.00628874
269.70198054,0.00021249
269.90839099,0.00292510
270.11481880,0.00254533
270.32126396,0.00710252
270.52772648,0.00411865
270.73420635,-0.00005877
270.94070356,-0.00130657
271.14721812,0.00585472
271.35375002,0.00070076
271.56029925,0.00102627
271.76686582,0.00335912
271.97344971,0.01236499
272.18005093,0.00086351
272.38666947,0.02446324
272.59330532,0.00401015
272.79995849,0.00650575
273.00662897,0.00341337
273.21331676,-0.00081830
273.42002184,-0.00195760
273.62674423,0.00471542
273.83348391,0.00379314
274.04024088,0.00932687
274.24701514,0.00259959
274.45380668,0.00487818
274.66061550,0.00184006
274.86744160,0.00037524
275.07428498,0.00900135
275.28114562,0.00509519
275.48802352,0.00303360
275.69491869,0.00775355
275.90183112,0.00422715
276.10876080,0.01193097
276.31570773,0.00726528
276.52267191,0.00173155
276.72965333,-0.00005877
276.93665199,0.00835032
277.14366789,0.00650575
277.35070102,0.00618024
277.55775137,0.00693977
277.76481895,0.00314211
277.97190376,0.00067363
278.17900578,0.00276234
278.38612501,0.00194856
278.59326146,0.00384739
278.80041511,0.00585472
279.00758596,0.00471542
279.21477401,0.00314211
279.42197926,0.00097202
279.62920170,0.00824182
279.83644133,0.00032099
280.04369814,0.00623449
280.25097213,0.00588185
280.45826330,0.00596323
280.66557164,0.00080926
280.87289715,0.00129753
281.08023982,0.00303360
281.28759966,0.00249108
281.49497666,0.01090018
281.70237081,0.00297935
281.90978211,0.00308786
282.11721056,0.00666851
282.32465616,0.00563771
282.53211889,0.00384739
282.73959876,-0.00016728
282.94709576,-0.00206611
283.15460989,0.00265384
283.36214115,0.00910986
283.56968952,0.00395589
283.77725502,0.00870296
283.98483763,0.00270809
284.19243735,0.00075501
284.40005417,0.00319636
284.60768810,-0.00092681
284.81533913,-0.00033003
285.02300725,0.00325061
285.23069247,0.00240970
285.43839477,0.00878434
285.64611416,0.04925652
285.85385063,0.00693977
286.06160417,0.00379314
286.26937479,0.00718390
286.47716248,0.00438991
286.68496724,0.00563771
286.89278906,-0.00065555
287.10062793,0.00270809
287.30848386,0.00281660
287.51635685,0.00194856
287.72424688,0.00357613
287.93215395,-0.00098106
288.14007806,0.00281660
288.34801921,0.00276234
288.55597740,-0.00038429
288.76395261,0.00607173
288.97194485,-0.00087256
289.17995411,0.00216557
289.38798039,0.00466117
289.59602368,0.00211132
289.80408398,0.00368463
290.01216129,0.00037524
290.22025561,0.00189431
290.42836692,0.00086351
290.63649523,0.00775355
290.84464053,0.00379314
291.05280282,0.00110765
291.26098209,0.00194856
291.46917835,0.00091777
291.67739158,0.00042950
291.88562179,0.00699402
292.09386897,-0.00005877
292.30213311,0.00384739
292.51041422,0.00411865
292.71871228,0.00536645
292.92702730,0.00341337
293.13535928,-0.00011303
293.34370820,0.00802481
293.55207406,0.00737378
293.76045686,0.00943537
293.96885661,0.00444416
294.17727328,0.00259959
294.38570689,0.00780780
294.59415742,0.00476968
294.80262487,0.00352187
295.01110924,0.00072788
295.21961052,0.01095443
295.42812872,0.00325061
295.63666382,0.00363038
295.84521583,0.00466117
296.05378474,0.00618024
296.26237054,0.00238258
296.47097324,0.00346762
296.67959282,0.00650575
296.88822929,0.00401015
297.09688264,0.00493243
297.30555287,0.00221982
297.51423998,0.00325061
297.72294395,0.00596323
297.93166479,0.00270809
298.14040250,0.00607173
298.34915706,0.00569196
298.55792848,0.00167730
298.76671675,0.00227407
298.97552187,0.00390164
299.18434383,0.00297935
299.39318264,0.00466117
299.60203828,-0.00179485
299.81091075,0.00254533
300.01980006,0.01334153
300.22870619,-0.00054704
300.43762914,0.00536645
300.64656892,0.00688551
300.85552550,0.00406440
301.06449890,0.00113478
301.27348911,-0.00342241
301.48249612,0.00563771
301.69151993,0.00856733
301.90056054,0.00761792
302.10961794,0.00010398
302.31869213,0.00140604
302.52778310,0.00032099
302.73689086,0.01052041
302.94601539,0.01008640
303.15515670,0.00254533
303.36431478,0.00656000
303.57348963,0.00878434
303.78268124,0.00184006
303.99188961,0.00672276
304.20111474,0.00552921
304.41035662,-0.00239162
304.61961524,0.00303360
304.82889062,0.01057467
305.03818273,-0.00043854
305.24749158,0.00607173
305.45681716,0.00672276
305.66615948,0.00802481
305.87551852,0.00645150
306.08489429,0.00064651
306.29428677,0.00151454
306.50369597,0.00438991
306.71312188,0.00677701
306.92256450,0.00514944
307.13202382,0.00693977
307.34149984,0.00124328
307.55099256,0.00769930
307.76050198,0.00645150
307.97002808,0.00341337
308.17957087,0.00688551
308.38913034,-0.00000452
308.59870649,0.00840458
308.80829931,0.00563771
309.01790881,0.00531220
309.22753497,0.00037524
309.43717780,0.00628874
309.64683728,-0.00049279
309.85651343,0.00314211
310.06620622,0.00791631
310.27591567,0.00216557
310.48564176,0.00384739
310.69538449,0.00129753
310.90514386,0.00154167
311.11491986,0.00308786
311.32471250,0.00558346
311.53452176,0.00737378
311.74434764,0.00306073
311.95419014,0.00552921
312.16404926,0.00379314
312.37392499,-0.00065555
312.58381733,-0.00065555
312.79372628,0.00254533
313.00365182,0.00238258
313.21359397,0.00390164
313.42355270,0.01133420
313.63352803,0.00976088
313.84351994,0.00129753
314.05352843,0.00357613
314.26355351,0.00650575
314.47359516,0.00563771
314.68365338,0.00037524
314.89372816,0.00466117
315.10381952,0.00325061
315.31392743,0.00661425
315.52405190,0.00289797
315.73419292,0.00118903
315.94435049,0.00718390
316.15452461,0.00330487
316.36471526,0.00341337
316.57492246,0.00628874
316.78514619,0.00482393
316.99538646,0.01057467
317.20564324,-0.00309690
317.41591656,0.00444416
317.62620639,0.00184006
317.83651274,0.00482393
318.04683560,0.00319636
318.25717497,-0.00239162
318.46753084,0.00178580
318.67790322,0.00666851
318.88829209,0.00211132
319.09869746,0.00395589
319.30911932,0.01106294
319.51955766,0.00178580
319.73001249,0.00140604
319.94048380,0.00232833
320.15097158,0.00335912
320.36147583,-0.00239162
320.57199655,0.00189431
320.78253374,-0.00184910
320.99308739,0.00737378
321.20365749,-0.00149646
321.41424405,0.01176822
321.62484706,-0.00195760
321.83546651,0.00335912
322.04610240,0.00574622
322.25675474,0.00097202
322.46742351,0.00457979
322.67810870,0.00623449
322.88881033,0.00232833
323.09952838,0.00390164
323.31026285,0.00395589
323.52101374,0.00664138
323.73178104,0.00471542
323.94256475,0.00276234
324.15336487,0.00574622
324.36418138,0.00314211
324.57501430,0.00184006
324.78586360,0.00167730
324.99672930,0.00205706
325.20761139,0.00284372
325.41850986,0.00607173
325.62942471,0.00715678
325.84035593,0.00178580
326.05130353,0.00406440
326.26226749,0.00422715
326.47324782,0.00284372
326.68424451,0.00021249
326.89525756,0.00240970
327.10628696,0.00520369
327.31733271,0.00075501
327.52839481,0.01149696
327.73947325,0.00037524
327.95056803,0.00281660
328.16167915,0.00997789
328.37280659,-0.00315115
328.58395037,0.00357613
328.79511046,0.00878434
329.00628688,0.00232833
329.21747962,0.00883860
329.42868867,0.00653287
329.63991403,0.00406440
329.85115569,0.00455267
330.06241365,0.00444416
330.27368792,0.00818757
330.48497848,0.00704827
330.69628533,0.01496910
330.90760846,0.00569196
331.11894788,0.00501381
331.33030358,0.00476968
331.54167556,0.01062892
331.75306381,0.00184006
331.96446832,0.00558346
332.17588911,0.00493243
332.38732615,0.00292510
332.59877945,0.00270809
332.81024901,0.00574622
333.02173481,0.00221982
333.23323686,-0.00095394
333.44475516,0.00531220
333.65628969,0.00444416
333.86784046,0.00422715
334.07940747,0.00270809
334.29099070,0.00368463
334.50259015,-0.00108957
334.71420583,0.00476968
334.92583772,0.00482393
335.13748582,0.00742804
335.34915014,0.00520369
335.56083066,0.00303360
335.77252739,-0.00206611
335.98424031,0.00308786
336.19596943,-0.00146933
336.40771473,0.00818757
336.61947623,0.00303360
336.83125391,0.00238258
337.04304777,0.00032099
337.25485781,0.00308786
337.46668402,0.00601748
337.67852640,0.00699402
337.89038494,0.00308786
338.10225965,0.01323303
338.31415051,0.00737378
338.52605753,0.00021249
338.73798070,-0.00081830
338.94992001,0.00585472
339.16187547,0.00365751
339.37384707,0.00501381
339.58583481,0.00845883
339.79783867,0.00921836
340.00985867,0.00004973
340.22189479,0.00010398
340.43394703,0.00221982
340.64601539,0.00471542
340.85809986,0.00683126
341.07020044,0.00124328
341.28231713,0.00379314
341.49444992,0.00704827
341.70659882,-0.00168634
341.91876380,0.00650575
342.13094488,0.00835032
342.34314204,0.00146029
342.55535529,0.00574622
342.76758462,0.00281660
342.97983003,0.00314211
343.19209151,0.00585472
343.40436906,0.00097202
343.61666268,0.00390164
343.82897235,-0.00217461
344.04129809,0.00455267
344.25363988,0.00010398
344.46599772,0.00498669
344.67837161,0.00650575
344.89076154,0.01008640
345.10316751,0.00319636
345.31558952,0.00314211
345.52802756,0.00287085
345.74048163,0.00639724
345.95295173,0.00558346
346.16543784,0.00184006
346.37793998,0.00205706
346.59045813,0.00563771
346.80299228,0.00596323
347.01554245,0.00108052
347.22810862,0.01339578
347.44069079,0.00628874
347.65328895,0.01339578
347.86590310,0.00118903
348.07853325,0.00932687
348.29117938,0.00889285
348.50384148,0.00618024
348.71651957,0.00042950
348.92921363,0.00420003
349.14192366,0.00910986
349.35464966,0.00379314
349.56739161,0.00656000
349.78014953,0.00140604
349.99292340,0.00129753
350.20571322,0.00368463
350.41851899,0.00303360
350.63134071,0.00520369
350.84417836,0.01095443
351.05703196,-0.00011303
351.26990148,0.00618024
351.48278693,0.00693977
351.69568831,0.00395589
351.90860561,-0.00163209
352.12153883,0.00352187
352.33448796,0.00618024
352.54745301,0.00618024
352.76043396,0.04258349
352.97343081,0.00965238
353.18644357,0.00194856
353.39947222,0.00015824
353.61251676,0.00276234
353.82557719,0.00371176
354.03865351,0.00471542
354.25174570,0.00683126
354.46485378,0.00154167
354.67797773,0.00352187
354.89111754,0.00240970
355.10427323,0.01133420
355.31744478,0.00921836
355.53063218,0.00628874
355.74383545,0.00040237
355.95705456,0.00607173
356.17028952,-0.00076405
356.38354033,0.01231074
356.59680697,0.01437232
356.81008946,0.00075501
357.02338777,0.00916411
357.23670192,0.00438991
357.45003189,0.00059225
357.66337769,0.00200281
357.87673930,0.00327774
358.09011673,0.00379314
358.30350996,-0.00049279
358.51691901,0.00997789
358.73034386,0.00357613
358.94378451,0.00064651
359.15724095,0.00449842
359.37071319,0.00927261
359.58420122,0.00672276
359.79770503,0.00097202
360.01122463,0.00536645
360.22476000,0.00411865
360.43831115,-0.00054704
360.65187806,0.00628874
360.86546075,0.01171396
361.07905919,0.00498669
361.29267340,0.00064651
361.50630336,0.01182247
361.71994907,0.00585472
361.93361053,0.00118903
362.14728774,0.00653287
362.36098069,0.00140604
362.57468937,0.00097202
362.78841379,0.00178580
363.00215394,0.00433566
363.21590981,0.00986939
363.42968141,0.00382026
363.64346873,0.00525795
363.85727176,0.00270809
364.07109050,0.00666851
364.28492495,-0.00065555
364.49877510,0.00563771
364.71264096,0.00457979
364.92652251,0.00544783
365.14041975,0.00707540
365.35433268,0.00536645
365.56826130,0.00780780
365.78220560,0.01312452
365.99616558,0.00498669
366.21014124,0.00325061
366.42413256,-0.00193048
366.63813955,0.00140604
366.85216221,0.00569196
367.06620052,-0.00043854
367.28025449,0.00308786
367.49432411,0.00542070
367.70840938,0.00075501
367.92251030,0.00607173
368.13662686,0.00390164
368.35075905,0.00325061
368.56490688,0.00699402
368.77907034,0.01214798
368.99324943,0.00135179
369.20744414,0.00140604
369.42165446,0.00542070
369.63588041,0.00368463
369.85012196,0.00476968
370.06437912,0.00487818
370.27865189,0.00569196
370.49294026,0.00704827
370.70724422,0.00110765
370.92156378,0.00531220
371.13589893,0.00064651
371.35024966,0.00428141
371.56461598,0.00390164
371.77899788,0.00059225
371.99339534,0.00742804
372.20780838,0.00284372
372.42223699,-0.00087256
372.63668116,0.00498669
372.85114090,0.00097202
373.06561618,0.00742804
373.28010703,0.00259959
373.49461342,0.00460692
373.70913535,0.00612598
373.92367283,0.00457979
374.13822584,0.00238258
374.35279439,0.00862159
374.56737847,0.00748229
374.78197808,0.00013111
374.99659321,0.00015824
375.21122386,0.00498669
375.42587002,0.00379314
375.64053170,0.00867584
375.85520888,0.00986939
376.06990157,0.00205706
376.28460976,0.00726528
376.49933345,0.00276234
376.71407263,0.00371176
376.92882731,0.00433566
377.14359746,0.00501381
377.35838311,0.00683126
377.57318422,0.00976088
377.78800082,0.00542070
378.00283289,0.00818757
378.21768042,0.00227407
378.43254342,0.00737378
378.64742188,0.00211132
378.86231579,0.00856733
379.07722516,0.00335912
379.29214998,0.00297935
379.50709024,0.00921836
379.72204595,0.00916411
379.93701709,0.00487818
380.15200367,0.00384739
380.36700568,0.00542070
380.58202311,0.00232833
380.79705597,0.00862159
381.01210425,0.00151454
381.22716795,0.00623449
381.44224706,0.00249108
381.65734157,0.01106294
381.87245150,0.00802481
382.08757682,0.00672276
382.30271754,0.00976088
382.51787365,0.00368463
382.73304516,0.00281660
382.94823205,0.00270809
383.16343433,0.00542070
383.37865198,0.00916411
383.59388501,0.00807906
383.80913341,0.00520369
384.02439718,-0.00106244
384.23967631,0.00444416
384.45497081,0.00873009
384.67028066,0.00726528
384.88560586,0.00729241
385.10094642,0.00382026
385.31630232,0.00140604
385.53167356,0.00379314
385.74706014,0.00954387
385.96246206,0.00859446
386.17787931,0.00775355
386.39331188,0.00449842
386.60875978,0.00433566
386.82422300,0.00970663
387.03970154,0.00471542
387.25519539,0.00718390
387.47070454,0.00688551
387.68622901,0.00856733
387.90176877,0.00731953
388.11732383,0.00558346
388.33289419,0.01165971
388.54847984,0.00631587
388.76408077,0.00748229
388.97969699,0.00558346
389.19532849,0.00878434
389.41097526,0.01171396
389.62663730,0.00232833
389.84231462,0.00574622
390.05800720,0.00948962
390.27371504,0.00791631
390.48943813,0.00363038
390.70517648,0.00292510
390.92093008,0.00710252
391.13669893,0.00379314
391.35248302,0.00466117
391.56828235,0.00786205
391.78409691,0.00775355
391.99992671,0.01019490
392.21577173,0.00821469
392.43163198,0.01163259
392.64750745,0.00976088
392.86339813,0.01019490
393.07930403,0.00693977
393.29522514,0.01334153
393.51116145,0.01171396
393.72711297,0.01138845
393.94307968,0.00504094
394.15906159,0.00311498
394.37505869,0.01513186
394.59107097,0.00824182
394.80709844,0.00498669
395.02314109,0.00476968
395.23919892,0.01095443
395.45527192,0.00900135
395.67136009,0.00536645
395.88746342,0.00536645
396.10358191,0.00645150
396.31971556,0.00574622
396.53586437,0.00628874
396.75202832,0.01057467
396.96820743,0.01014065
397.18440167,0.01022203
397.40061106,0.00786205
397.61683558,0.01022203
397.83307523,0.00791631
398.04933001,0.00921836
398.26559992,0.00818757
398.48188494,0.01030341
398.69818509,0.01035766
398.91450034,0.01171396
399.13083071,0.00623449
399.34717618,0.01171396
399.56353676,0.00769930
399.77991243,0.00661425
399.99630320,0.00471542
400.21270906,0.01236499
400.42913001,0.00742804
400.64556604,0.00932687
400.86201715,0.00856733
401.07848334,0.01095443
401.29496460,0.01046616
401.51146093,0.00921836
401.72797232,0.00742804
401.94449878,0.00498669
402.16104030,0.00791631
402.37759687,0.01182247
402.59416849,0.00661425
402.81075515,0.01410106
403.02735686,0.01350429
403.24397361,0.00976088
403.46060540,0.01252775
403.67725222,0.01214798
403.89391407,0.01399256
404.11059094,0.00921836
404.32728283,0.00471542
404.54398974,0.00753654
404.76071167,0.00775355
404.97744860,0.00281660
405.19420054,0.00715678
405.41096749,0.01084593
405.62774943,0.01068317
405.84454637,0.01399256
406.06135830,0.01073742
406.27818521,0.00948962
406.49502712,0.00916411
406.71188400,0.00726528
406.92875586,0.00843170
407.14564269,0.01760033
407.36254449,0.00862159
407.57946126,0.00737378
407.79639299,0.01513186
408.01333968,0.00704827
408.23030132,0.01220223
408.44727792,0.01030341
408.66426946,0.00824182
408.88127594,0.01518611
409.09829737,0.01426382
409.31533373,0.00813332
409.53238502,0.01507760
409.74945125,0.01301602
409.96653239,0.01073742
410.18362846,0.01247350
410.40073945,0.00596323
410.61786535,0.00818757
410.83500616,0.00856733
411.05216188,0.01741045
411.26933250,0.00900135
411.48651803,0.00965238
411.70371844,0.01236499
411.92093375,0.00986939
412.13816395,0.01713919
412.35540903,0.01686793
412.57266899,0.01448083
412.78994383,0.01393831
413.00723355,0.02126236
413.22453813,0.01339578
413.44185758,0.01456221
413.65919189,0.01193097
413.87654106,0.01941778
414.09390509,0.01610840
414.31128396,0.01393831
414.52867769,0.01534886
414.74608626,0.01909227
414.96350966,0.01724769
415.18094791,0.01239212
415.39840099,0.01350429
415.61586890,0.01838699
415.83335163,0.01301602
416.05084918,0.01594564
416.26836156,0.01822423
416.48588875,0.01947204
416.70343074,0.01822423
416.92098755,0.01220223
417.13855916,0.01811573
417.35614557,0.01079168
417.57374677,0.01800722
417.79136277,0.01258200
418.00899355,0.01176822
418.22663913,0.01377555
418.44429948,0.00976088
418.66197461,0.01681368
418.87966451,0.01279901
419.09736918,0.01203948
419.31508862,0.01369417
419.53282283,0.01562013
419.75057179,0.00753654
419.96833550,0.01000502
420.18611397,0.01041191
420.40390719,0.01681368
420.62171515,0.01524036
420.83953785,0.01214798
421.05737529,0.01578288
421.27522746,0.02430049
421.49309437,0.01388405
421.71097599,0.01816998
421.92887234,0.01209373
422.14678341,0.02050283
422.36470920,0.01806148
422.58264969,0.01334153
422.80060489,0.01410106
423.01857480,0.01616265
423.23655940,0.01551162
423.45455870,0.01410106
423.67257270,0.00889285
423.89060138,0.00856733
424.10864475,0.01008640
424.32670280,0.01195810
424.54477553,0.01404681
424.76286293,0.01556587
424.98096500,0.01529461
425.19908174,0.01627115
425.41721315,0.01030341
425.63535921,0.01496910
425.85351993,0.01659667
426.07169530,0.01456221
426.28988531,0.01681368
426.50808998,0.02028582
426.72630928,0.01670517
426.94454322,0.01282614
427.16279180,0.01290751
427.38105500,0.01648816
427.59933283,0.02359521
427.81762529,0.01138845
428.03593236,0.01491485
428.25425405,0.01757321
428.47259035,0.01586426
428.69094125,0.01578288
428.90930676,0.01252775
429.12768688,0.01496910
429.34608158,0.01209373
429.56449089,0.01925503
429.78291478,0.01692218
430.00135325,0.01317877
430.21980631,0.01152408
430.43827395,0.02137086
430.65675616,0.00878434
430.87525294,0.01073742
431.09376429,0.01307027
431.31229020,0.01534886
431.53083067,0.01220223
431.74938570,0.01399256
431.96795528,0.01317877
432.18653941,0.01220223
432.40513808,0.01599989
432.62375130,0.02755562
432.84237905,0.00927261
433.06102134,0.01138845
433.27967815,0.01453508
433.49834950,0.01692218
433.71703536,0.01681368
433.93573575,0.01507760
434.15445065,0.02142512
434.37318007,0.01540312
434.59192399,0.01355854
434.81068241,0.01084593
435.02945534,0.01681368
435.24824276,0.01670517
435.46704468,0.00672276
435.68586109,0.01616265
435.90469198,0.01586426
436.12353735,0.01659667
436.34239721,0.01578288
436.56127153,0.01578288
436.78016033,0.01171396
436.99906360,0.01811573
437.21798133,0.01247350
437.43691352,0.01838699
437.65586017,0.02288993
437.87482127,0.01513186
438.09379682,0.01361279
438.31278681,0.01355854
438.53179125,0.01399256
438.75081012,0.01730195
438.96984343,0.01290751
439.18889117,0.01703068
439.40795333,0.01811573
439.62702992,0.01637966
439.84612093,0.01127995
440.06522636,0.01149696
440.28434619,0.01670517
440.50348044,0.01301602
440.72262909,0.01713919
440.94179214,0.01543024
441.16096958,0.02158787
441.38016143,0.02223890
441.59936766,0.01974330
441.81858828,0.01844124
442.03782328,0.01795297
442.25707266,0.01312452
442.47633641,0.01377555
442.69561454,0.01496910
442.91490703,0.01171396
443.13421389,0.01806148
443.35353511,0.02028582
443.57287068,0.02695885
443.79222061,0.01749183
444.01158489,0.02006881
444.23096351,0.02337820
444.45035648,0.01543024
444.66976378,0.01214798
444.88918542,0.01627115
445.10862139,0.01963479
445.32807169,0.01746470
445.54753631,0.02120811
445.76701525,0.02397497
445.98650851,0.01716631
446.20601607,0.01540312
446.42553795,0.01779022
446.64507413,0.01985180
446.86462462,0.02446324
447.08418940,0.01713919
447.30376848,0.01209373
447.52336184,0.01990605
447.74296949,0.01073742
447.96259143,0.01741045
448.18222765,0.01637966
448.40187814,0.01453508
448.62154290,0.01703068
448.84122193,0.01605414
449.06091522,0.01469784
449.28062278,0.01990605
449.50034459,0.01562013
449.72008066,0.01814286
449.93983098,0.02348670
450.15959554,0.01586426
450.37937434,0.01334153
450.59916739,0.01627115
450.81897466,0.01844124
451.03879617,0.06045961
451.25863191,0.01703068
451.47848187,0.01659667
451.69834605,0.01442658
451.91822445,0.01716631
452.13811706,0.01643391
452.35802388,0.01947204
452.57794490,0.01475209
452.79788013,0.01670517
453.01782956,0.01388405
453.23779317,0.01898377
453.45777098,0.01507760
453.67776298,0.01724769
453.89776916,0.01909227
454.11778952,0.01779022
454.33782406,0.01499622
454.55787276,0.02402922
454.77793564,0.01827849
454.99801268,0.01854975
455.21810388,0.01543024
455.43820924,0.02364946
455.65832876,0.02522277
455.87846242,0.02454462
456.09861023,0.01963479
456.31877218,0.02484301
456.53894827,0.01860400
456.75913850,0.02034007
456.97934286,0.01713919
457.19956135,0.01713919
457.41979396,0.01865825
457.64004069,0.02310694
457.86030154,0.01803435
458.08057650,0.01627115
458.30086557,0.01811573
458.52116874,0.02484301
458.74148602,0.01974330
458.96181740,0.02071984
459.18216287,0.02462600
459.40252243,0.01909227
459.62289608,0.01844124
459.84328382,0.02213040
460.06368563,0.02581955
460.28410152,0.02288993
460.50453148,0.02671471
460.72497551,0.02305268
460.94543361,0.02280855
461.16590577,0.02636207
461.38639198,0.02278142
461.60689225,0.01898377
461.82740657,0.02625357
462.04793494,0.02685034
462.26847735,0.01854975
462.48903380,0.01757321
462.70960428,0.02288993
462.93018880,0.01784447
463.15078734,0.02408348
463.37139991,0.02506002
463.59202650,0.02229315
463.81266711,0.01974330
464.03332173,0.02468025
464.25399036,0.02343245
464.47467300,0.02842366
464.69536964,0.02299843
464.91608028,0.02055708
465.13680491,0.02321544
465.35754354,0.02150649
465.57829615,0.02137086
465.79906274,0.02280855
466.01984332,0.02169638
466.24063787,0.02647057
466.46144640,0.03352337
466.68226889,0.02647057
466.90310535,0.01958054
467.12395578,0.02137086
467.34482016,0.02288993
467.56569849,0.02261867
467.78659078,0.01887526
468.00749701,0.02137086
468.22841719,0.02126236
468.44935130,0.02473450
468.67029935,0.01811573
468.89126134,0.01768171
469.11223725,0.02050283
469.33322709,0.01909227
469.55423085,0.02034007
469.77524852,0.02364946
469.99628011,0.02392072
470.21732561,0.02554829
470.43838502,0.02294418
470.65945833,0.02316119
470.88054554,0.02034007
471.10164664,0.02451749
471.32276164,0.02055708
471.54389052,0.02218465
471.76503329,0.02375796
471.98618994,0.01920077
472.20736046,0.02541266
472.42854486,0.01898377
472.64974313,0.02061133
472.87095527,0.01985180
473.09218126,0.02107248
473.31342112,0.01627115
473.53467483,0.02126236
473.75594239,0.01648816
473.97722379,0.02695885
474.19851905,0.01963479
474.41982814,0.01816998
474.64115107,0.01751895
474.86248783,0.02424623
475.08383842,0.01903802
475.30520283,0.01629828
475.52658107,0.02408348
475.74797312,0.02082834
475.96937899,0.02137086
476.19079867,0.01524036
476.41223216,0.01496910
476.63367944,0.01784447
476.85514053,0.01621690
477.07661542,0.01540312
477.29810409,0.01543024
477.51960656,0.01789872
477.74112281,0.02061133
477.96265284,0.01659667
478.18419664,0.01909227
478.40575422,0.02082834
478.62732557,0.02332394
478.84891069,0.02549403
479.07050957,0.02587380
479.29212221,0.01673230
479.51374860,0.01979755
479.73538875,0.02316119
479.95704264,0.02478876
480.17871027,0.01822423
480.40039165,0.01692218
480.62208676,0.01882101
480.84379561,0.02207614
481.06551819,0.01458933
481.28725449,0.02039432
481.50900451,0.01909227
481.73076825,0.02202189
481.95254571,0.02506002
482.17433688,0.01583713
482.39614175,0.02359521
482.61796033,0.02267292
482.83979260,0.01361279
483.06163858,0.01391118
483.28349824,0.01773596
483.50537160,0.01760033
483.72725864,0.01789872
483.94915936,0.01271763
484.17107375,0.02240166
484.39300183,0.01420957
484.61494357,0.01654241
484.83689898,0.01420957
485.05886805,0.01890239
485.28085078,0.01518611
485.50284716,0.01708494
485.72485720,0.01480634
485.94688089,0.01431807
486.16891822,0.01350429
486.39096919,0.01583713
486.61303380,0.01496910
486.83511204,0.01279901
487.05720391,0.01543024
487.27930941,0.01513186
487.50142853,0.00948962
487.72356126,0.01293464
487.94570762,0.01377555
488.16786758,0.01312452
488.39004115,0.01410106
488.61222833,0.01062892
488.83442910,0.01920077
489.05664347,0.02158787
489.27887144,0.01616265
489.50111299,0.01496910
489.72336813,0.02044858
489.94563685,0.02763700
490.16791915,0.02099110
490.39021502,0.02495151
490.61252446,0.02202189
490.83484747,0.03192293
491.05718404,0.02484301
491.27953418,0.02902043
491.50189786,0.02994272
491.72427510,0.02988847
491.94666589,0.02782688
492.16907023,0.03113627
492.39148810,0.02891193
492.61391951,0.02929169
492.83636446,0.02619931
493.05882293,0.02495151
493.28129494,0.02788113
493.50378046,0.02500576
493.72627950,0.02435474
493.94879206,0.01871250
494.17131813,0.02636207
494.39385771,0.02044858
494.61641079,0.01985180
494.83897737,0.02619931
495.06155745,0.01979755
495.28415102,0.02278142
495.50675808,0.01529461
495.72937863,0.01816998
495.95201266,0.01930928
496.17466017,0.01708494
496.39732115,0.01496910
496.61999560,0.02191339
496.84268352,0.02424623
497.06538491,0.02411060
497.28809975,0.02468025
497.51082805,0.02294418
497.73356980,0.02728436
497.95632500,0.02150649
498.17909365,0.03081075
498.40187573,0.02988847
498.62467126,0.03401164
498.84748022,0.03770079
499.07030261,0.03167879
499.29313842,0.03178730
499.51598766,0.03167879
499.73885032,0.03444566
499.96172639,0.03504243
500.18461588,0.03355049
500.40751877,0.04171546
500.63043507,0.04339728
500.85336476,0.03886721
501.07630786,0.03802630
501.29926435,0.04958203
501.52223423,0.03932836
501.74521749,0.04545886
501.96821414,0.04068466
502.19122417,0.04735769
502.41424757,0.04469933
502.63728434,0.04659816
502.86033448,0.04469933
503.08339798,0.04790021
503.30647484,0.04157983
503.52956506,0.04190534
503.75266864,0.04103730
503.97578556,0.04719493
504.19891582,0.04258349
504.42205943,0.04220373
504.64521638,0.03721252
504.86838666,0.04117293
505.09157027,0.03449991
505.31476721,0.03965387
505.53797747,0.03886721
505.76120105,0.03704976
505.98443795,0.03102776
506.20768816,0.02755562
506.43095168,0.03569346
506.65422850,0.02994272
506.87751863,0.03086501
507.10082205,0.02983421
507.32413876,0.03292659
507.54746877,0.03688701
507.77081206,0.03015973
507.99416863,0.03037674
508.21753849,0.02885767
508.44092162,0.03656149
508.66431802,0.03363187
508.88772768,0.03471692
509.11115062,0.02923744
509.33458681,0.03303510
509.55803626,0.03756516
509.78149896,0.03091926
510.00497491,0.03181442
510.22846411,0.03162454
510.45196655,0.03449991
510.67548223,0.03748378
510.89901114,0.03344199
511.12255328,0.03791780
511.34610865,0.03390313
511.56967725,0.03040386
511.79325906,0.03688701
512.01685409,0.03981663
512.24046234,0.03390313
512.46408379,0.03449991
512.68771845,0.03015973
512.91136631,0.03607322
513.13502736,0.02657908
513.35870161,0.02701310
513.58238905,0.04098305
513.80608968,0.03379463
514.02980349,0.03211281
514.25353048,0.03015973
514.47727065,0.03574771
514.70102398,0.03504243
514.92479049,0.03227557
515.14857016,0.02853216
515.37236299,0.03395738
515.59616898,0.02343245
515.81998812,0.02869492
516.04382041,0.02975284
516.26766585,0.02717585
516.49152443,0.03148891
516.71539615,0.02972571
516.93928100,0.02630782
517.16317899,0.03146178
517.38709010,0.03254683
517.61101433,0.03200430
517.83495169,0.02592805
518.05890216,0.03026823
518.28286575,0.02866779
518.50684245,0.03048524
518.73083225,0.03314360
518.95483515,0.02685034
519.17885115,0.02983421
519.40288024,0.03075650
519.62692243,0.02628069
519.85097770,0.02435474
520.07504606,0.02950870
520.29912749,0.02701310
520.52322201,0.03010548
520.74732959,0.02714873
520.97145024,0.02972571
521.19558396,0.02609081
521.41973074,0.02956295
521.64389057,0.02451749
521.86806346,0.02316119
522.09224940,0.02478876
522.31644839,0.02126236
522.54066042,0.02712160
522.76488549,0.02397497
522.98912359,0.02798964
523.21337473,0.02652483
523.43763889,0.03015973
523.66191608,0.02343245
523.88620629,0.02750137
524.11050951,0.03005122
524.33482575,0.02845078
524.55915500,0.02288993
524.78349725,0.02750137
525.00785250,0.02519565
525.23222076,0.03018685
525.45660201,0.02671471
525.68099625,0.02815239
525.90540347,0.02809814
526.12982368,0.02771838
526.35425688,0.02609081
526.57870304,0.02538553
526.80316218,0.02506002
527.02763429,0.02723011
527.25211936,0.02506002
527.47661740,0.02386647
527.70112839,0.02316119
527.92565234,0.02538553
528.15018924,0.02310694
528.37473908,0.01996031
528.59930187,0.01811573
528.82387760,0.02207614
529.04846626,0.02223890
529.27306785,0.02039432
529.49768238,0.02549403
529.72230982,0.02522277
529.94695019,0.02440899
530.17160348,0.02017731
530.39626968,0.02940020
530.62094879,0.02777263
530.84564080,0.02956295
531.07034572,0.03119052
531.29506354,0.02929169
531.51979425,0.03102776
531.74453785,0.02755562
531.96929434,0.02793539
532.19406372,0.03808056
532.41884597,0.03498818
532.64364110,0.02983421
532.86844911,0.03699551
533.09326998,0.03157029
533.31810372,0.03596472
533.54295032,0.02950870
533.76780978,0.03254683
533.99268209,0.03591047
534.21756726,0.03867733
534.44246527,0.03813481
534.66737613,0.04046765
534.89229982,0.03669712
535.11723635,0.04399405
535.34218572,0.03672425
535.56714791,0.03732102
535.79212292,0.03913847
536.01711076,0.03167879
536.24211142,0.04128144
536.46712489,0.04231223
536.69215117,0.03873158
536.91719025,0.03449991
537.14224214,0.03591047
537.36730683,0.03997938
537.59238431,0.03973525
537.81747459,0.03710402
538.04257765,0.03482542
538.26769350,0.03713114
538.49282213,0.03919273
538.71796353,0.03710402
538.94311771,0.04133569
539.16828466,0.03721252
539.39346438,0.03851457
539.61865685,0.03905710
539.84386209,0.04231223
540.06908008,0.03791780
540.29431082,0.03732102
540.51955431,0.03954537
540.74481054,0.04057616
540.97007951,0.04155270
541.19536122,0.04356003
541.42065566,0.04372279
541.64596283,0.04057616
541.87128272,0.04681517
542.09661534,0.04469933
542.32196068,0.04884963
542.54731873,0.05224039
542.77268948,0.04784596
542.99807295,0.04502484
543.22346912,0.04833423
543.44887799,0.04817147
543.67429955,0.05294567
543.89973381,0.04632690
544.12518076,0.04838848
544.35064039,0.04884963
544.57611270,0.04958203
544.80159769,0.04838848
545.02709535,0.05405784
545.25260568,0.05072133
545.47812868,0.04681517
545.70366434,0.05007030
545.92921266,0.04971766
546.15477363,0.04809009
546.38034726,0.04407543
546.60593353,0.04833423
546.83153245,0.04545886
547.05714401,0.03726677
547.28276820,0.04686942
547.50840503,0.04516047
547.73405449,0.04724919
547.95971657,0.04681517
548.18539128,0.05468174
548.41107860,0.05093834
548.63677854,0.05348819
548.86249109,0.05441048
549.08821624,0.06130052
549.31395400,0.06341635
549.53970436,0.05788263
549.76546732,0.05940169
549.99124286,0.05744861
550.21703100,0.06195154
550.44283172,0.05305418
550.66864502,0.05809963
550.89447090,0.05717735
551.12030936,0.06808205
551.34616038,0.06086650
551.57202397,0.06005272
551.79790013,0.06298234
552.02378884,0.06547794
552.24969011,0.06303659
552.47560393,0.06482691
552.70153030,0.06314509
552.92746921,0.06357911
553.15342067,0.06360624
553.37938466,0.06303659
553.60536118,0.07166270
553.83135024,0.06173453
554.05735182,0.06629172
554.28336592,0.06439289
554.50939254,0.06721401
554.73543167,0.06867882
554.96148332,0.06314509
555.18754748,0.06423014
555.41362413,0.07057765
555.63971329,0.06531518
555.86581495,0.06878733
556.09192909,0.06791929
556.31805573,0.06650873
556.54419485,0.07480933
556.77034646,0.07445669
556.99651054,0.06954686
557.22268709,0.07334452
557.44887612,0.07106592
557.67507761,0.07296475
557.90129157,0.07209671
558.12751799,0.06439289
558.35375686,0.07095742
558.58000818,0.06444715
558.80627196,0.06878733
559.03254817,0.07619276
559.25883683,0.07209671
559.48513793,0.07790170
559.71145146,0.08392370
559.93777742,0.08191637
560.16411580,0.08400508
560.39046661,0.08093983
560.61682984,0.07508059
560.84320548,0.08631080
561.06959353,0.08788412
561.29599400,0.08348969
561.52240686,0.08799262
561.74883213,0.08766711
561.97526979,0.08479174
562.20171985,0.08907767
562.42818230,0.09238705
562.65465713,0.08907767
562.88114434,0.08820963
563.10764393,0.09119350
563.33415590,0.09222430
563.56068024,0.10047064
563.78721694,0.08842664
564.01376601,0.09851756
564.24032744,0.09390612
564.46690122,0.09906008
564.69348736,0.09699849
564.92008585,0.10038926
565.14669668,0.09716125
565.37331985,0.10649264
565.59995536,0.09461140
565.82660320,0.09949410
566.05326338,0.10307475
566.27993588,0.09943985
566.50662070,0.09146477
566.73331785,0.09135626
566.96002731,0.09292958
567.18674908,0.09330934
567.41348316,0.08983720
567.64022954,0.09499116
567.86698822,0.09764952
568.09375920,0.08614805
568.32054248,0.09037972
568.54733804,0.08875215
568.77414589,0.08408646
569.00096603,0.09743251
569.22779844,0.09222430
569.45464313,0.09434013
569.68150008,0.08896916
569.90836931,0.08452048
570.13525080,0.08810113
570.36214455,0.09051535
570.58905055,0.08240464
570.81596881,0.09124776
571.04289932,0.09195304
571.26984207,0.09168177
571.49679707,0.08603954
571.72376430,0.08934893
571.95074377,0.08848089
572.17773547,0.08745010
572.40473940,0.07963778
572.63175554,0.08278441
572.85878391,0.08332693
573.08582450,0.08810113
573.31287729,0.08376095
573.53994230,0.08419496
573.76701951,0.08115684
573.99410892,0.07643689
574.22121053,0.07285625
574.44832433,0.07475507
574.67545032,0.07638264
574.90258850,0.08080420
575.12973886,0.07909525
575.35690140,0.08430347
575.58407612,0.08408646
575.81126301,0.07871549
576.03846206,0.08009892
576.26567328,0.08197062
576.49289666,0.07643689
576.72013220,0.08028880
576.94737989,0.08511725
577.17463973,0.08050581
577.40191171,0.07855273
577.62919584,0.08039731
577.85649211,0.08723309
578.08380051,0.08327268
578.31112104,0.08791124
578.53845370,0.08528001
578.76579848,0.07763044
578.99315538,0.07760332
579.22052440,0.07909525
579.44790553,0.08180787
579.67529877,0.07464657
579.90270412,0.07980053
580.13012157,0.08224188
580.35755111,0.07334452
580.58499275,0.07963778
580.81244648,0.08226901
581.03991229,0.07920376
581.26739019,0.07584012
581.49488017,0.07773895
581.72238223,0.07307325
581.94989635,0.07334452
582.17742255,0.07166270
582.40496080,0.06932985
582.63251112,0.07291050
582.86007350,0.07008938
583.08764793,0.07822722
583.31523441,0.07529760
583.54283294,0.07421255
583.77044351,0.07421255
583.99806611,0.07122868
584.22570076,0.07193396
584.45334743,0.07044202
584.68100613,0.07448381
584.90867686,0.07377853
585.13635960,0.06987237
585.36405437,0.07272061
585.59176114,0.07725068
585.81947993,0.07323601
586.04721072,0.07649115
586.27495351,0.07649115
586.50270830,0.07833572
586.73047508,0.07402267
586.95825386,0.07714217
587.18604462,0.08175361
587.41384737,0.07768469
587.64166209,0.08386945
587.86948879,0.08500875
588.09732747,0.08934893
588.32517811,0.09699849
588.55304072,0.08289291
588.78091529,0.09092224
589.00880181,0.09037972
589.23670029,0.08886066
589.46461072,0.08815538
589.69253310,0.08875215
589.92046742,0.08473749
590.14841368,0.08853514
590.37637187,0.09320084
590.60434200,0.08723309
590.83232405,0.09005421
591.06031803,0.08424922
591.28832393,0.08292004
591.51634174,0.08761286
591.74437147,0.08430347
591.97241311,0.08745010
592.20046665,0.08582253
592.42853210,0.09135626
592.65660944,0.08848089
592.88469868,0.08647356
593.11279981,0.08755860
593.34091283,0.09027122
593.56903773,0.09081374
593.79717452,0.08739585
594.02532317,0.08023455
594.25348370,0.08083133
594.48165610,0.08218763
594.70984037,0.08528001
594.93803650,0.08631080
595.16624448,0.08810113
595.39446432,0.08197062
595.62269601,0.08245889
595.85093954,0.08370669
596.07919492,0.07898675
596.30746214,0.08034306
596.53574120,0.08728734
596.76403208,0.08077707
596.99233480,0.08229614
597.22064934,0.08286578
597.44897570,0.07980053
597.67731387,0.08717884
597.90566386,0.07714217
598.13402567,0.08430347
598.36239927,0.08538851
598.59078468,0.08875215
598.81918189,0.09124776
599.04759090,0.08799262
599.27601169,0.09569644
599.50444427,0.09688999
599.73288864,0.09368911
599.96134479,0.09743251
600.18981271,0.09971111
600.41829241,0.09672723
600.64678387,0.08853514
600.87528711,0.10003662
601.10380210,0.09504541
601.33232885,0.10285774
601.56086736,0.10784894
601.78941762,0.11652930
602.01797962,0.12737975
602.24655337,0.13616862
602.47513886,0.14029179
602.70373608,0.14815836
602.93234504,0.14240762
603.16096572,0.15021995
603.38959813,0.14669355
603.61824226,0.14908065
603.84689811,0.14756159
604.07556567,0.14642229
604.30424495,0.14476760
604.53293593,0.14224487
604.76163861,0.14452346
604.99035299,0.14560851
605.21907907,0.15065397
605.44781683,0.15483139
605.67656629,0.16947949
605.90532743,0.17425369
606.13410025,0.17034753
606.36288475,0.18879329
606.59168093,0.20365841
606.82048877,0.20566574
607.04930828,0.21298980
607.27813945,0.22614597
607.50698227,0.21792675
607.73583676,0.22351473
607.96470289,0.21732998
608.19358067,0.21255578
608.42247010,0.21277279
608.65137117,0.20523172
608.88028387,0.21098246
609.10920820,0.21157924
609.33814417,0.20550299
609.56709176,0.20940915
609.79605097,0.22172441
610.02502180,0.23870536
610.25400424,0.22242969
610.48299830,0.23154406
610.71200396,0.21602792
610.94102122,0.21233877
611.17005008,0.23501621
611.39909054,0.21855065
611.62814260,0.21559390
611.85720624,0.21071120
612.08628146,0.20870387
612.31536827,0.20116281
612.54446665,0.20354991
612.77357661,0.19579183
613.00269813,0.19465254
613.23183122,0.18361220
613.46097588,0.18032994
613.69013210,0.17143258
613.91929986,0.17479622
614.14847919,0.16036512
614.37767005,0.15182039
614.60687247,0.14737170
614.83608642,0.13882698
615.06531191,0.13779618
615.29454894,0.13692815
615.52379749,0.13991202
615.75305757,0.14327566
615.98232917,0.13747067
616.21161229,0.13492081
616.44090692,0.13969501
616.67021306,0.14029179
616.89953072,0.14522874
617.12885987,0.14370968
617.35820053,0.14582552
617.58755268,0.14430645
617.81691632,0.14183798
618.04629145,0.13725366
618.27567807,0.13893548
618.50507617,0.12784090
618.73448574,0.12862755
618.96390679,0.12596919
619.19333932,0.12618620
619.42278330,0.11620379
619.65223875,0.10784894
619.88170566,0.10372577
620.11118403,0.09303808
620.34067384,0.09450289
620.57017511,0.09615758
620.79968782,0.08603954
621.02921197,0.09138339
621.25874756,0.09065098
621.48829458,0.08877928
621.71785303,0.08734159
621.94742290,0.08441197
622.17700420,0.09084086
622.40659692,0.09699849
622.63620105,0.09146477
622.86581660,0.09287532
623.09544355,0.08137385
623.32508190,0.08587678
623.55473166,0.08902341
623.78439281,0.07502633
624.01406536,0.07876974
624.24374929,0.07817297
624.47344461,0.07133718
624.70315131,0.07209671
624.93286939,0.07084891
625.16259884,0.06824480
625.39233967,0.06699700
625.62209186,0.07687091
625.85185541,0.06786504
626.08163032,0.06694275
626.31141659,0.06965536
626.54121422,0.06943835
626.77102319,0.07204246
627.00084350,0.06591196
627.23067516,0.07258498
627.46051815,0.06794642
627.69037248,0.06607471
627.92023814,0.06330785
628.15011512,0.06211430
628.38000343,0.06206005
628.60990305,0.06531518
628.83981399,0.06829906
629.06973624,0.06900434
629.29966980,0.06889583
629.52961467,0.07323601
629.75957083,0.07687091
629.98953830,0.07659965
630.21951705,0.08690758
630.44950710,0.09439439
630.67950843,0.08842664
630.90952104,0.09027122
631.13954493,0.09189878
631.36958009,0.09341785
631.59962653,0.08772136
631.82968423,0.10632988
632.05975320,0.10931375
632.28983343,0.10958502
632.51992491,0.11067006
632.75002765,0.11316566
632.98014163,0.11674631
633.21026686,0.12217154
633.44040333,0.12808503
633.67055104,0.14251613
633.90070999,0.13280498
634.13088016,0.12824779
634.36106156,0.13220820
634.59125418,0.13242521
634.82145802,0.13649413
635.05167308,0.14075293
635.28189935,0.14463197
635.51213683,0.14099707
635.74238551,0.13478518
635.97264540,0.14419795
636.20291648,0.14034604
636.43319875,0.14403519
636.66349222,0.14691056
636.89379687,0.15059971
637.12411270,0.14842962
637.35443971,0.15344796
637.58477790,0.15830353
637.81512726,0.16817744
638.04548778,0.16394577
638.27585947,0.16589885
638.50624232,0.16828595
638.73663633,0.17598976
638.96704149,0.16937099
639.19745779,0.16953375
639.42788525,0.16616470
639.65832384,0.16860593
639.88877358,0.16117213
640.11923445,0.16495037
640.34970644,0.16737172
640.58018957,0.16557064
640.81068382,0.15950802
641.04118919,0.16693229
641.27170567,0.16500735
641.50223327,0.16670829
641.73277198,0.16220462
641.96332179,0.16466813
642.19388270,0.15467015
642.42445471,0.15304672
642.65503781,0.15918598
642.88563200,0.15363739
643.11623728,0.14826907
643.34685365,0.15049987
643.57748109,0.15770914
643.80811960,0.15489388
644.03876919,0.15078698
644.26942985,0.16057868
644.50010157,0.15871009
644.73078435,0.14925785
644.96147819,0.15538840
645.19218308,0.15051348
645.42289902,0.15243278
645.65362601,0.15518889
645.88436404,0.14513942
646.11511310,0.14220215
646.34587321,0.14640129
646.57664434,0.13540415
646.80742650,0.13784982
647.03821969,0.13084559
647.26902389,0.14129923
647.49983911,0.12636032
647.73066534,0.13042830
647.96150259,0.13512731
648.19235083,0.14144527
648.42321008,0.13161559
648.65408033,0.13061048
648.88496157,0.13715556
649.11585380,0.13542917
649.34675702,0.12642924
649.57767122,0.12740345
649.80859640,0.12370065
650.03953256,0.12242232
650.27047969,0.11683774
650.50143778,0.12368017
650.73240684,0.12596553
650.96338687,0.12847254
651.19437785,0.13743189
651.42537978,0.14262234
651.65639266,0.13145726
651.88741649,0.13759696
652.11845126,0.14060493
652.34949697,0.14225470
652.58055362,0.13775874
652.81162119,0.13400084
653.04269970,0.14007175
653.27378913,0.13729562
653.50488948,0.14144438
653.73600074,0.16037738
653.96712292,0.14261300
654.19825601,0.14775305
654.42940000,0.15269700
654.66055490,0.15047151
654.89172069,0.15744394
655.12289738,0.15121931
655.35408496,0.15627820
655.58528342,0.15672848
655.81649277,0.14938847
656.04771300,0.16246526
656.27894411,0.15667807
656.51018608,0.16376055
656.74143893,0.16283161
656.97270264,0.16226796
657.20397721,0.16127611
657.43526264,0.16128082
657.66655893,0.16537060
657.89786606,0.16124293
658.12918404,0.16644551
658.36051286,0.17037466
658.59185253,0.16985926
658.82320303,0.16947949
659.05456435,0.16861146
659.28593651,0.17311440
659.51731949,0.17897364
659.74871330,0.17848537
659.98011792,0.17479622
660.21153335,0.17099856
660.44295959,0.17121557
660.67439664,0.17523023
660.90584449,0.17702056
661.13730314,0.16920823
661.36877259,0.18130648
661.60025282,0.17794285
661.83174384,0.17767158
662.06324565,0.17387393
662.29475824,0.18027569
662.52628160,0.17501322
662.75781573,0.17419944
662.98936064,0.17164958
663.22091631,0.17419944
663.45248274,0.17685780
663.68405993,0.17457921
663.91564787,0.17468771
664.14724657,0.17306014
664.37885601,0.17078155
664.61047619,0.17571850
664.84210712,0.16568184
665.07374878,0.17349416
665.30540117,0.17723757
665.53706429,0.16882847
665.76873813,0.16286072
666.00042270,0.16785193
666.23211798,0.17322290
666.46382398,0.16752641
666.69554069,0.16777055
666.92726810,0.17164958
667.15900621,0.17479622
667.39075503,0.16763492
667.62251454,0.16654987
667.85428474,0.17148683
668.08606563,0.16915398
668.31785720,0.16161292
668.54965945,0.15363784
668.78147238,0.15993110
669.01329599,0.14620528
669.24513026,0.14094281
669.47697520,0.13866422
669.70883080,0.14072580
669.94069705,0.14278739
670.17257397,0.14278739
670.40446153,0.14712757
670.63635974,0.14061730
670.86826860,0.14235337
671.10018809,0.14571701
671.33211822,0.15011144
671.56405898,0.15195602
671.79601037,0.15971409
672.02797239,0.16676688
672.25994503,0.16579034
672.49192828,0.18445311
672.72392215,0.18461587
672.95592663,0.19736515
673.18794172,0.20458070
673.41996741,0.19655137
673.65200370,0.20913789
673.88405058,0.20835123
674.11610806,0.21239302
674.34817612,0.21255578
674.58025477,0.22167016
674.81234400,0.22112763
675.04444381,0.21461736
675.27655419,0.21239302
675.50867513,0.21418335
675.74080665,0.20835123
675.97294873,0.20596413
676.20510136,0.20618114
676.43726455,0.19942673
676.66943830,0.21228452
676.90162259,0.20745607
677.13381742,0.21619068
677.36602279,0.21323393
677.59823870,0.22931972
677.83046515,0.22628160
678.06270212,0.23523322
678.29494962,0.22676987
678.52720764,0.22888570
678.75947617,0.22481679
678.99175522,0.22720388
679.22404479,0.22394875
679.45634486,0.21868628
679.68865543,0.20577425
679.92097650,0.21071120
680.15330807,0.20137982
680.38565013,0.19671412
680.61800268,0.19454403
680.85036571,0.19969800
681.08273922,0.19703964
681.31512321,0.20626252
681.54751768,0.19503230
681.77992262,0.19161441
682.01233802,0.19335048
682.24476388,0.18491426
682.47720020,0.18624344
682.70964698,0.18323244
682.94210421,0.18179475
683.17457189,0.17164958
683.40705001,0.16980501
683.63953858,0.17045604
683.87203758,0.16855721
684.10454701,0.16497656
684.33706687,0.16437978
684.56959716,0.15960559
684.80213787,0.16372876
685.03468900,0.16394577
685.26725054,0.16286072
685.49982249,0.17289739
685.73240485,0.16031087
685.96499762,0.16568184
686.19760078,0.16741791
686.43021434,0.16638712
686.66283829,0.17354841
686.89547264,0.18461587
687.12811736,0.19142453
687.36077247,0.18792526
687.59343796,0.18499564
687.82611382,0.18635194
688.05880005,0.17962466
688.29149665,0.18477863
688.52420361,0.18065546
688.75692093,0.18358508
688.98964860,0.18043845
689.22238663,0.18591793
689.45513500,0.18792526
689.68789372,0.18770825
689.92066278,0.18358508
690.15344218,0.18325957
690.38623191,0.17436220
690.61903197,0.18146924
690.85184236,0.18217452
691.08466307,0.18814227
691.31749410,0.18407335
691.55033544,0.19492380
691.78318709,0.20159682
692.01604906,0.20062028
692.24892132,0.20322439
692.48180389,0.21326106
692.71469675,0.21478012
692.94759991,0.21594654
693.18051335,0.22926547
693.41343708,0.22492529
693.64637109,0.22983512
693.87931538,0.23035051
694.11226995,0.23203233
694.34523478,0.25088499
694.57820988,0.25020684
694.81119525,0.23132706
695.04419087,0.24098395
695.27719676,0.23165257
695.51021289,0.23664378
695.74323927,0.23547735
695.97627590,0.24727722
696.20932276,0.24711446
696.44237987,0.26621125
696.67544721,0.27575964
696.90852478,0.29038062
697.14161257,0.29024499
697.37471059,0.28416874
697.60781883,0.29073326
697.84093728,0.29588723
698.07406595,0.28644734
698.30720482,0.28047959
698.54035389,0.28058809
698.77351317,0.28403311
699.00668264,0.28123912
699.23986231,0.29246934
699.47305217,0.29537183
699.70625221,0.29827433
699.93946243,0.30380806
700.17268284,0.30858225
700.40591342,0.31444150
700.63915416,0.32160279
700.87240508,0.31964971
701.10566616,0.33831248
701.33893740,0.36332277
701.57221879,0.37146061
701.80551034,0.36722893
702.03881204,0.37634331
702.27212388,0.36760870
702.50544587,0.36560136
702.73877799,0.35073625
702.97212024,0.36533010
703.20547263,0.34734548
703.43883514,0.35816881
703.67220778,0.34720985
703.90559054,0.35496792
704.13898341,0.34937994
704.37238639,0.34536528
704.60579948,0.34683009
704.83922268,0.36565562
705.07265598,0.34181175
705.30609937,0.33630515
705.53955286,0.33511160
705.77301643,0.34954270
706.00649010,0.34932569
706.23997384,0.37042981
706.47346767,0.36872087
706.70697157,0.36481471
706.94048554,0.35247232
707.17400958,0.35873845
707.40754368,0.36077291
707.64108785,0.37802513
707.87464207,0.39061165
708.10820634,0.39191370
708.34178066,0.39283599
708.57536503,0.41350610
708.80895944,0.40894891
709.04256389,0.43027004
709.27617837,0.42576710
709.50980288,0.42842546
709.74343742,0.42153543
709.97708198,0.43436609
710.21073657,0.43650905
710.44440117,0.43146359
710.67807578,0.41833455
710.91176040,0.40412046
711.14545502,0.39793570
711.37915965,0.41356035
711.61287427,0.41079348
711.84659889,0.40387632
712.08033350,0.37349507
712.31407809,0.38477953
712.54783267,0.36739169
712.78159723,0.37577366
713.01537176,0.38464390
713.24915626,0.37835064
713.48295073,0.37634331
713.71675517,0.36804271
713.95056956,0.36196646
714.18439392,0.36457057
714.41822822,0.35426264
714.65207248,0.36221060
714.88592668,0.37059257
715.11979083,0.38963511
715.35366491,0.39777295
715.58754893,0.40021430
715.82144288,0.41025096
716.05534675,0.42755743
716.28926055,0.42240346
716.52318427,0.44163589
716.75711791,0.43303691
716.99106146,0.43710582
717.22501491,0.42012487
717.45897828,0.41993499
717.69295154,0.39009625
717.92693470,0.38662411
718.16092776,0.37986970
718.39493071,0.38600021
718.62894354,0.36676779
718.86296626,0.36457057
719.09699886,0.37997821
719.33104133,0.38420988
719.56509367,0.38887558
719.79915588,0.40672457
720.03322796,0.40151635
720.26730990,0.41133601
720.50140170,0.40829788
720.73550335,0.41958235
720.96961484,0.40455448
721.20373619,0.39354127
721.43786738,0.38285358
721.67200841,0.37346794
721.90615927,0.37900167
722.14031996,0.38008671
722.37449048,0.36858524
722.60867083,0.36608963
722.84286099,0.34276117
723.07706098,0.33087993
723.31127077,0.32095177
723.54549038,0.32106027
723.77971979,0.31020982
724.01395900,0.31186451
724.24820801,0.31438724
724.48246681,0.30429633
724.71673541,0.29556171
724.95101379,0.29800307
725.18530196,0.30907052
725.41959990,0.30847375
725.65390763,0.29447667
725.88822512,0.29686377
726.12255238,0.29550746
726.35688941,0.29387989
726.59123620,0.28785790
726.82559275,0.28514528
727.05995905,0.27744146
727.29433510,0.28666435
727.52872090,0.27928604
727.76311644,0.27299278
727.99752172,0.27093119
728.23193674,0.27670906
728.46636149,0.27776698
728.70079596,0.26973765
728.93524016,0.26702503
729.16969408,0.26382415
729.40415772,0.27407782
729.63863107,0.27535275
729.87311413,0.26219658
730.10760690,0.26865260
730.34210937,0.25568631
730.57662153,0.25031534
730.81114340,0.24499862
731.04567495,0.25780215
731.28021619,0.25500816
731.51476712,0.24147223
731.74932772,0.22158878
731.98389800,0.21811663
732.21847796,0.21160636
732.45306758,0.20485196
732.68766687,0.18922731
732.92227582,0.18852203
733.15689443,0.17946191
733.39152269,0.17775296
733.62616060,0.17013052
733.86080816,0.16557333
734.09546537,0.16155867
734.33013221,0.16817744
734.56480869,0.16437978
734.79949480,0.16126028
735.03419054,0.17164958
735.26889590,0.16513932
735.50361089,0.16589885
735.73833549,0.15857479
735.97306970,0.16058213
736.20781353,0.16513932
736.44256696,0.16850295
736.67733000,0.17555575
736.91210263,0.17588126
737.14688486,0.17712906
737.38167668,0.17729182
737.61647809,0.18526690
737.85128908,0.19020385
738.08610965,0.19085488
738.32093980,0.19454403
738.55577953,0.19297072
738.79062882,0.19242819
739.02548768,0.20116281
739.26035610,0.18467012
739.49523407,0.19535782
739.73012161,0.18591793
739.96501869,0.19492380
740.19992532,0.20273612
740.43484150,0.19302497
740.66976721,0.18450737
740.90470246,0.18670458
741.13964724,0.17306014
741.37460156,0.17164958
741.60956539,0.15930720
741.84453875,0.15906306
742.07952163,0.15613344
742.31451402,0.14902640
742.54951592,0.13291348
742.78452733,0.13703665
743.01954823,0.13020087
743.25457864,0.12238855
743.48961855,0.12046259
743.72466795,0.11978444
743.95972683,0.11804837
744.19479520,0.12217154
744.42987305,0.11848238
744.66496038,0.11351830
744.90005718,0.11094132
745.13516345,0.10974777
745.37027918,0.11186361
745.60540438,0.11178223
745.84053904,0.11023604
746.07568315,0.10757768
746.31083672,0.12187315
746.54599973,0.10757768
746.78117218,0.10774044
747.01635408,0.12298532
747.25154541,0.12119500
747.48674617,0.12284969
747.72195637,0.11869939
747.95717599,0.12089661
748.19240503,0.11739734
748.42764349,0.13291348
748.66289136,0.12043546
748.89814864,0.12450438
749.13341533,0.12895307
749.36869143,0.12016420
749.60397692,0.12461289
749.83927181,0.12133063
750.07457609,0.12306670
750.30988976,0.12146626
750.54521282,0.11663781
750.78054526,0.12298532
751.01588707,0.12586069
751.25123826,0.11886215
751.48659882,0.12884456
751.72196874,0.13123166
751.95734803,0.12998386
752.19273667,0.12607770
752.42813467,0.12949559
752.66354203,0.12846480
752.89895873,0.12672873
753.13438477,0.12065247
753.36982016,0.11555276
753.60526488,0.11221625
753.84071893,0.12040834
754.07618232,0.11804837
754.31165503,0.12176464
754.54713706,0.12803078
754.78262841,0.13155718
755.01812908,0.13475806
755.25363905,0.13410703
755.48915834,0.14387243
755.72468693,0.15480426
755.96022481,0.14737170
756.19577200,0.15108798
756.43132847,0.16256233
756.66689424,0.15206452
756.90246929,0.15038270
757.13805362,0.15553667
757.37364723,0.14484898
757.60925011,0.14528299
757.84486227,0.15092523
758.08048369,0.14663930
758.31611437,0.14680206
758.55175432,0.14056305
758.78740352,0.12933283
759.02306197,0.13665689
759.25872967,0.12523679
759.49440661,0.12868181
759.73009279,0.12130350
759.96578822,0.11123971
760.20149287,0.10388853
760.43720676,0.11197211
760.67292987,0.10128442
760.90866220,0.09444864
761.14440375,0.08788412
761.38015452,0.08218763
761.61591450,0.08354394
761.85168368,0.08723309
762.08746207,0.08283866
762.32324967,0.08728734
762.55904645,0.07974628
762.79485243,0.08921330
763.03066760,0.08951168
763.26649196,0.08745010
763.50232549,0.08338118
763.73816821,0.10136580
763.97402010,0.10860848
764.20988116,0.11142959
764.44575138,0.11034455
764.68163077,0.11148384
764.91751932,0.11034455
765.15341703,0.11490174
765.38932389,0.11525438
765.62523989,0.11756010
765.86116505,0.12906157
766.09709934,0.13188269
766.33304277,0.12998386
766.56899533,0.13242521
766.80495703,0.12759676
767.04092785,0.14186510
767.27690779,0.13757917
767.51289685,0.14430645
767.74889503,0.13947800
767.98490232,0.13519208
768.22091872,0.13725366
768.45694422,0.13399853
768.69297882,0.12477564
768.92902252,0.13174706
769.16507532,0.12721700
769.40113720,0.12276831
769.63720817,0.12206303
769.87328822,0.13304911
770.10937735,0.13391715
770.34547555,0.13630425
770.58158282,0.13912536
770.81769917,0.14631379
771.05382457,0.13898973
771.28995904,0.14181085
771.52610256,0.15027420
771.76225513,0.14381818
771.99841676,0.15152200
772.23458743,0.15133212
772.47076714,0.15890031
772.70695589,0.15673022
772.94315367,0.15016570
773.17936048,0.14389956
773.41557632,0.14040029
773.65180118,0.14061730
773.88803507,0.13313049
774.12427796,0.13812170
774.36052987,0.12537242
774.59679079,0.12748826
774.83306072,0.12564368
775.06933964,0.12542667
775.30562756,0.12287682
775.54192448,0.13443254
775.77823038,0.13454105
776.01454527,0.12824779
776.25086914,0.12520966
776.48720200,0.12325658
776.72354382,0.11935042
776.95989462,0.13009236
777.19625439,0.12407037
777.43262312,0.11571552
777.66900081,0.11403370
777.90538746,0.12263268
778.14178306,0.11880790
778.37818761,0.11940467
778.61460110,0.11525438
778.85102354,0.10874411
779.08745492,0.10714366
779.32389523,0.10318325
779.56034447,0.10372577
779.79680263,0.09835480
780.03326972,0.09550656
780.26974574,0.09086799
780.50623066,0.08365244
780.74272450,0.08240464
780.97922725,0.08159086
781.21573890,0.09113925
781.45225946,0.08625655
781.68878891,0.08462898
781.92532726,0.09157327
782.16187449,0.09146477
782.39843061,0.08690758
782.63499562,0.08473749
782.87156950,0.07589437
783.10815226,0.07746769
783.34474390,0.06998088
783.58134440,0.07936651
783.81795376,0.07697942
784.05457199,0.07670815
784.29119907,0.07611138
784.52783500,0.09092224
784.76447979,0.08826388
785.00113342,0.09572357
785.23779589,0.08831814
785.47446720,0.09754102
785.71114735,0.09949410
785.94783633,0.10166419
786.18453413,0.10828296
786.42124076,0.11289440
786.65795621,0.10947651
786.89468048,0.11246038
787.13141355,0.11384382
787.36815544,0.11468473
787.60490613,0.10974777
787.84166563,0.10993766
788.07843392,0.10779469
788.31521101,0.11246038
788.55199688,0.10763193
788.78879155,0.10426830
789.02559499,0.10209821
789.26240722,0.10733355
789.49922822,0.09580495
789.73605800,0.10627563
789.97289654,0.10909675
790.20974385,0.10714366
790.44659991,0.10849997
790.68346474,0.10535334
790.92033832,0.11240613
791.15722065,0.11403370
791.39411172,0.11170085
791.63101154,0.11221625
791.86792010,0.10323750
792.10483739,0.10820158
792.34176341,0.10866273
792.57869817,0.10188120
792.81564164,0.09515392
793.05259384,0.09694424
793.28955475,0.09374336
793.52652438,0.09005421
793.76350271,0.09016271
794.00048975,0.08913192
794.23748550,0.08636505
794.47448994,0.08490024
794.71150307,0.08660919
794.94852490,0.08289291
795.18555541,0.08354394
795.42259461,0.09434013
795.65964249,0.08099408
795.89669904,0.08886066
796.13376427,0.09623896
796.37083816,0.08842664
796.60792072,0.08875215
796.84501194,0.09352635
797.08211182,0.09992812
797.31922035,0.10204395
797.55633753,0.10649264
797.79346336,0.10822871
798.03059784,0.11511874
798.26774095,0.11815687
798.50489270,0.10969352
798.74205307,0.11218912
798.97922208,0.11576977
799.21639971,0.11869939
799.45358597,0.11907916
799.69078084,0.11370819
799.92798432,0.12141201
800.16519641,0.12076098
800.40241711,0.12618620
800.63964641,0.11756010
800.87688431,0.12263268
801.11413080,0.11609529
801.35138589,0.12577931
801.58864956,0.11739734
801.82592182,0.10942226
802.06320266,0.11175511
802.30049207,0.11517300
802.53779006,0.11587828
802.77509661,0.12472139
803.01241173,0.13204545
803.24973542,0.13258797
803.48706766,0.14219062
803.72440845,0.15065397
803.96175780,0.15244429
804.19911569,0.15515690
804.43648213,0.15835778
804.67385710,0.15965984
804.91124061,0.15857479
805.14863266,0.15418036
805.38603323,0.16443404
805.62344232,0.16410852
805.86085994,0.16074488
806.09828608,0.15575368
806.33572073,0.15190177
806.57316388,0.14978593
806.81061555,0.14137683
807.04807572,0.13844721
807.28554438,0.14086144
807.52302155,0.13643988
807.76050720,0.12841054
807.99800134,0.11848238
808.23550397,0.12385336
808.47301507,0.12710849
808.71053466,0.11438634
808.94806271,0.11164660
809.18559924,0.11370819
809.42314423,0.10844572
809.66069769,0.09651022
809.89825960,0.09873457
810.13582996,0.09862606
810.37340878,0.09179028
810.61099605,0.08999995
810.84859175,0.08669057
811.08619590,0.08614805
811.32380849,0.08045156
811.56142950,0.07334452
811.79905895,0.07513484
812.03669682,0.07432106
812.27434311,0.06764803
812.51199782,0.07204246
812.74966095,0.06135477
812.98733248,0.05999846
813.22501242,0.05601092
813.46270077,0.05603805
813.70039751,0.05614655
813.93810265,0.05310843
814.17581618,0.04914801
814.41353810,0.04328877
814.65126841,0.04556737
814.88900709,0.05441048
815.12675415,0.06081225
815.36450959,0.04399405
815.60227339,0.04659816
815.84004556,0.05424772
816.07782610,0.04865974
816.31561499,0.04990755
816.55341224,0.05316268
816.79121784,0.04884963
817.02903178,0.04282763
817.26685407,0.03965387
817.50468470,0.04247499
817.74252367,0.04041340
817.98037097,0.03846032
818.21822660,0.03482542
818.45609055,0.03607322
818.69396283,0.03813481
818.93184342,0.04255637
819.16973233,0.03873158
819.40762955,0.04019639
819.64553508,0.03395738
819.88344891,0.03105489
820.12137104,0.03276384
820.35930146,0.02809814
820.59724018,0.02652483
820.83518719,0.02801676
821.07314248,0.02516852
821.31110605,0.02299843
821.54907790,0.01673230
821.78705802,0.01930928
822.02504642,0.02364946
822.26304308,0.01985180
822.50104800,0.02408348
822.73906118,0.02218465
822.97708262,0.02402922
823.21511231,0.02337820
823.45315024,0.02820665
823.69119643,0.02777263
823.92925085,0.03911135
824.16731351,0.04730344
824.40538440,0.04941927
824.64346352,0.05793688
824.88155087,0.06819055
825.11964643,0.08584966
825.35775022,0.09179028
825.59586222,0.09906008
825.83398244,0.10698091
826.07211086,0.11208062
826.31024748,0.12369060
826.54839231,0.13193694
826.78654533,0.13345600
827.02470654,0.14506598
827.26287594,0.14433358
827.50105353,0.14962317
827.73923930,0.14772434
827.97743325,0.16611586
828.21563537,0.16573609
828.45384566,0.16372876
828.69206412,0.16188418
828.93029074,0.16535632
829.16852552,0.17322290
829.40676846,0.17045604
829.64501954,0.18092672
829.88327878,0.17666792
830.12154616,0.18179475
830.35982168,0.19172292
830.59810534,0.19085488
830.83639714,0.20083729
831.07469706,0.18434461
831.31300511,0.18784388
831.55132128,0.19530356
831.78964557,0.18353083
832.02797798,0.17832261
832.26631849,0.17794285
832.50466712,0.17658654
832.74302384,0.18222877
832.98138867,0.17848537
833.21976160,0.17485047
833.45814262,0.17371117
833.69653172,0.17723757
833.93492892,0.16839445
834.17333419,0.17306014
834.41174755,0.16709240
834.65016897,0.16286072
834.88859847,0.15526541
835.12703604,0.15244429
835.36548167,0.15244429
835.60393535,0.14658505
835.84239710,0.13578885
836.08086690,0.12998386
836.31934474,0.12824779
836.55783063,0.12054397
836.79632456,0.11012754
837.03482653,0.10123017
837.27333654,0.09781228
837.51185457,0.09379761
837.75038063,0.09016271
837.98891471,0.08603954
838.22745681,0.07909525
838.46600693,0.07719642
838.70456506,0.07963778
838.94313120,0.07904100
839.18170534,0.07204246
839.42028748,0.07594862
839.65887762,0.07329026
839.89747575,0.08028880
840.13608187,0.07985478
840.37469598,0.07562311
840.61331807,0.08148235
840.85194814,0.08235039
841.09058618,0.08310992
841.32923220,0.09070523
841.56788618,0.09037972
841.80654812,0.09786653
842.04521803,0.10112167
842.28389589,0.09862606
842.52258171,0.10112167
842.76127547,0.09764952
842.99997718,0.09168177
843.23868683,0.09086799
843.47740442,0.09851756
843.71612994,0.09678149
843.95486339,0.10068765
844.19360477,0.09309233
844.43235408,0.09092224
844.67111130,0.09265831
844.90987644,0.09499116
845.14864949,0.09027122
845.38743045,0.08696183
845.62621931,0.08183499
845.86501608,0.08039731
846.10382074,0.08216051
846.34263329,0.08224188
846.58145374,0.07792883
846.82028207,0.08544277
847.05911828,0.08582253
847.29796238,0.08473749
847.53681435,0.08549702
847.77567419,0.08755860
848.01454189,0.08175361
848.25341746,0.07508059
848.49230090,0.08270303
848.73119218,0.07263924
848.97009133,0.07502633
849.20899832,0.07887824
849.44791315,0.08747723
849.68683583,0.09037972
849.92576635,0.09873457
850.16470470,0.09537093
850.40365088,0.10784894
850.64260489,0.11587828
850.88156673,0.12124925
851.12053638,0.13443254
851.35951385,0.13253372
851.59849913,0.14398094
851.83749222,0.15059971
852.07649311,0.16318623
852.31550181,0.17257187
852.55451830,0.18250003
852.79354259,0.19112614
853.03257467,0.19617160
853.27161453,0.20116281
853.51066218,0.21646194
853.74971761,0.21412909
853.98878081,0.21117235
854.22785178,0.21499713
854.46693053,0.22682412
854.70601703,0.22601034
854.94511130,0.24239451
855.18421332,0.25823617
855.42332310,0.24917604
855.66244063,0.26778456
855.90156590,0.25704262
856.14069892,0.26648251
856.37983967,0.25660860
856.61898816,0.25801916
856.85814438,0.25861593
857.09730833,0.26322738
857.33648000,0.25253968
857.57565939,0.26127429
857.81484650,0.25606608
858.05404132,0.26094878
858.29324385,0.24950156
858.53245409,0.24385932
858.77167203,0.24285566
859.01089766,0.23528747
859.25013099,0.22481679
859.48937201,0.22118189
859.72862072,0.21049419
859.96787711,0.21228452
860.20714118,0.18901030
860.44641292,0.18597218
860.68569234,0.18266279
860.92497943,0.16568184
861.16427418,0.15461438
861.40357659,0.14446921
861.64288666,0.14040029
861.88220438,0.14072580
862.12152976,0.13616862
862.36086277,0.12987536
862.60020344,0.13399853
862.83955174,0.13448680
863.07890767,0.12862755
863.31827124,0.14389956
863.55764244,0.14202786
863.79702126,0.14539150
864.03640770,0.13600586
864.27580175,0.13877272
864.51520342,0.13486656
864.75461270,0.12466714
864.99402959,0.12086948
865.23345408,0.12217154
865.47288616,0.12086948
865.71232584,0.12157476
865.95177311,0.11897065
866.19122797,0.11571552
866.43069041,0.12000145
866.67016043,0.11522725
866.90963803,0.11631229
867.14912320,0.11045305
867.38861594,0.10871698
867.62811625,0.11872652
867.86762411,0.11848238
868.10713954,0.11707183
868.34666251,0.12119500
868.58619304,0.12200878
868.82573112,0.12325658
869.06527673,0.11690907
869.30482989,0.11869939
869.54439058,0.11913341
869.78395881,0.11750584
870.02353456,0.12265981
870.26311784,0.13003811
870.50270863,0.12618620
870.74230695,0.13378152
870.98191278,0.12808503
871.22152611,0.12851905
871.46114696,0.12548092
871.70077530,0.12228004
871.94041115,0.12347359
872.18005449,0.12146626
872.41970532,0.11902491
872.65936364,0.10866273
872.89902944,0.11045305
873.13870273,0.10166419
873.37838349,0.09442151
873.61807172,0.09249556
873.85776742,0.09005421
874.09747059,0.08614805
874.33718122,0.08745010
874.57689930,0.07746769
874.81662484,0.07171695
875.05635784,0.06954686
875.29609827,0.06878733
875.53584616,0.05902192
875.77560148,0.06119201
876.01536424,0.06097500
876.25513443,0.05120960
876.49491204,0.04909376
876.73469709,0.05088409
876.97448955,0.04502484
877.21428943,0.04166120
877.45409673,0.04730344
877.69391143,0.04214947
877.93373355,0.04979904
878.17356306,0.04909376
878.41339998,0.04855124
878.65324428,0.05275579
878.89309599,0.06621034
879.13295507,0.05381371
879.37282155,0.06455565
879.61269540,0.05880491
879.85257663,0.06227706
880.09246523,0.06357911
880.33236121,0.06650873
880.57226455,0.07567736
880.81217525,0.07649115
881.05209331,0.07242223
881.29201872,0.06781079
881.53195149,0.07638264
881.77189160,0.08088558
882.01183905,0.07594862
882.25179385,0.07619276
882.49175598,0.07204246
882.73172545,0.07735918
882.97170224,0.07291050
883.21168636,0.07996329
883.45167780,0.08313705
883.69167656,0.07844423
883.93168263,0.08110259
884.17169601,0.08582253
884.41171670,0.08289291
884.65174469,0.08289291
884.89177999,0.07540610
885.13182257,0.08283866
885.37187245,0.07540610
885.61192962,0.06895008
885.85199407,0.07339877
886.09206581,0.07307325
886.33214482,0.06840756
886.57223110,0.07329026
886.81232465,0.06303659
887.05242547,0.06932985
887.29253356,0.07329026
887.53264890,0.07716930
887.77277149,0.06873307
888.01290134,0.07008938
888.25303843,0.06987237
888.49318277,0.06775653
888.73333435,0.06243981
888.97349317,0.06764803
889.21365922,0.06292808
889.45383250,0.06325360
889.69401300,0.05723160
889.93420072,0.06325360
890.17439567,0.06010697
890.41459783,0.04779171
890.65480719,0.05175212
890.89502377,0.04610989
891.13524755,0.04996180
891.37547853,0.04817147
891.61571670,0.04345153
891.85596207,0.03911135
892.09621463,0.03601897
892.33647437,0.04198672
892.57674129,0.02793539
892.81701539,0.03504243
893.05729666,0.03260108
893.29758510,0.03558495
893.53788071,0.03379463
893.77818349,0.03900284
894.01849342,0.03867733
894.25881051,0.04589288
894.49913474,0.04469933
894.73946613,0.05224039
894.97980466,0.05381371
895.22015033,0.05831664
895.46050314,0.05348819
895.70086308,0.05533277
895.94123016,0.05934744
896.18160435,0.06206005
896.42198567,0.06216855
896.66237411,0.06591196
896.90276966,0.06216855
897.14317233,0.06596621
897.38358210,0.06447427
897.62399897,0.06737677
897.86442295,0.06748527
898.10485402,0.06564070
898.34529218,0.06504392
898.58573744,0.06119201
898.82618978,0.06227706
899.06664920,0.06417589
899.30711569,0.06577633
899.54758927,0.06938410
899.78806991,0.06824480
900.02855762,0.07556886
900.26905239,0.07681666
900.50955422,0.07198821
900.75006311,0.06694275
900.99057905,0.06743102
901.23110204,0.06444715
901.47163207,0.07052340
901.71216914,0.07177120
901.95271325,0.06968249
902.19326440,0.07725068
902.43382257,0.07904100
902.67438777,0.07508059
902.91495999,0.08153660
903.15553924,0.07575874
903.39612549,0.08180787
903.63671876,0.08858940
903.87731904,0.08929468
904.11792632,0.08571403
904.35854060,0.10247797
904.59916188,0.09976536
904.83979015,0.09851756
905.08042541,0.11414220
905.32106765,0.11761435
905.56171688,0.11539001
905.80237308,0.11351830
906.04303626,0.11202637
906.28370641,0.11853664
906.52438353,0.11262314
906.76506761,0.12233429
907.00575865,0.11783136
907.24645665,0.12732550
907.48716160,0.12488415
907.72787350,0.12274119
907.96859234,0.11408795
908.20931812,0.11799411
908.45005085,0.11593253
908.69079050,0.11509162
908.93153709,0.10578736
909.17229060,0.11351830
909.41305104,0.10817446
909.65381839,0.11376244
909.89459266,0.11631229
910.13537384,0.10744205
910.37616193,0.10329176
910.61695693,0.10101316
910.85775882,0.09900583
911.09856761,0.10047064
911.33938330,0.08956594
911.58020588,0.09732401
911.82103534,0.08283866
912.06187168,0.09086799
912.30271490,0.07697942
912.54356500,0.07958352
912.78442197,0.08169936
913.02528580,0.07442956
913.26615650,0.07670815
913.50703406,0.07687091
913.74791848,0.07790170
913.98880974,0.07573161
914.22970786,0.08441197
914.47061282,0.08416784
914.71152463,0.08180787
914.95244327,0.08598529
915.19336875,0.08745010
915.43430105,0.08180787
915.67524019,0.08191637
915.91618615,0.09466565
916.15713892,0.09108500
916.39809852,0.09558794
916.63906492,0.09206154
916.88003813,0.09385186
917.12101815,0.09623896
917.36200497,0.10063339
917.60299859,0.10117592
917.84399900,0.11170085
918.08500620,0.11395232
918.32602018,0.12271406
918.56704095,0.12263268
918.80806850,0.12917008
919.04910282,0.13258797
919.29014392,0.14023753
919.53119178,0.13912536
919.77224640,0.15054546
920.01330779,0.15602494
920.25437593,0.16478668
920.49545083,0.15689297
920.73653248,0.17685780
920.97762087,0.17452495
921.21871600,0.18152349
921.45981787,0.19649711
921.70092648,0.19638861
921.94204182,0.19074638
922.18316388,0.19101764
922.42429267,0.18933582
922.66542818,0.18420898
922.90657040,0.17457921
923.14771934,0.17636953
923.38887498,0.17268038
923.63003734,0.15125074
923.87120639,0.15081672
924.11238214,0.14229912
924.35356458,0.13877272
924.59475371,0.13912536
924.83594953,0.13117741
925.07715204,0.13329325
925.31836122,0.12466714
925.55957708,0.12005570
925.80079961,0.10942226
926.04202881,0.10779469
926.28326467,0.10307475
926.52450719,0.09764952
926.76575637,0.08674482
927.00701221,0.08121109
927.24827469,0.07779320
927.48954382,0.07518909
927.73081959,0.07242223
927.97210200,0.07301900
928.21339105,0.06677999
928.45468673,0.05728585
928.69598903,0.05413922
928.93729796,0.04795446
929.17861351,0.05034156
929.41993567,0.05023306
929.66126445,0.04741194
929.90259984,0.04014214
930.14394183,0.05131810
930.38529042,0.04421106
930.62664561,0.05191488
930.86800740,0.04518760
931.10937578,0.05055857
931.35075074,0.04876825
931.59213229,0.04752045
931.83352042,0.04231223
932.07491512,0.04578437
932.31631639,0.05283717
932.55772424,0.04974479
932.79913864,0.05093834
933.04055961,0.05576679
933.28198714,0.05527852
933.52342122,0.05636356
933.76486185,0.06433864
934.00630903,0.06851607
934.24776275,0.08213338
934.48922301,0.08414071
934.73068980,0.08348969
934.97216313,0.09146477
935.21364298,0.07914951
935.45512936,0.08842664
935.69662225,0.09037972
935.93812167,0.09081374
936.17962760,0.09379761
936.42114004,0.09710700
936.66265898,0.09992812
936.90418442,0.09754102
937.14571637,0.09330934
937.38725481,0.09629322
937.62879973,0.09330934
937.87035115,0.09043397
938.11190905,0.09667298
938.35347343,0.09656448
938.59504429,0.09775803
938.83662162,0.09010846
939.07820541,0.08842664
939.31979568,0.09032547
939.56139240,0.09276682
939.80299558,0.09471990
940.04460522,0.09320084
940.28622131,0.09461140
940.52784384,0.09504541
940.76947282,0.10014512
941.01110823,0.09396037
941.25275008,0.09962973
941.49439837,0.08913192
941.73605308,0.09108500
941.97771421,0.08739585
942.21938177,0.08945743
942.46105574,0.08945743
942.70273613,0.08918617
942.94442293,0.09292958
943.18611613,0.09005421
943.42781574,0.08934893
943.66952174,0.09501829
943.91123414,0.08788412
944.15295293,0.07735918
944.39467811,0.08050581
944.63640967,0.08500875
944.87814762,0.07844423
945.11989194,0.07432106
945.36164263,0.07920376
945.60339969,0.07681666
945.84516312,0.07822722
946.08693290,0.07942077
946.32870905,0.07714217
946.57049155,0.07312751
946.81228040,0.07659965
947.05407560,0.07676241
947.29587714,0.07258498
947.53768503,0.07274774
947.77949924,0.06981812
948.02131979,0.07133718
948.26314667,0.06819055
948.50497988,0.07074041
948.74681940,0.06466416
948.98866524,0.06439289
949.23051740,0.06743102
949.47237587,0.06281958
949.71424064,0.06488116
949.95611171,0.06281958
950.19798909,0.06108351
950.43987276,0.06243981
950.68176272,0.06428439
950.92365897,0.05940169
951.16556150,0.06075799
951.40747032,0.05544127
951.64938541,0.05587529
951.89130677,0.05777412
952.13323441,0.06081225
952.37516831,0.05492588
952.61710847,0.05294567
952.85905489,0.05386796
953.10100756,0.05579391
953.34296649,0.04838848
953.58493166,0.05224039
953.82690308,0.04594713
954.06888074,0.04752045
954.31086463,0.04852411
954.55285476,0.04893100
954.79485111,0.04535036
955.03685369,0.04925652
955.27886249,0.04795446
955.52087751,0.03843320
955.76289875,0.07684379
956.00492619,0.03921985
956.24695984,0.03357762
956.48899970,0.04060328
956.73104575,0.02988847
956.97309800,0.03943686
957.21515644,0.03200430
957.45722107,0.03032248
957.69929189,0.02584667
957.94136888,0.02788113
958.18345205,0.02728436
958.42554140,0.02712160
958.66763692,0.02207614
958.90973860,0.03319785
959.15184644,0.02332394
959.39396044,0.03081075
959.63608060,0.02473450
959.87820691,0.02584667
960.12033937,0.03146178
960.36247797,0.03222131
960.60462271,0.02940020
960.84677359,0.02864066
961.08893060,0.03119052
961.33109374,0.03148891
961.57326301,0.03487967
961.81543840,0.03884009
962.05761991,0.04144419
962.29980753,0.05001605
962.54200126,0.04681517
962.78420110,0.04372279
963.02640704,0.05115535
963.26861908,0.04928364
963.51083722,0.05620081
963.75306145,0.05232177
963.99529177,0.05956444
964.23752817,0.05750286
964.47977066,0.05685183
964.72201922,0.06851607
964.96427386,0.06634598
965.20653456,0.07464657
965.44880134,0.06892296
965.69107417,0.07445669
965.93335307,0.07122868
966.17563802,0.07866124
966.41792902,0.08495450
966.66022607,0.08224188
966.90252917,0.08641931
967.14483830,0.08560552
967.38715347,0.08603954
967.62947468,0.08945743
967.87180192,0.09987386
968.11413518,0.10831009
968.35647446,0.10375290
968.59881976,0.11034455
968.84117108,0.11134821
969.08352841,0.11012754
969.32589174,0.11265027
969.56826108,0.11891640
969.81063642,0.11473898
970.05301776,0.11300291
970.29540509,0.11050730
970.53779840,0.11435921
970.78019771,0.10681815
971.02260299,0.11370819
971.26501425,0.11321992
971.50743149,0.10904249
971.74985470,0.11853664
971.99228387,0.11056156
972.23471901,0.11110408
972.47716011,0.11175511
972.71960716,0.10204395
972.96206016,0.11034455
973.20451911,0.10508208
973.44698401,0.10860848
973.68945485,0.10855422
973.93193163,0.10871698
974.17441434,0.10681815
974.41690298,0.11023604
974.65939754,0.11560701
974.90189803,0.11872652
975.14440444,0.11674631
975.38691676,0.11142959
975.62943499,0.12445013
975.87195913,0.11848238
976.11448918,0.12195453
976.35702513,0.12211728
976.59956697,0.13020087
976.84211470,0.12271406
977.08466833,0.12282256
977.32722784,0.12141201
977.56979323,0.11994719
977.81236450,0.11685482
978.05494165,0.12314808
978.29752467,0.12325658
978.54011355,0.12133063
978.78270830,0.12499265
979.02530890,0.11978444
979.26791537,0.11652930
979.51052768,0.11902491
979.75314585,0.11208062
979.99576986,0.10622138
980.23839971,0.10643839
980.48103540,0.09927709
980.72367692,0.09688999
980.96632427,0.10030788
981.20897745,0.09442151
981.45163645,0.08918617
981.69430127,0.08424922
981.93697191,0.07876974
982.17964836,0.07942077
982.42233061,0.08528001
982.66501868,0.07605713
982.90771254,0.08159086
983.15041220,0.07225947
983.39311765,0.06808205
983.63582889,0.06878733
983.87854592,0.07247648
984.12126873,0.07090316
984.36399732,0.07329026
984.60673168,0.07643689
984.84947182,0.07518909
985.09221772,0.07160844
985.33496939,0.06987237
985.57772681,0.07225947
985.82049000,0.07014363
986.06325893,0.06857032
986.30603362,0.07166270
986.54881405,0.07464657
986.79160022,0.07258498
987.03439213,0.07676241
987.27718977,0.07263924
987.51999315,0.08093983
987.76280225,0.08137385
988.00561707,0.07866124
988.24843762,0.08376095
988.49126388,0.09683574
988.73409585,0.09672723
988.97693353,0.09526242
989.21977692,0.09699849
989.46262601,0.10980202
989.70548079,0.11864514
989.94834127,0.10600437
990.19120744,0.10931375
990.43407929,0.11175511
990.67695683,0.11783136
990.91984004,0.11636655
991.16272893,0.11235188
991.40562350,0.11636655
991.64852373,0.10871698
991.89142962,0.11023604
992.13434118,0.11278590
992.37725839,0.11631229
992.62018126,0.10280348
992.86310977,0.09781228
993.10604393,0.09976536
993.34898373,0.09268544
993.59192917,0.09067811
993.83488025,0.09417738
994.07783696,0.08848089
994.32079929,0.08359819
994.56376725,0.08864365
994.80674082,0.08159086
995.04972002,0.07784745
995.29270482,0.08321842
995.53569524,0.07242223
995.77869126,0.07453806
996.02169288,0.06819055
996.26470010,0.06412163
996.50771291,0.05978145
996.75073131,0.05929318
996.99375530,0.06048673
997.23678488,0.06650873
997.47982003,0.05544127
997.72286076,0.04790021
997.96590706,0.04535036
998.20895892,0.04277337
998.45201636,0.04014214
998.69507935,0.04513335
998.93814790,0.03808056
999.18122200,0.03097351
999.42430166,0.03569346
999.66738686,0.02733861
999.91047760,0.02636207
1000.15357388,0.02885767
1000.39667569,0.02522277
1000.63978304,0.02419198
1000.88289592,0.02647057
1001.12601431,0.02408348
1001.36913823,0.02063846
1001.61226767,0.02147937
1001.85540262,0.03119052
1002.09854307,0.02549403
1002.34168904,0.02541266
1002.58484050,0.02424623
1002.82799746,0.02609081
1003.07115992,0.02782688
1003.31432787,0.02874917
1003.55750130,0.02706735
1003.80068022,0.02625357
1004.04386462,0.03317073
1004.28705449,0.03406589
1004.53024984,0.02581955
1004.77345065,0.03384888
1005.01665693,0.02750137
1005.25986867,0.03322498
1005.50308587,0.03043099
1005.74630852,0.02853216
1005.98953662,0.03667000
1006.23277017,0.03835182
1006.47600916,0.03558495
1006.71925359,0.03487967
1006.96250346,0.03547645
1007.20575875,0.03623598
1007.44901948,0.03873158
1007.69228563,0.03634448
1007.93555720,0.03634448
1008.17883418,0.03851457
1008.42211658,0.04494346
1008.66540439,0.04654391
1008.90869761,0.05403072
1009.15199622,0.04426531
1009.39530024,0.04676091
1009.63860965,0.05180637
1009.88192445,0.04914801
1010.12524464,0.04762895
1010.36857021,0.05224039
1010.61190116,0.04752045
1010.85523749,0.05072133
1011.09857919,0.05186063
1011.34192626,0.05015168
1011.58527870,0.05218614
1011.82863649,0.04941927
1012.07199965,0.05354245
1012.31536816,0.04865974
1012.55874202,0.05337969
1012.80212122,0.05126385
1013.04550577,0.05077558
1013.28889566,0.05354245
1013.53229088,0.05674333
1013.77569144,0.05110109
1014.01909732,0.05218614
1014.26250853,0.05568541
1014.50592506,0.05362382
1014.74934691,0.05343394
1014.99277407,0.04838848
1015.23620654,0.05641781
1015.47964432,0.05034156
1015.72308739,0.05118247
1015.96653577,0.05511576
1016.20998944,0.04475358
1016.45344841,0.04827998
1016.69691266,0.04676091
1016.94038220,0.04518760
1017.18385701,0.04407543
1017.42733710,0.04073892
1017.67082247,0.03824331
1017.91431310,0.02956295
1018.15780900,-0.01237403
1018.40131017,-0.01226553
1018.64481659,-0.01362183
1018.88832826,-0.01145174
1019.13184519,-0.01329632
1019.37536736,-0.01367609
