399.81288841,0.00494813
400.03045039,0.00567377
400.24802720,0.00778847
400.46561883,0.00185901
400.68322529,0.00088458
400.90084656,0.00308222
401.11848265,0.00482374
401.33613355,0.00304075
401.55379926,0.00306149
401.77147978,0.00540425
401.98917511,0.00592256
402.20688524,0.00312368
402.42461017,0.00287489
402.64234989,0.00515546
402.86010441,0.00003455
403.07787372,0.00679332
403.29565782,0.00387005
403.51345670,0.00216999
403.73127037,0.00664819
403.94909882,0.00254318
404.16694205,0.00733236
404.38480005,0.00312368
404.60267282,0.00148582
404.82056036,0.00190047
405.03846267,0.00681405
405.25637974,0.00801653
405.47431157,0.00559084
405.69225816,0.00360053
405.91021951,0.00360053
406.12819561,-0.00002764
406.34618645,0.00202487
406.56419205,0.00322734
406.78221239,0.00501033
407.00024747,0.00586036
407.21829729,0.00131996
407.43636184,0.00770554
407.65444113,0.00498960
407.87253515,0.00592256
408.09064390,0.00538351
408.30876737,0.00517619
408.52690556,0.00797507
408.74505847,0.00306149
408.96322610,0.00544571
409.18140844,0.00530059
409.39960550,0.00308222
409.61781726,0.00758115
409.83604372,0.00449202
410.05428489,0.00778847
410.27254076,0.00111264
410.49081133,0.00801653
410.70909659,0.00664819
410.92739654,0.00366273
411.14571118,0.00764335
411.36404051,0.00683478
411.58238452,0.00838971
411.80074321,0.00573597
412.01911658,0.00610915
412.23750462,0.00872143
412.45590734,0.00507253
412.67432472,0.00639940
412.89275677,0.00602622
413.11120349,0.00293709
413.32966486,0.00223219
413.54814090,0.00426397
413.76663159,0.00633721
413.98513693,0.00391151
414.20365692,0.00113337
414.42219156,0.00571523
414.64074084,0.00065653
414.85930477,0.00511399
415.07788333,0.00036627
415.29647653,0.00513473
415.51508437,0.00100898
415.73370683,0.00349687
415.95234392,0.00333101
416.17099564,0.00422250
416.38966198,0.00430543
416.60834294,0.00509326
416.82703851,0.00519692
417.04574870,0.00009675
417.26447350,0.00411884
417.48321291,0.00291636
417.70196692,0.00063579
417.92073554,0.00515546
418.13951875,0.00600549
418.35831657,0.00142363
418.57712898,0.00165168
418.79595598,0.00905315
419.01479757,0.00834825
419.23365374,0.00469935
419.45252450,0.00399444
419.67140984,0.00749822
419.89030975,0.00787140
420.10922425,0.00996538
420.32815331,0.00360053
420.54709694,0.00596402
420.76605514,0.00436763
420.98502791,0.00409811
421.20401523,0.00082239
421.42301712,0.00411884
421.64203356,0.00774701
421.86106455,0.00399444
422.08011009,0.00399444
422.29917018,0.00766408
422.51824482,0.00594329
422.73733399,0.00434689
422.95643771,0.00778847
423.17555596,0.00571523
423.39468875,0.00509326
423.61383606,0.00629574
423.83299790,0.00463715
424.05217427,0.00586036
424.27136516,0.00606768
424.49057057,0.00461642
424.70979050,0.00565304
424.92902494,0.00704211
425.14827390,0.00492740
425.36753736,0.00612988
425.58681532,0.01222521
425.80610779,0.00724943
426.02541476,0.01042149
426.24473623,0.00413957
426.46407219,0.00687625
426.68342265,0.00382858
426.90278759,0.00675185
427.12216702,0.00838971
427.34156093,0.00635794
427.56096933,0.01015197
427.78039220,0.01056662
427.99982955,0.00565304
428.21928137,0.00681405
428.43874766,0.00445056
428.65822841,0.00756042
428.87772363,0.00865924
429.09723331,0.00782994
429.31675745,0.00351760
429.53629605,0.00527985
429.75584910,0.00756042
429.97541660,0.00753969
430.19499854,0.00436763
430.41459494,0.01031783
430.63420577,0.00998611
430.85383104,0.00722870
431.07347075,0.00886656
431.29312489,0.01259839
431.51279347,0.00685552
431.73247647,0.00743602
431.95217390,0.00747749
432.17188574,0.01237034
432.39161201,0.00637867
432.61135270,0.00629574
432.83110780,0.00865924
433.05087731,0.01210081
433.27066123,0.00627501
433.49045956,0.00926048
433.71027229,0.01168617
433.93009942,0.00865924
434.14994095,0.00791287
434.36979687,0.00764335
434.58966718,0.00915681
434.80955189,0.00727016
435.02945098,0.00967512
435.24936445,0.01577045
435.46929230,0.01201789
435.68923454,0.00859704
435.90919115,0.01181056
436.12916213,0.00870070
436.34914748,0.01178983
436.56914720,0.01253620
436.78916128,0.00886656
437.00918972,0.01168617
437.22923252,0.00917755
437.44928968,0.01085687
437.66936119,0.01008977
437.88944706,0.01311670
438.10954727,0.01185203
438.32966182,0.01452651
438.54979072,0.01033856
438.76993395,0.01821687
438.99009153,0.01340696
439.21026343,0.01603997
439.43044967,0.01545946
439.65065024,0.02051817
439.87086513,0.01270205
440.09109434,0.01089834
440.31133788,0.01400820
440.53159573,0.01919130
440.75186789,0.01178983
440.97215437,0.01340696
441.19245516,0.01539727
441.41277025,0.01450577
441.63309964,0.01315817
441.85344334,0.01649609
442.07380133,0.01230814
442.29417362,0.01367648
442.51456020,0.01237034
442.73496107,0.01378014
442.95537623,0.01539727
443.17580567,0.01614363
443.39624939,0.01761563
443.61670739,0.01330329
443.83717967,0.01626803
444.05766622,0.01558386
444.27816704,0.01809248
444.49868212,0.01125079
444.71921147,0.01255693
444.93975509,0.01562532
445.16031296,0.01579118
445.38088508,0.01753271
445.60147147,0.01539727
445.82207210,0.01313744
446.04268698,0.01755344
446.26331610,0.02232189
446.48395947,0.01135445
446.70461707,0.01500335
446.92528892,0.01355208
447.14597499,0.01622656
447.36667530,0.01054588
447.58738984,0.01948155
447.80811860,0.01570825
448.02886158,0.01247400
448.24961879,0.01755344
448.47039021,0.01840347
448.69117585,0.02348291
448.91197570,0.01657901
449.13278975,0.01174836
449.35361802,0.01319963
449.57446049,0.01579118
449.79531715,0.01029710
450.01618802,0.01098126
450.23707308,0.01195569
450.45797234,0.02008279
450.67888578,0.01344842
450.89981341,0.01334476
451.12075522,0.01402893
451.34171122,0.01709732
451.56268139,0.01740831
451.78366574,0.01705586
452.00466426,0.01531434
452.22567696,0.01181056
452.44670382,0.01340696
452.66774484,0.00998611
452.88880003,0.02111941
453.10986938,0.01446431
453.33095288,0.01510701
453.55205053,0.01384234
453.77316234,0.00845191
453.99428830,0.01342769
454.21542840,0.01181056
454.43658264,0.01541800
454.65775102,0.01309597
454.87893354,0.01568752
455.10013019,0.01460944
455.32134098,0.01993766
455.54256589,0.01975107
455.76380493,0.01446431
455.98505809,0.01508628
456.20632537,0.01759490
456.42760677,0.01769856
456.64890229,0.01477530
456.87021191,0.01894251
457.09153565,0.01751197
457.31287349,0.01620583
457.53422544,0.02184505
457.75559149,0.02155479
457.97697163,0.01521068
458.19836587,0.01796809
458.41977420,0.02049744
458.64119663,0.02167919
458.86263313,0.01888031
459.08408373,0.02369023
459.30554840,0.01908764
459.52702716,0.02943311
459.74851999,0.02035231
459.97002689,0.02794037
460.19154786,0.01790589
460.41308290,0.02462319
460.63463201,0.01991693
460.85619518,0.01545946
461.07777241,0.01929496
461.29936369,0.01977181
461.52096903,0.02207310
461.74258841,0.02078769
461.96422185,0.01923276
462.18586933,0.02147186
462.40753086,0.02588787
462.62920642,0.02153406
462.85089602,0.02114014
463.07259966,0.02138893
463.29431733,0.01844493
463.51604902,0.02076696
463.73779475,0.02244629
463.95955449,0.02456099
464.18132826,0.02804404
464.40311604,0.02323412
464.62491784,0.02447806
464.84673365,0.02275727
465.06856347,0.02615739
465.29040730,0.02466465
465.51226513,0.02642691
465.73413696,0.01964741
465.95602279,0.02534882
466.17792261,0.02327558
466.39983643,0.02808550
466.62176424,0.02395975
466.84370603,0.02874894
467.06566181,0.02621958
467.28763157,0.02997215
467.50961531,0.02791964
467.73161303,0.02709034
467.95362472,0.02609519
468.17565038,0.03405643
468.39769001,0.02636471
468.61974360,0.02628178
468.84181116,0.02750499
469.06389267,0.03314421
469.28598814,0.02744280
469.50809757,0.03291615
469.73022094,0.03519672
469.95235827,0.03173440
470.17450954,0.02829282
470.39667475,0.02547322
470.61885390,0.03086364
470.84104699,0.02941237
471.06325402,0.03428449
471.28547498,0.02781598
471.50770986,0.03084291
471.72995867,0.02648911
471.95222141,0.02584640
472.17449806,0.02696595
472.39678864,0.02532809
472.61909313,0.02738060
472.84141153,0.02682082
473.06374384,0.03374545
473.28609005,0.02951604
473.50845017,0.02522443
473.73082420,0.02752573
473.95321212,0.02688302
474.17561393,0.02787818
474.39802964,0.02688302
474.62045924,0.02754646
474.84290273,0.02530736
475.06536010,0.03229418
475.28783136,0.03061485
475.51031649,0.03289542
475.73281550,0.02758792
475.95532838,0.02779525
476.17785513,0.02767085
476.40039575,0.02893553
476.62295024,0.03067705
476.84551859,0.03351739
477.06810080,0.03156854
477.29069686,0.03073925
477.51330678,0.02916359
477.73593055,0.03401497
477.95856817,0.03078071
478.18121963,0.03030387
478.40388494,0.03094657
478.62656409,0.03384911
478.84925707,0.02852088
479.07196389,0.02671716
479.29468455,0.03239784
479.51741903,0.03362105
479.74016733,0.02847942
479.96292946,0.02959897
480.18570542,0.03020021
480.40849519,0.02632325
480.63129877,0.03098804
480.85411617,0.02818916
481.07694738,0.02630251
481.29979239,0.02777451
481.52265121,0.02816843
481.74552383,0.02820989
481.96841025,0.02951604
482.19131046,0.02879040
482.41422447,0.02787818
482.63715227,0.03032460
482.86009385,0.02891480
483.08304922,0.02617812
483.30601837,0.02765012
483.52900130,0.02820989
483.75199801,0.02352437
483.97500849,0.02988922
484.19803274,0.03063559
484.42107076,0.02646837
484.64412255,0.03005508
484.86718810,0.03105023
485.09026741,0.02445733
485.31336047,0.02698668
485.53646729,0.02856235
485.75958786,0.02485124
485.98272218,0.02462319
486.20587024,0.02315119
486.42903205,0.02615739
486.65220760,0.02292313
486.87539689,0.03314421
487.09859991,0.02823063
487.32181666,0.02858308
487.54504715,0.03013801
487.76829136,0.02922578
487.99154929,0.03204539
488.21482094,0.03005508
488.43810631,0.02854161
488.66140540,0.03523818
488.88471820,0.02920505
489.10804471,0.03098804
489.33138493,0.03287469
489.55473885,0.03231491
489.77810647,0.03341373
490.00148780,0.03677238
490.22488281,0.03617114
490.44829153,0.03921880
490.67171393,0.03969565
490.89515002,0.03909441
491.11859979,0.03795413
491.34206325,0.03934320
491.56554038,0.03911514
491.78903120,0.03901148
492.01253568,0.03275029
492.23605384,0.03710410
492.45958567,0.03946759
492.68313116,0.03770534
492.90669031,0.03461621
493.13026312,0.03042826
493.35384960,0.03225271
493.57744972,0.03051119
493.80106350,0.03034533
494.02469092,0.03181733
494.24833200,0.03376618
494.47198671,0.03341373
494.69565507,0.02945384
494.91933706,0.03845170
495.14303269,0.03125756
495.36674195,0.02972336
495.59046484,0.03374545
495.81420136,0.03534184
496.03795150,0.02889406
496.26171526,0.02823063
496.48549264,0.02777451
496.70928364,0.02955750
496.93308825,0.03113316
497.15690647,0.03347593
497.38073830,0.02995142
497.60458373,0.03474060
497.82844276,0.03942613
498.05231539,0.03519672
498.27620162,0.03471987
498.50010144,0.03453328
498.72401485,0.03138195
498.94794185,0.03644066
499.17188244,0.03154781
499.39583661,0.03718703
499.61980435,0.03345519
499.84378568,0.04031762
500.06778058,0.03803706
500.29178904,0.04118838
500.51581108,0.03206612
500.73984668,0.04017249
500.96389585,0.03449181
501.18795858,0.03196246
501.41203486,0.03426376
501.63612470,0.03304055
501.86022809,0.03357959
502.08434503,0.03534184
502.30847551,0.03474060
502.53261954,0.03219052
502.75677711,0.02883187
502.98094822,0.03231491
503.20513286,0.03326860
503.42933104,0.03198319
503.65354274,0.02980629
503.87776797,0.02856235
504.10200673,0.02910139
504.32625901,0.03150635
504.55052480,0.02895626
504.77480411,0.02408415
504.99909694,0.02300606
505.22340327,0.02779525
505.44772312,0.02520370
505.67205646,0.02304753
505.89640331,0.02595006
506.12076366,0.02377316
506.34513750,0.02292313
506.56952484,0.02223896
506.79392567,0.02043524
507.01833999,0.02339998
507.24276779,0.02725620
507.46720907,0.02970263
507.69166384,0.02603299
507.91613208,0.02615739
508.14061380,0.02872821
508.36510898,0.02671716
508.58961764,0.02997215
508.81413976,0.02760866
509.03867534,0.03129902
509.26322439,0.02796111
509.48778689,0.02775378
509.71236285,0.03467841
509.93695226,0.03384911
510.16155512,0.03281249
510.38617142,0.03246004
510.61080117,0.03146488
510.83544436,0.03264663
511.06010099,0.03109170
511.28477105,0.03679311
511.50945454,0.03527965
511.73415147,0.03231491
511.95886182,0.03123683
512.18358560,0.02810623
512.40832280,0.02304753
512.63307341,0.02889406
512.85783745,0.02862454
513.08261489,0.02646837
513.30740575,0.02709034
513.53221001,0.02812697
513.75702768,0.03208685
513.98185875,0.02655130
514.20670322,0.02539029
514.43156109,0.02746353
514.65643235,0.02483051
514.88131700,0.02561834
515.10621504,0.03146488
515.33112647,0.02955750
515.55605128,0.03086364
515.78098946,0.03078071
516.00594103,0.02783671
516.23090597,0.02937091
516.45588428,0.03243931
516.68087596,0.02420854
516.90588100,0.02883187
517.13089941,0.02454026
517.35593118,0.02655130
517.58097631,0.02516223
517.80603479,0.03144415
518.03110663,0.02230116
518.25619181,0.02590860
518.48129034,0.02478905
518.70640222,0.02698668
518.93152743,0.02553541
519.15666598,0.02845868
519.38181787,0.02543175
519.60698310,0.02841722
519.83216165,0.02391829
520.05735353,0.01923276
520.28255873,0.02149260
520.50777726,0.02184505
520.73300910,0.02549395
520.95825426,0.02549395
521.18351273,0.02935018
521.40878452,0.02889406
521.63406961,0.02628178
521.85936801,0.02485124
522.08467971,0.02418781
522.31000471,0.02642691
522.53534300,0.02520370
522.76069459,0.02922578
522.98605947,0.02957823
523.21143764,0.02995142
523.43682910,0.03053192
523.66223383,0.03219052
523.88765185,0.03252224
524.11308315,0.03239784
524.33852772,0.03652359
524.56398556,0.03185880
524.78945667,0.03563210
525.01494104,0.03476134
525.24043868,0.03602601
525.46594959,0.03932246
525.69147374,0.04508607
525.91701116,0.03841024
526.14256182,0.03735289
526.36812574,0.03834804
526.59370290,0.03882489
526.81929331,0.03785046
527.04489696,0.03807852
527.27051384,0.03977858
527.49614396,0.03816145
527.72178732,0.03635773
527.94744390,0.03942613
528.17311372,0.04042128
528.39879675,0.04272258
528.62449301,0.04199695
528.85020249,0.04732517
529.07592518,0.04552145
529.30166109,0.04564585
529.52741021,0.04858985
529.75317254,0.05140946
529.97894807,0.04297137
530.20473680,0.05385588
530.43053874,0.05045577
530.65635387,0.06092563
530.88218219,0.05211436
531.10802371,0.05920484
531.33387841,0.05568033
531.55974630,0.05684135
531.78562738,0.05626084
532.01152163,0.05993048
532.23742906,0.05474738
532.46334967,0.05205216
532.68928344,0.05509983
532.91523039,0.05165825
533.14119051,0.05371076
533.36716378,0.05060089
533.59315022,0.05389735
533.81914982,0.05410467
534.04516257,0.06013780
534.27118847,0.05234242
534.49722752,0.05209363
534.72327973,0.05690355
534.94934507,0.05427053
535.17542356,0.05916338
535.40151518,0.05910118
535.62761994,0.05103627
535.85373784,0.05140946
536.07986886,0.06109149
536.30601301,0.05825115
536.53217029,0.05916338
536.75834069,0.05082895
536.98452420,0.05928777
537.21072084,0.05767064
537.43693059,0.05943290
537.66315345,0.05704867
537.88938941,0.05684135
538.11563848,0.05549374
538.34190066,0.06036586
538.56817593,0.05609498
538.79446431,0.05752552
539.02076577,0.06073904
539.24708033,0.06175493
539.47340798,0.06322693
539.69974871,0.06165127
539.92610252,0.06088417
540.15246942,0.05976462
540.37884939,0.05982682
540.60524244,0.06948812
540.83164856,0.06581848
541.05806775,0.06884541
541.28450001,0.06981984
541.51094533,0.07479561
541.73740371,0.07346874
541.96387515,0.07230772
542.19035965,0.06826490
542.41685719,0.07197601
542.64336779,0.07187234
542.86989144,0.07431877
543.09642813,0.06530017
543.32297786,0.07083572
543.54954063,0.06272935
543.77611643,0.07523099
544.00270527,0.06710389
544.22930714,0.07732497
544.45592204,0.07241139
544.68254996,0.07622615
544.90919091,0.06845150
545.13584487,0.07118817
545.36251185,0.06729048
545.58919184,0.06762220
545.81588485,0.06766367
546.04259086,0.06930153
546.26930988,0.06639899
546.49604191,0.06944665
546.72278693,0.06635752
546.94954495,0.06894907
547.17631596,0.06511358
547.40309997,0.06944665
547.62989696,0.06673071
547.85670694,0.07149916
548.08352991,0.07813353
548.31036585,0.06849296
548.53721477,0.07214186
548.76407667,0.07854818
548.99095154,0.07492001
549.21783938,0.07286750
549.44474018,0.07618468
549.67165395,0.07757376
549.89858069,0.07608102
550.12552038,0.07935674
550.35247302,0.07425657
550.57943862,0.07402851
550.80641717,0.07357240
551.03340866,0.07510660
551.26041310,0.07919088
551.48743048,0.08232148
551.71446081,0.08205196
551.94150406,0.08574232
552.16856025,0.08462277
552.39562937,0.09181692
552.62271142,0.08522401
552.84980640,0.08748385
553.07691429,0.08617770
553.30403511,0.08814728
553.53116884,0.08814728
553.75831549,0.08964002
553.98547505,0.09359991
554.21264752,0.09378650
554.43983289,0.08984734
554.66703116,0.09127788
554.89424234,0.09664757
555.12146641,0.10075259
555.34870338,0.09747687
555.57595324,0.09986109
555.80321599,0.10247338
556.03049162,0.09799518
556.25778014,0.09525850
556.48508154,0.10572836
556.71239582,0.11103586
556.93972297,0.10641253
557.16706300,0.10071112
557.39441589,0.10276363
557.62178165,0.10622594
557.84916028,0.10193433
558.07655177,0.10373805
558.30395611,0.10342707
558.53137331,0.10724183
558.75880337,0.10552104
558.98624627,0.10576983
559.21370202,0.10535518
559.44117062,0.09726954
559.66865206,0.09977816
559.89614634,0.09770492
560.12365345,0.09372430
560.35117340,0.09614999
560.57870618,0.09602560
560.80625179,0.08764971
561.03381022,0.09148520
561.26138148,0.09299867
561.48896555,0.09295720
561.71656244,0.08951562
561.94417215,0.08640576
562.17179467,0.08628137
562.39942999,0.08381421
562.62707812,0.08570086
562.85473906,0.09042785
563.08241279,0.08878999
563.31009933,0.08412520
563.53779866,0.09712442
563.76551078,0.09150593
563.99323568,0.09376577
564.22097338,0.09735247
564.44872386,0.09129861
564.67648712,0.09623292
564.90426316,0.09384869
565.13205197,0.09189985
565.35985356,0.09411822
565.58766792,0.09623292
565.81549504,0.09500971
566.04333493,0.09944644
566.27118758,0.08586672
566.49905298,0.08536914
566.72693115,0.08435325
566.95482207,0.08532768
567.18272573,0.08333736
567.41064215,0.08491303
567.63857131,0.08381421
567.86651321,0.08395934
568.09446785,0.08180317
568.32243523,0.08694480
568.55041534,0.08288125
568.77840819,0.08858266
569.00641376,0.07906649
569.23443206,0.08113973
569.46246308,0.08134705
569.69050682,0.08358615
569.91856327,0.08549353
570.14663244,0.08555573
570.37471433,0.07780181
570.60280892,0.08725579
570.83091622,0.08414593
571.05903622,0.08559720
571.28716892,0.08764971
571.51531432,0.09092543
571.74347241,0.09320599
571.97164320,0.09206571
572.19982667,0.09291574
572.42802284,0.09098762
572.65623168,0.09345478
572.88445321,0.09965377
573.11268742,0.09357917
573.34093430,0.09241816
573.56919385,0.09351698
573.79746608,0.09403529
574.02575097,0.10004768
574.25404853,0.10008915
574.48235874,0.10386245
574.71068162,0.10560397
574.93901715,0.10083552
575.16736534,0.11259079
575.39572618,0.11366888
575.62409966,0.11099440
575.85248579,0.10950166
576.08088456,0.10825772
576.30929597,0.11551406
576.53772002,0.10939800
576.76615671,0.11134685
576.99460602,0.11516161
577.22306796,0.11279811
577.45154253,0.11553479
577.68002972,0.11883125
577.90852953,0.11729705
578.13704196,0.11941175
578.36556700,0.11721412
578.59410465,0.11445671
578.82265492,0.12003372
579.05121779,0.11045535
579.27979326,0.10898335
579.50838133,0.10786380
579.73698201,0.11132611
579.96559527,0.10740769
580.19422113,0.11167856
580.42285958,0.10981265
580.65151062,0.11001997
580.88017424,0.11111879
581.10885044,0.11076634
581.33753922,0.11903857
581.56624057,0.10603935
581.79495450,0.10699304
582.02368100,0.10212093
582.25242007,0.10247338
582.48117170,0.10371732
582.70993589,0.11310910
582.93871264,0.11491282
583.16750195,0.11068341
583.39630381,0.11296397
583.62511822,0.11431158
583.85394518,0.11111879
584.08278469,0.11275665
584.31163674,0.11244566
584.54050133,0.11082854
584.76937845,0.11402133
584.99826811,0.11675800
585.22717030,0.11862392
585.45608502,0.11773243
585.68501226,0.12372409
585.91395203,0.12559001
586.14290432,0.12892793
586.37186912,0.12855474
586.60084644,0.12874134
586.82983628,0.13265976
587.05883862,0.13612207
587.28785347,0.13369638
587.51688082,0.14113931
587.74592067,0.14020636
587.97497302,0.13371711
588.20403787,0.13396590
588.43311520,0.13587328
588.66220503,0.13997830
588.89130735,0.13802945
589.12042215,0.14095272
589.34954943,0.14972253
589.57868919,0.15075915
589.80784142,0.15826428
590.03700613,0.14874811
590.26618331,0.14447723
590.49537296,0.14497481
590.72457507,0.13601841
590.95378964,0.13456714
591.18301667,0.14074540
591.41225616,0.13709650
591.64150811,0.12938404
591.87077250,0.13589402
592.10004934,0.13131215
592.32933863,0.12913525
592.55864036,0.12658517
592.78795453,0.12652297
593.01728114,0.13415249
593.24662018,0.13477447
593.47597165,0.13033773
593.70533555,0.12697908
593.93471188,0.13338539
594.16410063,0.13332320
594.39350180,0.13236951
594.62291539,0.12925965
594.85234140,0.12834742
595.08177981,0.13311587
595.31123064,0.12436680
595.54069387,0.12548635
595.77016951,0.12430460
595.99965755,0.12579733
596.22915798,0.13220365
596.45867081,0.12648150
596.68819604,0.12990235
596.91773365,0.13044139
597.14728365,0.13253537
597.37684603,0.12996455
597.60642080,0.12353750
597.83600795,0.13224511
598.06560747,0.13786359
598.29521936,0.13518911
598.52484363,0.14603216
598.75448026,0.14433211
598.98412926,0.13823678
599.21379062,0.13999903
599.44346434,0.14203081
599.67315042,0.14609436
599.90284885,0.14611509
600.13255963,0.16176806
600.36228276,0.16400716
600.59201824,0.16324006
600.82176606,0.16562429
601.05152622,0.16450474
601.28129871,0.15940457
601.51108354,0.16742801
601.74088070,0.16056558
601.97069019,0.16962564
602.20051201,0.16554136
602.43034615,0.16912806
602.66019261,0.17323308
602.89005139,0.17831252
603.11992249,0.17574170
603.34980589,0.17752469
603.57970161,0.17619781
603.80960963,0.17400018
604.03952996,0.18133945
604.26946259,0.18894825
604.49940751,0.19185078
604.72936474,0.19224470
604.95933425,0.20567930
605.18931606,0.21082093
605.41931015,0.21687480
605.64931653,0.22411041
605.87933519,0.22228596
606.10936612,0.22786297
606.33940934,0.22970816
606.56946483,0.24745510
606.79953259,0.23588641
607.02961261,0.23540957
607.25970490,0.23043379
607.48980946,0.23238264
607.71992627,0.22860934
607.95005534,0.23818771
608.18019667,0.24515380
608.41035024,0.24728924
608.64051607,0.26072384
608.87069414,0.27179494
609.10088445,0.27664633
609.33108700,0.29105535
609.56130179,0.29205050
609.79152882,0.29623845
610.02176808,0.30057152
610.25201956,0.31736477
610.48228328,0.31765503
610.71255921,0.31578911
610.94284737,0.32781391
611.17314775,0.32261007
611.40346034,0.30863643
611.63378514,0.30751688
611.86412215,0.29723361
612.09447137,0.28918943
612.32483280,0.28775890
612.55520642,0.27565117
612.78559225,0.26526423
613.01599027,0.25437972
613.24640048,0.25236868
613.47682288,0.24032315
613.70725747,0.23671571
613.93770425,0.22560314
614.16816321,0.22531289
614.39863434,0.22983255
614.62911766,0.21842973
614.85961314,0.21764190
615.09012080,0.20897575
615.32064063,0.20634273
615.55117262,0.20203039
615.78171677,0.20431096
616.01227308,0.20196820
616.24284156,0.20416583
616.47342218,0.20103524
616.70401496,0.20020594
616.93461988,0.19804977
617.16523695,0.20030960
617.39586617,0.19612166
617.62650752,0.19506431
617.85716101,0.18670915
618.08782664,0.18073821
618.31850440,0.17804300
618.54919429,0.16796705
618.77989630,0.15992288
619.01061044,0.15588006
619.24133670,0.14607363
619.47207508,0.14860298
619.70282557,0.14194788
619.93358818,0.13900388
620.16436289,0.12594246
620.39514972,0.12482291
620.62594864,0.11677874
620.85675967,0.11377254
621.08758280,0.10896262
621.31841802,0.10321974
621.54926534,0.09644025
621.78012475,0.09306086
622.01099624,0.08725579
622.24187982,0.08957782
622.47277549,0.09295720
622.70368323,0.09324746
622.93460305,0.08543134
623.16553494,0.08990954
623.39647890,0.08684114
623.62743493,0.09142300
623.85840303,0.08677894
624.08938319,0.08597038
624.32037541,0.08744238
624.55137968,0.08731799
624.78239602,0.08453984
625.01342440,0.07908722
625.24446483,0.07921162
625.47551731,0.07433950
625.70658183,0.07554198
625.93765839,0.07450536
626.16874699,0.07937747
626.39984763,0.07185161
626.63096029,0.07705545
626.86208499,0.07782254
627.09322171,0.08051776
627.32437046,0.08775337
627.55553123,0.09376577
627.78670401,0.09308160
628.01788882,0.09816104
628.24908563,0.10635034
628.48029446,0.10251484
628.71151529,0.10977118
628.94274813,0.11124318
629.17399296,0.12440826
629.40524980,0.11858246
629.63651863,0.12559001
629.86779946,0.12774618
630.09909228,0.13632940
630.33039709,0.14549312
630.56171388,0.15670935
630.79304265,0.15274946
631.02438340,0.16197538
631.25573613,0.16249369
631.48710084,0.16647432
631.71847751,0.16365471
631.94986615,0.17966013
632.18126676,0.17785641
632.41267933,0.18793236
632.64410387,0.19010926
632.87554035,0.20213406
633.10698880,0.21065507
633.33844919,0.21160877
633.56992154,0.21731018
633.80140583,0.22400674
634.03290207,0.22858861
634.26441024,0.23091064
634.49593035,0.24061340
634.72746240,0.23874749
634.95900638,0.23905847
635.19056229,0.25292845
635.42213013,0.25230648
635.65370989,0.25892012
635.88530158,0.25645296
636.11690518,0.26495325
636.34852069,0.27689511
636.58014812,0.29675676
636.81178746,0.30223012
637.04343871,0.30397164
637.27510187,0.29140780
637.50677692,0.29194684
637.73846387,0.29679823
637.97016272,0.29335665
638.20187347,0.30778640
638.43359610,0.29733727
638.66533062,0.29509817
638.89707703,0.30154595
639.12883532,0.28871259
639.36060549,0.29153219
639.59238754,0.28456165
639.82418146,0.29854904
640.05598725,0.29074563
640.28780491,0.29636086
640.51963444,0.29721493
640.75147583,0.27738827
640.98332908,0.28867053
641.21519419,0.28572712
641.44707115,0.27694970
641.67895997,0.27254797
641.91086063,0.26667343
642.14277314,0.26243739
642.37469750,0.26780839
642.60663369,0.26149250
642.83858172,0.25757170
643.07054159,0.26270260
643.30251329,0.25789185
643.53449683,0.26194962
643.76649218,0.25922995
643.99849937,0.26382883
644.23051837,0.25521824
644.46254919,0.25670983
644.69459183,0.24557470
644.92664628,0.24536836
645.15871254,0.24159662
645.39079061,0.23021405
645.62288049,0.23314972
645.85498217,0.21768374
646.08709564,0.22067853
646.31922091,0.21245880
646.55135798,0.21942333
646.78350684,0.21626324
647.01566748,0.21490158
647.24783991,0.21362426
647.48002413,0.20790401
647.71222012,0.21347507
647.94442789,0.21228470
648.17664744,0.21381661
648.40887875,0.21340527
648.64112184,0.19960851
648.87337669,0.19859339
649.10564331,0.19142333
649.33792168,0.20811277
649.57021181,0.19996266
649.80251370,0.19079592
650.03482734,0.19375555
650.26715273,0.19178716
650.49948987,0.18891279
650.73183875,0.18842196
650.96419937,0.17839102
651.19657173,0.18354741
651.42895582,0.18625859
651.66135165,0.19190197
651.89375921,0.18823255
652.12617849,0.18175090
652.35860950,0.18908570
652.59105224,0.19054838
652.82350669,0.19601006
653.05597285,0.20619954
653.28845073,0.20491748
653.52094032,0.20742541
653.75344162,0.21334735
653.98595462,0.21765376
654.21847933,0.21282334
654.45101573,0.20687157
654.68356383,0.20924076
654.91612363,0.20566084
655.14869511,0.19724366
655.38127829,0.19940879
655.61387315,0.19731973
655.84647969,0.19460379
656.07909792,0.19206901
656.31172782,0.19051154
656.54436939,0.18680592
656.77702264,0.19048054
657.00968756,0.19669930
657.24236414,0.19531690
657.47505238,0.20274377
657.70775229,0.20130247
657.94046385,0.19960829
658.17318707,0.20327378
658.40592195,0.20103217
658.63866847,0.20367353
658.87142663,0.20640407
659.10419645,0.20352900
659.33697790,0.20229656
659.56977099,0.21834073
659.80257572,0.21484763
660.03539208,0.21692944
660.26822007,0.20870172
660.50105969,0.20922055
660.73391093,0.21736684
660.96677380,0.21185732
661.19964828,0.20916779
661.43253438,0.20973824
661.66543209,0.19835479
661.89834142,0.20553116
662.13126235,0.19771283
662.36419489,0.19729277
662.59713903,0.21630335
662.83009477,0.20015493
663.06306210,0.20010940
663.29604103,0.20772018
663.52903155,0.21529318
663.76203367,0.20929979
663.99504736,0.20633301
664.22807264,0.20670615
664.46110950,0.19982911
664.69415794,0.19915068
664.92721795,0.19414549
665.16028953,0.19054007
665.39337269,0.18215058
665.62646740,0.17716500
665.85957369,0.17607392
666.09269153,0.16931649
666.32582093,0.17127980
666.55896189,0.16365016
666.79211440,0.16666091
667.02527846,0.16854756
667.25845406,0.15963262
667.49164121,0.15702034
667.72483991,0.15772524
667.95805014,0.15849234
668.19127190,0.15706180
668.42450520,0.15393121
668.65775003,0.14974326
668.89100639,0.15370315
669.12427427,0.16010947
669.35755368,0.15813989
669.59084460,0.15453245
669.82414704,0.15509222
670.05746099,0.15975702
670.29078646,0.15996434
670.52412343,0.14980546
670.75747191,0.15702034
670.99083189,0.15838868
671.22420337,0.15704107
671.45758635,0.16481572
671.69098082,0.17449776
671.92438678,0.17704784
672.15780424,0.18413833
672.39123317,0.18836774
672.62467360,0.19371670
672.85812550,0.20335727
673.09158888,0.20723423
673.32506373,0.20887209
673.55855006,0.20410363
673.79204785,0.20263163
674.02555712,0.20132549
674.25907784,0.20238284
674.49261003,0.20816719
674.72615367,0.20215479
674.95970878,0.20563783
675.19327533,0.20437316
675.42685333,0.20462194
675.66044278,0.20665372
675.89404368,0.21310150
676.12765601,0.21204415
676.36127979,0.21542353
676.59491500,0.21791142
676.82856165,0.21986026
677.06221972,0.20984651
677.29588922,0.21867852
677.52957015,0.22093835
677.76326250,0.21312223
677.99696627,0.20553417
678.23068146,0.20466341
678.46440806,0.19931445
678.69814607,0.19131174
678.93189549,0.18494689
679.16565631,0.18704086
679.39942854,0.17057933
679.63321217,0.17153302
679.86700720,0.17082812
680.10081361,0.16396569
680.33463143,0.17055860
680.56846063,0.16286688
680.80230121,0.16166440
681.03615318,0.17041347
681.27001653,0.16241076
681.50389126,0.17086959
681.73777736,0.16251443
681.97167484,0.15343363
682.20558368,0.15115307
682.43950390,0.15034450
682.67343547,0.14781515
682.90737841,0.14874811
683.14133270,0.14470529
683.37529836,0.14737977
683.60927536,0.14966033
683.84326371,0.14856152
684.07726341,0.15247994
684.31127446,0.15019938
684.54529685,0.15791183
684.77933057,0.16340592
685.01337564,0.17555511
685.24743203,0.18063455
685.48149976,0.19245202
685.71557881,0.20501586
685.94966919,0.21216854
686.18377090,0.21770409
686.41788392,0.23319120
686.65200826,0.23140821
686.88614391,0.23215458
687.12029088,0.22894106
687.35444915,0.22715807
687.58861873,0.22301159
687.82279961,0.22307379
688.05699179,0.22097981
688.29119527,0.21988100
688.52541004,0.22075176
688.75963611,0.21981880
688.99387346,0.21726871
689.22812210,0.21565158
689.46238203,0.22775931
689.69665323,0.22657756
689.93093571,0.22997768
690.16522947,0.23078624
690.39953450,0.24303909
690.63385080,0.24482208
690.86817837,0.25456631
691.10251720,0.25632857
691.33686730,0.27121444
691.57122865,0.26428981
691.80560125,0.26829117
692.03998511,0.26298367
692.27438023,0.27024001
692.50878658,0.26648745
692.74320419,0.26781432
692.97763303,0.27059246
693.21207312,0.28114526
693.44652444,0.27830492
693.68098699,0.28612104
693.91546077,0.29341884
694.14994579,0.29605186
694.38444203,0.29225783
694.61894949,0.29847755
694.85346817,0.30318381
695.08799806,0.30104837
695.32253918,0.30115203
695.55709150,0.30619001
695.79165503,0.31408905
696.02622977,0.31191215
696.26081571,0.31840139
696.49541285,0.31989413
696.73002119,0.31502201
696.96464072,0.32422720
697.19927145,0.31464883
697.43391336,0.31437931
697.66856647,0.32107587
697.90323075,0.32018438
698.13790622,0.31110359
698.37259286,0.31995632
698.60729068,0.32202956
698.84199967,0.32611385
699.07671984,0.33220918
699.31145117,0.33979724
699.54619366,0.34767555
699.78094731,0.34966586
700.01571213,0.36569201
700.25048810,0.36434441
700.48527522,0.37564357
700.72007349,0.38938915
700.95488292,0.38901597
701.18970348,0.40381891
701.42453519,0.41511807
701.65937804,0.42372202
701.89423202,0.43723955
702.12909714,0.43574682
702.36397339,0.43786152
702.59886077,0.43541510
702.83375927,0.42913318
703.06866889,0.41248506
703.30358964,0.39621012
703.53852150,0.38665248
703.77346448,0.36573348
704.00841857,0.34620355
704.24338376,0.33687397
704.47836007,0.32986641
704.71334748,0.32356376
704.94834598,0.31039868
705.18335559,0.31290731
705.41837629,0.30619001
705.65340808,0.30417896
705.88845096,0.31508421
706.12350493,0.31771722
706.35856998,0.31450370
706.59364612,0.32200883
706.82873333,0.32951396
707.06383161,0.33330799
707.29894097,0.33639712
707.53406141,0.35916131
707.76919290,0.37618261
708.00433546,0.38889158
708.23948909,0.39900899
708.47465377,0.40647266
708.70982951,0.40021147
708.94501630,0.40242984
709.18021414,0.40027367
709.41542303,0.40896055
709.65064297,0.40398477
709.88587395,0.39330758
710.12111597,0.39442713
710.35636902,0.36542249
710.59163311,0.36140040
710.82690823,0.35453798
711.06219437,0.34601696
711.29749155,0.34483521
711.53279974,0.33990090
711.76811896,0.34605842
712.00344920,0.34719871
712.23879044,0.35263060
712.47414270,0.35024637
712.70950597,0.34303149
712.94488025,0.33548490
713.18026553,0.33824231
713.41566181,0.33055058
713.65106908,0.33546416
713.88648736,0.33490439
714.12191662,0.32532602
714.35735688,0.31355001
714.59280812,0.31093773
714.82827034,0.31348781
715.06374355,0.30770347
715.29922774,0.30575463
715.53472290,0.29938978
715.77022903,0.29924465
716.00574614,0.30196059
716.24127421,0.31168409
716.47681324,0.30643879
716.71236324,0.31176702
716.94792420,0.31871238
717.18349611,0.31587204
717.41907898,0.30811812
717.65467280,0.30131789
717.89027757,0.29905806
718.12589328,0.28751011
718.36151993,0.27459382
718.59715752,0.25784203
718.83280605,0.24981859
719.06846552,0.24150490
719.30413591,0.24281104
719.53981724,0.24490501
719.77550949,0.25690907
720.01121266,0.26841556
720.24692676,0.28313557
720.48265177,0.29619699
720.71838769,0.30747541
720.95413453,0.31116578
721.18989228,0.32352230
721.42566093,0.32088928
721.66144049,0.32495283
721.89723095,0.32576140
722.13303231,0.32571993
722.36884456,0.31599643
722.60466770,0.33007374
722.84050173,0.33388850
723.07634666,0.32462112
723.31220246,0.31877458
723.54806915,0.31363294
723.78394671,0.30088251
724.01983515,0.28688813
724.25573447,0.27461455
724.49164465,0.27030221
724.72756571,0.26113849
724.96349762,0.24869904
725.19944040,0.25234795
725.43539404,0.24587943
725.67135854,0.24069633
725.90733388,0.22829835
726.14332008,0.23225824
726.37931713,0.21706139
726.61532503,0.21129778
726.85134376,0.21712359
727.08737334,0.21998466
727.32341375,0.22253474
727.55946500,0.21797361
727.79552708,0.21687480
728.03159998,0.22344697
728.26768372,0.21973587
728.50377827,0.23115943
728.73988365,0.22765565
728.97599985,0.22518849
729.21212686,0.22717880
729.44826468,0.23026793
729.68441331,0.22226522
729.92057275,0.21776629
730.15674299,0.22145666
730.39292403,0.22315672
730.62911587,0.21731018
730.86531851,0.21473936
731.10153194,0.21088313
731.33775616,0.20528538
731.57399117,0.19935591
731.81023696,0.18227241
732.04649353,0.17816739
732.28276088,0.16639139
732.51903901,0.16402789
732.75532791,0.15274946
732.99162758,0.15229335
733.22793802,0.14729684
733.46425923,0.13883802
733.70059119,0.13952219
733.93693392,0.12973649
734.17328740,0.12882427
734.40965164,0.12874134
734.64602662,0.12372409
734.88241236,0.12716567
735.11880884,0.12934258
735.35521607,0.12954990
735.59163403,0.12981942
735.82806273,0.13508545
736.06450217,0.14084906
736.30095234,0.14066247
736.53741323,0.14563825
736.77388486,0.16199612
737.01036720,0.17111838
737.24686027,0.18546520
737.48336406,0.20449755
737.71987856,0.21863705
737.95640377,0.22784224
738.19293969,0.23690230
738.42948632,0.25566513
738.66604365,0.26880948
738.90261169,0.27735123
739.13919042,0.27542311
739.37577985,0.27699878
739.61237997,0.27619021
739.84899078,0.27142176
740.08561228,0.27071686
740.32224446,0.25836034
740.55888732,0.24082073
740.79554087,0.23462174
741.03220509,0.22568607
741.26887998,0.21552719
741.50556555,0.21131851
741.74226178,0.19811197
741.97896868,0.19873394
742.21568624,0.18977754
742.45241446,0.18173337
742.68915333,0.17599049
742.92590286,0.17192694
743.16266304,0.16763533
743.39943387,0.16390350
743.63621535,0.16189245
743.87300747,0.16224491
744.10981023,0.15442879
744.34662363,0.15426293
744.58344766,0.15494710
744.82028232,0.15675082
745.05712761,0.15581786
745.29398353,0.15339217
745.53085007,0.14955667
745.76772724,0.14393819
746.00461502,0.14507847
746.24151341,0.13921120
746.47842242,0.14041368
746.71534204,0.14093199
746.95227227,0.14016489
747.18921310,0.14924569
747.42616453,0.14679926
747.66312656,0.15567273
747.90009918,0.14715171
748.13708240,0.14988839
748.37407621,0.15652276
748.61108061,0.15687521
748.84809559,0.15478124
749.08512115,0.15710327
749.32215730,0.14520287
749.55920401,0.15011645
749.79626131,0.15652276
750.03332917,0.15722766
750.27040760,0.14905909
750.50749660,0.15735206
750.74459616,0.15847161
750.98170628,0.15424220
751.21882695,0.15594225
751.45595818,0.15086281
751.69309997,0.15260434
751.93025230,0.14912129
752.16741517,0.14358574
752.40458859,0.14791881
752.64177256,0.14655047
752.87896705,0.14970180
753.11617209,0.15140186
753.35338765,0.15907285
753.59061374,0.15795330
753.82785037,0.16282541
754.06509751,0.16778046
754.30235518,0.17167815
754.53962336,0.17974306
754.77690206,0.18983974
755.01419127,0.19591433
755.25149099,0.20951479
755.48880122,0.21627356
755.72612195,0.22411041
755.96345319,0.22643244
756.20079492,0.22618365
756.43814715,0.22168472
756.67550987,0.23157407
756.91288309,0.22008832
757.15026679,0.21952855
757.38766097,0.22556168
757.62506564,0.22019198
757.86248079,0.21399299
758.09990641,0.20348166
758.33734251,0.20783547
758.57478908,0.20572076
758.81224612,0.20362679
759.04971362,0.19514723
759.28719159,0.18735185
759.52468001,0.17410384
759.76217889,0.17982599
759.99968823,0.17037201
760.23720802,0.15975702
760.47473826,0.14764929
760.71227894,0.14543092
760.94983007,0.13840264
761.18739164,0.13489886
761.42496364,0.13541717
761.66254608,0.14076613
761.90013895,0.14864445
762.13774226,0.15585932
762.37535598,0.15652276
762.61298014,0.15689594
762.85061471,0.15915578
763.08825970,0.15415927
763.32591511,0.15975702
763.56358093,0.16313640
763.80125716,0.16037899
764.03894380,0.17192694
764.27664084,0.18119432
764.51434829,0.17978452
764.75206613,0.18731038
764.98979437,0.18608717
765.22753300,0.18318464
765.46528203,0.19243129
765.70304144,0.19549969
765.94081124,0.19896200
766.17859142,0.20271456
766.41638197,0.20370972
766.65418291,0.19191298
766.89199422,0.19896200
767.12981590,0.18376514
767.36764795,0.18077968
767.60549036,0.17416604
767.84334314,0.17516119
768.08120628,0.16819511
768.31907977,0.17234159
768.55696362,0.17151229
768.79485782,0.16821584
769.03276238,0.16624626
769.27067727,0.16670237
769.50860251,0.16510598
769.74653809,0.17692345
769.98448401,0.17414531
770.22244027,0.17458069
770.46040685,0.18666768
770.69838377,0.18208582
770.93637101,0.17800153
771.17436858,0.17760762
771.41237647,0.17368919
771.65039468,0.17748322
771.88842320,0.18011624
772.12646204,0.18353709
772.36451118,0.18030283
772.60257064,0.17619781
772.84064039,0.17495387
773.07872045,0.17437336
773.31681081,0.17045494
773.55491147,0.16989516
773.79302242,0.17719297
774.03114366,0.17601122
774.26927519,0.17580390
774.50741700,0.16193392
774.74556910,0.15988141
774.98373147,0.15494710
775.22190413,0.15527882
775.46008705,0.15511296
775.69828025,0.14986766
775.93648372,0.15077988
776.17469745,0.14740050
776.41292145,0.14756636
776.65115570,0.14667487
776.88940022,0.16071071
777.12765499,0.15320558
777.36592001,0.16371691
777.60419528,0.15664716
777.84248079,0.15621177
778.08077655,0.15683375
778.31908256,0.16058631
778.55739879,0.15274946
778.79572527,0.15561053
779.03406198,0.14816760
779.27240891,0.14238326
779.51076608,0.13653672
779.74913346,0.13593548
779.98751107,0.13502325
780.22589890,0.15090428
780.46429695,0.12623271
780.70270520,0.13375858
780.94112367,0.12664736
781.17955235,0.13270123
781.41799123,0.12507170
781.65644031,0.13189266
781.89489959,0.12733153
782.13336907,0.12795350
782.37184874,0.12478145
782.61033861,0.12362043
782.84883866,0.12741446
783.08734890,0.12075936
783.32586931,0.12295699
783.56439991,0.12809863
783.80294069,0.11957761
784.04149164,0.12677176
784.28005276,0.13048286
784.51862406,0.14091126
784.75720551,0.13970878
784.99579713,0.13867216
785.23439891,0.14781515
785.47301085,0.14315036
785.71163295,0.14049661
785.95026519,0.14787735
786.18890759,0.14310889
786.42756013,0.14377233
786.66622282,0.14033075
786.90489564,0.14609436
787.14357861,0.13525131
787.38227171,0.13784286
787.62097494,0.13558303
787.85968831,0.13268049
788.09841180,0.12476071
788.33714541,0.12418021
788.57588915,0.11943248
788.81464301,0.11433231
789.05340698,0.11188589
789.29218106,0.11601164
789.53096526,0.11563845
789.76975956,0.10873456
790.00856397,0.10887969
790.24737848,0.11899710
790.48620309,0.11414572
790.72503780,0.12274967
790.96388260,0.12138133
791.20273749,0.12442899
791.44160247,0.11605310
791.68047754,0.11252859
791.91936269,0.10568690
792.15825792,0.10375879
792.39716323,0.10879676
792.63607861,0.10456735
792.87500406,0.10576983
793.11393958,0.11296397
793.35288517,0.11068341
793.59184082,0.11182369
793.83080653,0.11518234
794.06978230,0.12123620
794.30876813,0.12979869
794.54776401,0.12563147
794.78676993,0.12231429
795.02578591,0.13386224
795.26481193,0.13093897
795.50384798,0.12401435
795.74289408,0.12484364
795.98195022,0.13593548
796.22101638,0.13728309
796.46009258,0.13720016
796.69917880,0.14091126
796.93827505,0.13827824
797.17738132,0.13798799
797.41649761,0.13576962
797.65562392,0.14410405
797.89476024,0.13825751
798.13390657,0.13278415
798.37306290,0.14217594
798.61222925,0.13340613
798.85140559,0.13392444
799.09059194,0.12544488
799.32978828,0.12959136
799.56899462,0.11379327
799.80821094,0.11868612
800.04743726,0.11460183
800.28667356,0.11176149
800.52591985,0.11261152
800.76517611,0.11462257
801.00444236,0.11669581
801.24371857,0.11628116
801.48300476,0.11978494
801.72230092,0.11737998
801.96160705,0.11970201
802.20092314,0.12503023
802.44024919,0.12588026
802.67958519,0.12681322
802.91893116,0.12811936
803.15828707,0.13178900
803.39765294,0.13460861
803.63702875,0.14711025
803.87641450,0.14937008
804.11581020,0.15418000
804.35521584,0.16431815
804.59463141,0.16568648
804.83405692,0.15990214
805.07349235,0.16464986
805.31293772,0.17151229
805.55239300,0.16885854
805.79185821,0.17035128
806.03133334,0.17230012
806.27081839,0.16680603
806.51031335,0.16435961
806.74981822,0.16900367
806.98933300,0.16923173
807.22885768,0.15983995
807.46839227,0.15558980
807.70793675,0.15617031
807.94749114,0.15954969
808.18705542,0.15270800
808.42662959,0.15913504
808.66621364,0.15138112
808.90580759,0.15797403
809.14541141,0.14663340
809.38502512,0.13958438
809.62464871,0.13450494
809.86428217,0.13232804
810.10392550,0.12036544
810.34357870,0.11124318
810.58324177,0.11547260
810.82291470,0.10292949
811.06259749,0.09656464
811.30229015,0.10147822
811.54199265,0.09409748
811.78170501,0.08557646
812.02142722,0.07840305
812.26115928,0.07523099
812.50090118,0.07214186
812.74065292,0.06921860
812.98041450,0.06299887
813.22018592,0.06658558
813.45996717,0.05692428
813.69975825,0.05642670
813.93955916,0.05306805
814.17936989,0.05213509
814.41919045,0.04516900
814.65902083,0.05279853
814.89886102,0.04332382
815.13871102,0.04158230
815.37857084,0.03702117
815.61844047,0.04089813
815.85831990,0.03936393
816.09820913,0.03650286
816.33810817,0.03237711
816.57801700,0.03304055
816.81793562,0.03192100
817.05786404,0.03279176
817.29780225,0.02449879
817.53775024,0.02568054
817.77770801,0.02541102
818.01767557,0.02501710
818.25765290,0.02565981
818.49764001,0.02526589
818.73763689,0.02646837
818.97764354,0.02690375
819.21765996,0.03239784
819.45768614,0.02837575
819.69772209,0.02700742
819.93776779,0.03161001
820.17782324,0.02688302
820.41788845,0.02839649
820.65796341,0.02493417
820.89804812,0.02420854
821.13814257,0.02733913
821.37824677,0.02837575
821.61836070,0.02955750
821.85848437,0.02688302
822.09861777,0.03399424
822.33876090,0.03598455
822.57891376,0.03899075
822.81907635,0.04431897
823.05924866,0.04968867
823.29943069,0.05816822
823.53962243,0.07400778
823.77982389,0.08594965
824.02003506,0.09921839
824.26025594,0.11331642
824.50048652,0.13458787
824.74072681,0.14128444
824.98097680,0.15952896
825.22123648,0.17149156
825.46150586,0.19265935
825.70178493,0.20128403
825.94207369,0.21198195
826.18237214,0.22450432
826.42268027,0.23636326
826.66299808,0.23354365
826.90332557,0.23883042
827.14366273,0.23424855
827.38400957,0.24390986
827.62436608,0.24650141
827.86473225,0.24730997
828.10510809,0.25147718
828.34549359,0.25377848
828.58588874,0.25533341
828.82629356,0.26225804
829.06670802,0.26068237
829.30713214,0.26010187
829.54756590,0.25311504
829.78800931,0.25247234
830.02846236,0.25435899
830.26892505,0.24874051
830.50939738,0.24069633
830.74987934,0.23153261
830.99037093,0.22241035
831.23087215,0.21840900
831.47138299,0.20910014
831.71190346,0.21119412
831.95243355,0.20791840
832.19297325,0.20514025
832.43352257,0.20010228
832.67408150,0.19925225
832.91465003,0.19566554
833.15522818,0.18347489
833.39581592,0.18809822
833.63641327,0.18853360
833.87702022,0.17136716
834.11763676,0.16046192
834.35826289,0.16093876
834.59889861,0.15036524
834.83954392,0.13454641
835.08019881,0.12965356
835.32086328,0.12695835
835.56153733,0.12227282
835.80222095,0.11196882
836.04291415,0.10525152
836.28361692,0.09082176
836.52432926,0.09042785
836.76505116,0.08391787
837.00578262,0.08429106
837.24652364,0.07778108
837.48727421,0.07125037
837.72803434,0.07172722
837.96880402,0.06612947
838.20958325,0.06399403
838.45037202,0.06610873
838.69117033,0.06670997
838.93197819,0.06571482
839.17279558,0.05995121
839.41362250,0.06824417
839.65445896,0.07133330
839.89530494,0.07815426
840.13616045,0.07653714
840.37702548,0.07701398
840.61790003,0.08433252
840.85878410,0.08785703
841.09967768,0.08010311
841.34058078,0.07993725
841.58149338,0.07954333
841.82241549,0.08346176
842.06334710,0.08053849
842.30428821,0.07454682
842.54523883,0.07388339
842.78619893,0.07790547
843.02716853,0.07680666
843.26814762,0.07249432
843.50913619,0.06521724
843.75013425,0.06596361
843.99114179,0.06422209
844.23215881,0.06277082
844.47318530,0.05798163
844.71422127,0.06602580
844.95526670,0.05947436
845.19632161,0.06051098
845.43738597,0.05062163
845.67845980,0.05522422
845.91954309,0.04869351
846.16063584,0.04788495
846.40173803,0.04836179
846.64284968,0.05541081
846.88397078,0.04805081
847.12510132,0.05263267
847.36624130,0.05045577
847.60739073,0.05393881
847.84854959,0.05219729
848.08971788,0.05437419
848.33089561,0.05764991
848.57208276,0.05847921
848.81327934,0.06706243
849.05448534,0.06165127
849.29570076,0.06505138
849.53692560,0.07357240
849.77815986,0.07475415
850.01940353,0.08534841
850.26065660,0.08806435
850.50191908,0.10247338
850.74319097,0.09950864
850.98447225,0.11543113
851.22576294,0.12303992
851.46706301,0.12878280
851.70837248,0.13800872
851.94969135,0.15042743
852.19101959,0.15237628
852.43235722,0.17020615
852.67370424,0.17186474
852.91506063,0.17557584
853.15642640,0.17692345
853.39780154,0.18119432
853.63918605,0.18036503
853.88057992,0.18426272
854.12198317,0.18811895
854.36339577,0.18722746
854.60481773,0.18185776
854.84624905,0.18229314
855.08768973,0.18529934
855.32913975,0.18154678
855.57059912,0.18001258
855.81206784,0.17692345
856.05354590,0.16923173
856.29503330,0.16388277
856.53653004,0.15776671
856.77803611,0.16100096
857.01955151,0.15787037
857.26107624,0.18351635
857.50261030,0.14822980
857.74415367,0.14590777
857.98570637,0.14151250
858.22726839,0.14553459
858.46883972,0.13525131
858.71042037,0.13100117
858.95201032,0.12843035
859.19360958,0.12158866
859.43521814,0.11657141
859.67683601,0.11045535
859.91846317,0.11932882
860.16009963,0.09899033
860.40174538,0.09409748
860.64340042,0.08922537
860.88506474,0.08605331
861.12673835,0.08373128
861.36842125,0.07823719
861.61011342,0.08012384
861.85181487,0.08385567
862.09352559,0.08856193
862.33524558,0.08932903
862.57697484,0.08485083
862.81871336,0.08901804
863.06046114,0.09583901
863.30221819,0.09055224
863.54398449,0.09884520
863.78576004,0.10064892
864.02754485,0.09936352
864.26933890,0.09735247
864.51114220,0.09517557
864.75295474,0.09590120
864.99477653,0.10139529
865.23660755,0.09656464
865.47844780,0.09057297
865.72029728,0.08702773
865.96215600,0.08812655
866.20402394,0.08773263
866.44590110,0.08849973
866.68778748,0.07691032
866.92968308,0.08377275
867.17158790,0.08070435
867.41350193,0.07995798
867.65542516,0.08037263
867.89735761,0.08636430
868.13929926,0.08578379
868.38125011,0.08507889
868.62321015,0.08333736
868.86517940,0.08727652
869.10715783,0.08055922
869.34914546,0.08288125
869.59114227,0.08362762
869.83314827,0.07948114
870.07516344,0.07935674
870.31718780,0.07469195
870.55922133,0.08250807
870.80126404,0.07800914
871.04331592,0.07483708
871.28537696,0.07566637
871.52744717,0.07485781
871.76952655,0.07458829
872.01161508,0.07954333
872.25371277,0.08074581
872.49581961,0.07657860
872.73793560,0.07738716
872.98006075,0.07744936
873.22219503,0.07900429
873.46433846,0.08174097
873.70649103,0.08093241
873.94865274,0.07332361
874.19082358,0.07462975
874.43300356,0.07222479
874.67519266,0.06915640
874.91739089,0.06301961
875.15959824,0.06339279
875.40181471,0.05997194
875.64404031,0.06530017
875.88627501,0.05733893
876.12851883,0.05740112
876.37077176,0.05959876
876.61303379,0.05300585
876.85530493,0.05576326
877.09758517,0.04680686
877.33987451,0.04693126
877.58217294,0.05010332
877.82448047,0.04840326
878.06679709,0.05866580
878.30912279,0.05261194
878.55145758,0.05580473
878.79380145,0.05823042
879.03615440,0.05599132
879.27851643,0.06438794
879.52088753,0.06459527
879.76326770,0.06345499
880.00565694,0.07297116
880.24805524,0.07483708
880.49046260,0.07956407
880.73287903,0.07686885
880.97530451,0.08352396
881.21773905,0.08010311
881.46018264,0.07954333
881.70263527,0.08623990
881.94509695,0.08091167
882.18756768,0.08387641
882.43004744,0.08816802
882.67253625,0.08988881
882.91503409,0.08711066
883.15754095,0.08456058
883.40005685,0.07734570
883.64258178,0.07977139
883.88511573,0.07583223
884.12765869,0.07415291
884.37021068,0.07628835
884.61277168,0.07622615
884.85534170,0.06917713
885.09792072,0.06505138
885.34050876,0.06134028
885.58310579,0.06563189
885.82571183,0.06330986
886.06832686,0.05767064
886.31095090,0.06250130
886.55358392,0.05752552
886.79622594,0.05265340
887.03887694,0.05062163
887.28153693,0.05120213
887.52420589,0.05528642
887.76688384,0.05509983
888.00957077,0.05209363
888.25226667,0.04564585
888.49497154,0.04678613
888.73768537,0.04697272
888.98040818,0.04307503
889.22313994,0.04079447
889.46588067,0.04245306
889.70863035,0.03650286
889.95138899,0.03438815
890.19415657,0.03561136
890.43693311,0.03131976
890.67971859,0.03235638
890.92251302,0.02516223
891.16531639,0.02762939
891.40812869,0.02418781
891.65094993,0.02352437
891.89378010,0.02588787
892.13661920,0.02288167
892.37946723,0.02665496
892.62232418,0.02443660
892.86519005,0.03142342
893.10806484,0.02706961
893.35094854,0.03644066
893.59384116,0.03289542
893.83674269,0.03913587
894.07965312,0.03926027
894.32257246,0.04664100
894.56550070,0.04676540
894.80843784,0.05634377
895.05138388,0.05304732
895.29433881,0.05512056
895.53730263,0.05132653
895.78027533,0.05611571
896.02325692,0.05404247
896.26624740,0.05431200
896.50924675,0.05889386
896.75225498,0.06094637
896.99527208,0.05841701
897.23829806,0.05667549
897.48133290,0.06080124
897.72437661,0.05957803
897.96742918,0.05881093
898.21049061,0.06389037
898.45356090,0.05947436
898.69664005,0.06107076
898.93972804,0.05530715
899.18282488,0.06026220
899.42593057,0.05810603
899.66904511,0.05536935
899.91216848,0.05698648
900.15530069,0.05356563
900.39844174,0.05796090
900.64159162,0.05584619
900.88475033,0.05468518
901.12791786,0.06355865
901.37109422,0.06252203
901.61427940,0.05986828
901.85747340,0.06262569
902.10067621,0.06322693
902.34388784,0.07197601
902.58710827,0.07214186
902.83033752,0.06928079
903.07357557,0.07369680
903.31682242,0.07193454
903.56007807,0.07309556
903.80334251,0.07203820
904.04661575,0.07550051
904.28989778,0.08163731
904.53318860,0.08713140
904.77648820,0.08443618
905.01979659,0.08843754
905.26311375,0.08505815
905.50643969,0.08277759
905.74977441,0.09013759
905.99311789,0.09200351
906.23647015,0.09627439
906.47983117,0.09349624
906.72320095,0.08812655
906.96657950,0.09196205
907.20996680,0.08860340
907.45336285,0.08961928
907.69676766,0.09017906
907.94018122,0.09521703
908.18360352,0.09140227
908.42703457,0.09214864
908.67047435,0.08217635
908.91392288,0.08310931
909.15738014,0.07983359
909.40084613,0.07885916
909.64432085,0.08055922
909.88780430,0.08188610
910.13129648,0.08192756
910.37479737,0.08275686
910.61830699,0.08518255
910.86182531,0.08615697
911.10535236,0.07912869
911.34888811,0.08410446
911.59243257,0.07413218
911.83598573,0.07266018
912.07954760,0.06870029
912.32311816,0.07085646
912.56669743,0.07786401
912.81028538,0.07185161
913.05388203,0.07075279
913.29748736,0.07406998
913.54110138,0.07324068
913.78472408,0.07614322
914.02835547,0.07058693
914.27199552,0.07693105
914.51564426,0.07887990
914.75930166,0.07871404
915.00296774,0.07985432
915.24664247,0.08588745
915.49032588,0.08167877
915.73401794,0.08306784
915.97771866,0.07904576
916.22142803,0.08702773
916.46514606,0.08841680
916.70887274,0.08922537
916.95260806,0.08014457
917.19635202,0.08806435
917.44010463,0.08196903
917.68386588,0.08551427
917.92763576,0.08609477
918.17141427,0.09554875
918.41520141,0.09967450
918.65899718,0.09791225
918.90280158,0.10013061
919.14661459,0.10417343
919.39043623,0.11126392
919.63426648,0.11980567
919.87810534,0.13224511
920.12195281,0.13485740
920.36580890,0.12650224
920.60967358,0.12538269
920.85354687,0.12409728
921.09742876,0.12409728
921.34131924,0.12322652
921.58521832,0.12500950
921.82912599,0.11878978
922.07304225,0.11702753
922.31696709,0.10635034
922.56090052,0.11041389
922.80484252,0.10632960
923.04879310,0.10759428
923.29275226,0.10346853
923.53671999,0.10089771
923.78069629,0.08920464
924.02468115,0.09337185
924.26867458,0.08512035
924.51267656,0.08049702
924.75668711,0.07817500
925.00070621,0.07894209
925.24473386,0.07093939
925.48877006,0.06646119
925.73281481,0.06552823
925.97686810,0.05856214
926.22092994,0.05304732
926.46500031,0.05082895
926.70907921,0.04577024
926.95316665,0.04879717
927.19726262,0.04098106
927.44136712,0.04158230
927.68548014,0.03353812
927.92960168,0.03480280
928.17373175,0.02756719
928.41787032,0.02671716
928.66201741,0.02458172
928.90617302,0.02238409
929.15033713,0.02082916
929.39450974,0.02020719
929.63869086,0.02176212
929.88288047,0.02174138
930.12707859,0.02058037
930.37128520,0.02735987
930.61550029,0.01863152
930.85972388,0.02294386
931.10395595,0.01865226
931.34819651,0.02033158
931.59244554,0.02006206
931.83670306,0.02004133
932.08096904,0.02582567
932.32524350,0.02864528
932.56952643,0.02881113
932.81381782,0.03416010
933.05811768,0.03046973
933.30242600,0.04042128
933.54674278,0.03782973
933.79106801,0.04462996
934.03540169,0.04396652
934.27974382,0.04143717
934.52409440,0.04670320
934.76845343,0.05288146
935.01282089,0.05138873
935.25719680,0.05858287
935.50158114,0.06196225
935.74597391,0.06196225
935.99037511,0.06090490
936.23478474,0.06038659
936.47920279,0.05945363
936.72362927,0.06801612
936.96806417,0.05725600
937.21250748,0.06063538
937.45695920,0.06015853
937.70141934,0.05468518
937.94588788,0.05306805
938.19036483,0.05371076
938.43485019,0.05742186
938.67934394,0.05468518
938.92384608,0.05271560
939.16835663,0.05283999
939.41287556,0.05271560
939.65740288,0.05516202
939.90193859,0.04207988
940.14648268,0.04747030
940.39103515,0.04274331
940.63559600,0.05101554
940.88016523,0.04765689
941.12474282,0.04701419
941.36932879,0.04494095
941.61392312,0.04946061
941.85852581,0.04606050
942.10313687,0.04295064
942.34775628,0.04533486
942.59238405,0.04166523
942.83702017,0.04425678
943.08166464,0.04479582
943.32631746,0.04846546
943.57097862,0.04492021
943.81564813,0.04514827
944.06032597,0.04624709
944.30501215,0.04141644
944.54970666,0.04906670
944.79440950,0.04427751
945.03912067,0.04199695
945.28384016,0.04873498
945.52856798,0.04317869
945.77330412,0.04324089
946.01804857,0.03718703
946.26280133,0.04062861
946.50756241,0.04064934
946.75233179,0.04251526
946.99710948,0.04243233
947.24189548,0.04798861
947.48668977,0.04444337
947.73149236,0.04908743
947.97630324,0.04369700
948.22112242,0.04589464
948.46594988,0.04508607
948.71078563,0.03932246
948.95562966,0.04730444
949.20048198,0.03899075
949.44534257,0.03525891
949.69021144,0.03515525
949.93508857,0.03843097
950.17997398,0.03405643
950.42486766,0.03163074
950.66976959,0.03648213
950.91467979,0.03339300
951.15959825,0.03086364
951.40452496,0.03001361
951.64945993,0.02912212
951.89440314,0.03552843
952.13935461,0.02864528
952.38431431,0.02852088
952.62928226,0.02698668
952.87425845,0.02785744
953.11924287,0.03258443
953.36423553,0.02642691
953.60923642,0.02354510
953.85424553,0.02682082
954.09926287,0.02400122
954.34428843,0.02219750
954.58932222,0.02281947
954.83436421,0.02410488
955.07941443,0.02004133
955.32447285,0.01726318
955.56953948,0.02051817
955.81461432,0.02124381
956.05969736,0.01525214
956.30478860,0.01288865
956.54988803,0.01516921
956.79499567,0.01338622
957.04011149,0.01695220
957.28523550,0.01048369
957.53036770,0.01330329
957.77550808,0.01160324
958.02065664,0.01253620
958.26581338,0.00967512
958.51097830,0.01185203
958.75615139,0.01218374
959.00133264,0.01579118
959.24652207,0.01067028
959.49171965,0.01674487
959.73692540,0.01380087
959.98213931,0.01348989
960.22736137,0.01489969
960.47259159,0.01730465
960.71782995,0.04523120
960.96307647,0.01686927
961.20833112,0.01813395
961.45359392,0.02503784
961.69886486,0.02377316
961.94414394,0.02694522
962.18943115,0.02553541
962.43472648,0.02325485
962.68002995,0.02951604
962.92534154,0.02889406
963.17066126,0.02690375
963.41598909,0.02818916
963.66132504,0.03096730
963.90666911,0.03165147
964.15202128,0.03034533
964.39738157,0.03700044
964.64274996,0.03476134
964.88812645,0.04249452
965.13351104,0.03623334
965.37890374,0.03770534
965.62430452,0.03822365
965.86971340,0.04166523
966.11513036,0.04255672
966.36055542,0.04394579
966.60598855,0.04348968
966.85142977,0.03930173
967.09687907,0.04093959
967.34233644,0.04046275
967.58780188,0.04309576
967.83327539,0.04125058
968.07875697,0.04539706
968.32424661,0.04892157
968.56974432,0.04564585
968.81525008,0.04230793
969.06076390,0.04633002
969.30628577,0.04821667
969.55181570,0.04970940
969.79735367,0.05055943
970.04289968,0.04181035
970.28845374,0.04869351
970.53401583,0.04838253
970.77958597,0.05103627
971.02516413,0.04545926
971.27075033,0.04626782
971.51634455,0.04471289
971.76194680,0.05273633
972.00755708,0.04890084
972.25317537,0.05684135
972.49880168,0.05474738
972.74443600,0.05416687
972.99007834,0.05665476
973.23572868,0.06017927
973.48138703,0.05970242
973.72705338,0.05754625
973.97272774,0.05854141
974.21841009,0.05744259
974.46410043,0.05713160
974.70979877,0.05371076
974.95550510,0.04931549
975.20121941,0.05373149
975.44694171,0.05219729
975.69267199,0.04852765
975.93841024,0.04989599
976.18415647,0.05495470
976.42991068,0.05269487
976.67567285,0.05366929
976.92144299,0.05246681
977.16722110,0.05408394
977.41300717,0.05899752
977.65880119,0.05526569
977.90460317,0.04898377
978.15041311,0.05879019
978.39623099,0.05422907
978.64205683,0.05362783
978.88789061,0.05379368
979.13373233,0.04722151
979.37958199,0.04353114
979.62543958,0.03979931
979.87130511,0.04232866
980.11717857,0.04048348
980.36305996,0.03822365
980.60894928,0.03695897
980.85484651,0.03420156
981.10075167,0.03718703
981.34666475,0.03768460
981.59258573,0.03596382
981.83851463,0.03248077
982.08445144,0.03094657
982.33039616,0.02717327
982.57634878,0.02474758
982.82230930,0.02217676
983.06827771,0.02499637
983.31425403,0.02445733
983.56023823,0.02091209
983.80623032,0.02719401
984.05223031,0.01823761
984.29823817,0.02093282
984.54425391,0.02018645
984.79027754,0.01601924
985.03630904,0.01933642
985.28234841,0.01929496
985.52839565,0.02375243
985.77445076,0.01987547
986.02051374,0.02514150
986.26658457,0.01871445
986.51266327,0.02663423
986.75874982,0.02626105
987.00484422,0.02402195
987.25094647,0.02908066
987.49705658,0.02997215
987.74317452,0.02993068
987.98930031,0.03134049
988.23543394,0.03751875
988.48157541,0.03416010
988.72772471,0.03793339
988.97388184,0.04139571
989.22004680,0.03534184
989.46621959,0.03950906
989.71240020,0.03490646
989.95858862,0.03944686
990.20478487,0.03573576
990.45098893,0.04506534
990.69720080,0.04104325
990.94342048,0.04154083
991.18964797,0.03932246
991.43588326,0.04166523
991.68212635,0.03768460
991.92837724,0.03923954
992.17463593,0.04011030
992.42090240,0.03948832
992.66717667,0.03540404
992.91345872,0.03082218
993.15974856,0.02559761
993.40604618,0.03026240
993.65235158,0.02524516
993.89866475,0.02429147
994.14498570,0.02379389
994.39131441,0.02416708
994.63765090,0.02574274
994.88399515,0.02134747
995.13034716,0.02221823
995.37670693,0.02211457
995.62307445,0.01910837
995.86944973,0.01568752
996.11583276,0.01479603
996.36222354,0.01742904
996.60862206,0.01875592
996.85502833,0.01662048
997.10144233,0.01620583
997.34786408,0.01394600
997.59429355,0.01487896
997.84073076,0.01425699
998.08717570,0.00876290
998.33362836,0.01433991
998.58008875,0.00859704
998.82655685,0.01452651
999.07303267,0.01863152
999.31951621,0.01315817
999.56600746,0.00930194
999.81250642,0.00917755
1000.05901309,0.00718723
1000.30552746,0.00971659
1000.55204953,0.00905315
1000.79857929,0.01286791
1001.04511676,0.01419479
1001.29166191,0.01545946
1001.53821476,0.00751895
1001.78477529,0.01228741
1002.03134351,0.01069101
1002.27791941,0.01189349
1002.52450299,0.01201789
1002.77109424,0.01166543
1003.01769317,0.00863850
1003.26429976,0.01239107
1003.51091403,0.00907388
1003.75753596,0.01239107
1004.00416555,0.00799580
1004.25080280,0.01487896
1004.49744771,0.01033856
1004.74410027,0.00888729
1004.99076048,0.00923974
1005.23742834,0.01002757
1005.48410384,0.01388380
1005.73078699,0.01050442
1005.97747778,0.01118859
1006.22417620,0.01064955
1006.47088226,0.00950926
1006.71759595,0.01346915
1006.96431727,0.01676561
1007.21104622,0.01380087
1007.45778279,0.01583265
1007.70452698,0.01127152
1007.95127879,0.01284718
1008.19803821,0.01512775
1008.44480524,0.01570825
1008.69157988,0.01732538
1008.93836213,0.01894251
1009.18515199,0.01282645
1009.43194944,0.01556313
1009.67875450,0.01319963
1009.92556715,0.01019343
1010.17238739,0.01348989
1010.41921522,0.01527287
1010.66605064,0.01438138
1010.91289364,0.01239107
1011.15974422,0.01147884
1011.40660239,0.01284718
1011.65346813,0.01230814
1011.90034144,0.02138893
1012.14722232,0.01713879
1012.39411078,0.01170690
1012.64100679,0.01417406
1012.88791037,0.01589485
1013.13482151,0.01446431
1013.38174020,0.01423625
1013.62866645,0.01765710
1013.87560025,0.01875592
1014.12254160,0.01550093
1014.36949049,0.01755344
1014.61644693,0.02300606
1014.86341091,0.01645462
1015.11038242,0.01790589
1015.35736147,0.02053890
1015.60434805,0.01628876
1015.85134216,0.01676561
1016.09834379,0.01686927
1016.34535295,0.01738758
1016.59236963,0.01846566
1016.83939383,0.01769856
1017.08642554,0.01885958
1017.33346476,0.01888031
1017.58051150,0.01778149
1017.82756574,0.01297158
1018.07462748,0.01400820
1018.32169673,0.01672414
1018.56877347,0.01442284
1018.81585771,0.01850713
1019.06294945,0.01290938
1019.31004867,0.00782994
1019.55715538,0.00565304
1019.80426957,0.01317890
1020.05139125,0.01589485
1020.29852041,0.01577045
1020.54565704,0.00731163
1020.79280114,0.01149957
1021.03995272,0.00637867
1021.28711177,0.01361428
1021.53427828,0.00913608
1021.78145225,0.01081541
1022.02863368,0.00702138
1022.27582257,0.00666892
1022.52301891,0.01216301
1022.77022270,0.00863850
1023.01743395,0.00814093
1023.26465263,0.00899095
1023.51187876,0.00246025
1023.75911234,0.00467861
1024.00635335,0.00399444
1024.25360179,0.00480301
1024.50085766,0.00289563
1024.74812097,0.00403591
1024.99539170,0.00442982
1025.24266985,0.00573597
1025.48995543,0.00183827
1025.73724842,0.00368346
1025.98454883,0.00671039
1026.23185665,0.00071872
1026.47917188,0.00268830
1026.72649452,0.00521766
1026.97382456,0.00600549
1027.22116200,0.00169315
1027.46850685,0.00513473
1027.71585908,0.00515546
1027.96321872,0.00586036
1028.21058574,0.00227365
1028.45796014,-0.01143047
1028.70534194,-0.01080849
1028.95273111,-0.01182438
1029.20012767,-0.01116095
1029.44753160,-0.01267441
1029.69494290,-0.01080849
