199.82001468,0.00182942
200.02220309,0.00625727
200.22440896,0.00125008
200.42663230,0.00182942
200.62887310,0.00056728
200.83113136,0.00369160
201.03340708,0.00050520
201.23570025,0.00379506
201.43801087,0.00393989
201.64033894,0.00561586
201.84268445,0.00456062
202.04504741,0.00156044
202.24742780,0.00356746
202.44982564,0.00191218
202.65224090,-0.00129491
202.85467360,0.00563655
203.05712372,0.00429164
203.25959128,0.00011208
203.46207625,0.00234669
203.66457864,0.00228462
203.86709846,0.00344331
204.06963568,0.00509858
204.27219032,0.00280189
204.47476237,0.00162251
204.67735182,0.00036037
204.87995868,0.01138862
205.08258293,0.00549171
205.28522459,0.00236738
205.48788364,0.00236738
205.69056008,0.00216048
205.89325391,0.00710560
206.09596513,0.00180873
206.29869374,0.00687800
206.50143972,0.00400197
206.70420308,0.00236738
206.90698382,0.00255360
207.10978194,0.00151906
207.31259742,0.00737458
207.51543027,-0.00092247
207.71828048,0.00164320
207.92114806,0.00067073
208.12403299,0.00849189
208.32693528,0.00100178
208.52985493,0.00230531
208.73279193,-0.00121214
208.93574627,0.00874018
209.13871796,0.00393989
209.34170699,0.00236738
209.54471336,0.00151906
209.74773707,0.00350538
209.95077811,0.00100178
210.15383649,0.00224324
210.35691219,0.00315364
210.56000522,0.00298811
210.76311557,-0.00021898
210.96624324,0.00480891
211.16938823,0.00054658
211.37255053,0.00197426
211.57573015,0.00216048
211.77892707,0.00383644
211.98214130,0.00133284
212.18537284,0.00189149
212.38862167,0.00015346
212.59188781,0.00005000
212.79517124,-0.00081901
212.99847196,0.00075349
213.20178997,0.00365022
213.40512527,0.00480891
213.60847785,0.00166389
213.81184772,0.00236738
214.01523486,-0.00023967
214.21863928,0.00406404
214.42206097,0.00439509
214.62549993,0.00199495
214.82895616,0.00255360
215.03242966,0.00176735
215.23592042,0.00009138
215.43942843,0.00298811
215.64295370,0.00261568
215.84649623,0.00269844
216.05005601,0.00600898
216.25363303,0.00226393
216.45722731,0.00077418
216.66083882,-0.00009483
216.86446757,0.00470546
217.06811356,0.00073280
217.27177679,0.00551240
217.47545724,0.00329847
217.67915493,0.00218117
217.88286984,0.00220186
218.08660198,0.00311226
218.29035133,0.00627797
218.49411790,0.00691938
218.69790169,0.00245015
218.90170269,0.00251222
219.10552090,0.00619520
219.30935632,0.00437440
219.51320894,0.00127077
219.71707876,0.00044313
219.92096578,0.00507789
220.12486999,0.00172597
220.32879140,0.00503651
220.53272999,0.00029829
220.73668578,0.00325709
220.94065875,0.00505720
221.14464890,0.00151906
221.34865623,0.00238808
221.55268073,-0.00079832
221.75672241,-0.00158458
221.96078126,0.00137422
222.16485728,-0.00110869
222.36895046,0.00079488
222.57306080,0.00377437
222.77718831,0.00110524
222.98133297,-0.00073625
223.18549478,0.00294673
223.38967375,-0.00139836
223.59386986,0.00118800
223.79808312,0.00023622
224.00231352,0.00375367
224.20656106,0.00354677
224.41082574,0.00282258
224.61510756,0.00799531
224.81940650,0.00052589
225.02372258,-0.00156389
225.22805578,0.00284328
225.43240610,-0.00172941
225.63677355,0.00404335
225.84115811,-0.00036382
226.04555979,0.00216048
226.24997858,0.00040175
226.45441448,0.00112593
226.65886748,0.00315364
226.86333759,0.00199495
227.06782480,0.00164320
227.27232911,0.00203633
227.47685052,-0.00061211
227.68138902,0.00398127
227.88594461,-0.00057072
228.09051728,0.00265706
228.29510704,0.00203633
228.49971389,0.00619520
228.70433781,0.00412611
228.90897881,0.00375367
229.11363688,0.00131215
229.31831202,0.00362953
229.52300423,0.00170528
229.72771350,0.00218117
229.93243984,0.00110524
230.13718324,0.00108455
230.34194369,0.00139491
230.54672120,0.00588484
230.75151576,0.00129146
230.95632737,0.00640211
231.16115602,0.00052589
231.36600172,0.00071211
231.57086446,0.00147768
231.77574423,0.00269844
231.98064104,-0.00309501
232.18555488,0.00091902
232.39048575,0.00513997
232.59543365,0.00027760
232.80039857,0.00019484
233.00538051,0.00329847
233.21037947,0.00292604
233.41539544,0.01685102
233.62042843,0.00218117
233.82547842,0.00240877
234.03054543,0.00758149
234.23562943,0.00182942
234.44073044,0.00137422
234.64584845,0.00497444
234.85098345,0.00162251
235.05613545,0.00151906
235.26130444,0.00280189
235.46649041,0.00162251
235.67169337,0.00507789
235.87691331,0.00495375
236.08215023,0.00168458
236.28740413,0.00269844
236.49267500,0.00211909
236.69796284,-0.00121214
236.90326765,0.00429164
237.10858942,0.00493306
237.31392816,0.00340193
237.51928386,0.00526411
237.72465651,0.00197426
237.93004612,-0.00067418
238.13545268,0.00033968
238.34087619,0.00588484
238.54631664,0.00247084
238.75177404,0.00168458
238.95724838,0.00205702
239.16273965,0.00331917
239.36824786,0.00466407
239.57377300,0.00307087
239.77931508,0.00489167
239.98487407,0.00156044
240.19045000,0.00480891
240.39604284,0.00305018
240.60165260,-0.00210185
240.80727928,0.00422957
241.01292287,0.00261568
241.21858337,0.00453993
241.42426077,0.00102248
241.62995508,0.00460200
241.83566630,-0.00170872
242.04139441,0.00350538
242.24713941,0.00242946
242.45290131,0.00002931
242.65868010,0.00276051
242.86447578,-0.00166734
243.07028835,0.00549171
243.27611779,0.00691938
243.48196412,0.00456062
243.68782732,0.00027760
243.89370739,0.00213978
244.09960434,0.00093971
244.30551816,0.00340193
244.51144884,0.00300880
244.71739638,0.00046382
244.92336078,0.00331917
245.12934204,0.00389851
245.33534016,0.00315364
245.54135512,0.00098109
245.74738694,0.00197426
245.95343560,0.00131215
246.15950110,0.00406404
246.36558345,0.00147768
246.57168263,0.00284328
246.77779865,0.00182942
246.98393150,0.00567793
247.19008118,0.00174666
247.39624769,0.00344331
247.60243102,0.00228462
247.80863117,0.00768495
248.01484814,0.00071211
248.22108192,0.00185011
248.42733252,-0.00193632
248.63359993,-0.00040520
248.83988415,-0.00146043
249.04618517,0.00545033
249.25250299,-0.00081901
249.45883761,-0.00222600
249.66518903,0.00416749
249.87155724,0.00222255
250.07794224,0.00396058
250.28434403,0.00236738
250.49076260,0.00638142
250.69719796,-0.00129491
250.90365009,0.00100178
251.11011901,0.00062935
251.31660469,0.00410542
251.52310715,0.00201564
251.72962638,0.00329847
251.93616237,0.00180873
252.14271513,0.00108455
252.34928464,0.00106386
252.55587091,0.00089833
252.76247394,0.00383644
252.96909372,0.00007069
253.17573025,0.00031898
253.38238352,0.00087764
253.58905354,0.00327778
253.79574030,0.00118800
254.00244380,0.00319502
254.20916403,0.00708491
254.41590099,0.00511927
254.62265469,0.00042244
254.82942511,0.00396058
255.03621225,0.00110524
255.24301612,0.00135353
255.44983670,0.00069142
255.65667400,0.00404335
255.86352802,-0.00073625
256.07039874,0.00106386
256.27728617,0.00135353
256.48419031,0.00344331
256.69111115,0.00340193
256.89804868,0.00118800
257.10500292,0.00033968
257.31197384,0.00325709
257.51896146,0.00654695
257.72596577,-0.00201909
257.93298676,0.00240877
258.14002443,0.00362953
258.34707878,0.00180873
258.55414981,0.00280189
258.76123752,-0.00038451
258.96834190,0.00557447
259.17546294,-0.00057072
259.38260065,-0.00017760
259.58975502,0.00170528
259.79692606,0.00131215
260.00411375,0.00145698
260.21131810,-0.00241221
260.41853909,0.00323640
260.62577674,0.00406404
260.83303103,0.00174666
261.04030197,-0.00212254
261.24758955,0.00089833
261.45489377,0.00178804
261.66221462,0.00311226
261.86955210,0.00352607
262.07690622,0.00141560
262.28427696,-0.00073625
262.49166433,-0.00261912
262.69906831,0.00350538
262.90648892,-0.00121214
263.11392614,0.00112593
263.32137998,0.00410542
263.52885042,0.00216048
263.73633747,0.00540895
263.94384113,-0.00100523
264.15136139,0.00338124
264.35889825,0.00871949
264.56645171,0.00373298
264.77402176,0.00149837
264.98160840,0.00145698
265.18921163,0.00021553
265.39683144,0.00036037
265.60446784,0.00513997
265.81212081,-0.00017760
266.01979037,0.00420887
266.22747650,-0.00065349
266.43517920,0.00191218
266.64289847,-0.00063280
266.85063430,0.00174666
267.05838670,0.00038106
267.26615566,0.00358815
267.47394117,-0.00218461
267.68174324,-0.00284672
267.88956187,0.00485029
268.09739704,0.00271913
268.30524876,0.00445717
268.51311702,0.00449855
268.72100183,-0.00220531
268.92890317,-0.00179149
269.13682105,-0.00061211
269.34475546,-0.00172941
269.55270640,0.00044313
269.76067387,0.00189149
269.96865786,-0.00017760
270.17665838,-0.00104661
270.38467541,-0.00005345
270.59270896,0.00307087
270.80075902,-0.00055003
271.00882560,0.00282258
271.21690868,0.00199495
271.42500826,0.00313295
271.63312435,0.00199495
271.84125694,-0.00003276
272.04940602,0.00619520
272.25757160,0.00191218
272.46575367,0.00402266
272.67395223,0.00292604
272.88216727,-0.00102592
273.09039880,0.00749873
273.29864681,0.00118800
273.50691129,0.00112593
273.71519225,0.00294673
273.92348968,0.00044313
274.13180358,0.00038106
274.34013395,-0.00102592
274.54848077,0.00323640
274.75684406,0.00338124
274.96522381,0.00367091
275.17362001,-0.00117076
275.38203267,0.00551240
275.59046177,0.00329847
275.79890732,0.00056728
276.00736932,0.00087764
276.21584776,-0.00073625
276.42434263,-0.00096385
276.63285394,-0.00290880
276.84138169,0.00071211
277.04992586,0.00305018
277.25848646,0.00125008
277.46706349,0.00040175
277.67565694,-0.00295018
277.88426680,-0.00117076
278.09289309,-0.00083971
278.30153578,-0.00284672
278.51019489,0.00408473
278.71887041,0.00187080
278.92756233,0.00439509
279.13627065,0.00346400
279.34499537,0.00259498
279.55373649,0.00406404
279.76249401,0.00764356
279.97126791,0.00311226
280.18005820,-0.00061211
280.38886488,0.00273982
280.59768795,-0.00030174
280.80652739,0.00077418
281.01538321,0.00125008
281.22425540,0.00375367
281.43314397,0.00087764
281.64204891,0.00021553
281.85097021,0.00218117
282.05990788,0.00282258
282.26886190,0.00218117
282.47783229,-0.00152251
282.68681903,0.00216048
282.89582212,0.00137422
283.10484156,0.00089833
283.31387735,0.00029829
283.52292949,-0.00127421
283.73199796,0.00044313
283.94108277,0.00133284
284.15018392,-0.00044658
284.35930141,0.00125008
284.56843522,0.00298811
284.77758536,0.00288466
284.98675183,0.00209840
285.19593461,0.00532618
285.40513372,0.00362953
285.61434914,0.00416749
285.82358088,-0.00193632
286.03282893,0.00000862
286.24209328,0.00338124
286.45137395,-0.00038451
286.66067091,0.00433302
286.86998417,0.00125008
287.07931373,0.00242946
287.28865959,0.00420887
287.49802174,0.00178804
287.70740017,0.00104317
287.91679489,0.00300880
288.12620590,0.00002931
288.33563318,0.00106386
288.54507675,0.00319502
288.75453658,-0.00030174
288.96401269,-0.00119145
289.17350507,-0.00034312
289.38301372,0.00348469
289.59253863,0.00211909
289.80207980,0.00615382
290.01163723,0.00011208
290.22121091,0.00162251
290.43080085,0.00255360
290.64040703,0.00040175
290.85002947,0.00377437
291.05966815,0.00309157
291.26932307,0.00381575
291.47899422,0.00044313
291.68868162,0.00276051
291.89838525,0.00276051
292.10810511,0.00743666
292.31784119,0.00282258
292.52759350,-0.00102592
292.73736204,0.00489167
292.94714679,0.00029829
293.15694776,0.00087764
293.36676494,0.00104317
293.57659834,0.00081557
293.78644794,-0.00218461
293.99631375,-0.00081901
294.20619576,0.00271913
294.41609397,0.00706422
294.62600838,0.00120869
294.83593898,0.00129146
295.04588578,0.00005000
295.25584876,-0.00096385
295.46582793,-0.00028105
295.67582328,0.00230531
295.88583481,-0.00019829
296.09586253,0.00011208
296.30590641,0.00203633
296.51596647,-0.00028105
296.72604270,-0.00021898
296.93613509,0.00464338
297.14624365,-0.00346745
297.35636837,0.00120869
297.56650925,0.00133284
297.77666629,0.00031898
297.98683947,-0.00172941
298.19702881,0.00193288
298.40723429,0.00143629
298.61745592,0.00261568
298.82769369,0.00329847
299.03794760,0.00648487
299.24821765,-0.00152251
299.45850383,0.00257429
299.66880614,0.00205702
299.87912458,-0.00133629
300.08945914,-0.00255705
300.29980983,0.00377437
300.51017663,-0.00026036
300.72055955,0.00733320
300.93095859,0.00191218
301.14137374,0.00143629
301.35180499,-0.00332261
301.56225235,0.00118800
301.77271582,-0.00334331
301.98319538,0.00880226
302.19369105,-0.00421232
302.40420280,-0.00160527
302.61473065,0.00367091
302.82527459,0.00290535
303.03583461,-0.00177080
303.24641072,0.00048451
303.45700291,0.00199495
303.66761117,-0.00019829
303.87823552,0.00493306
304.08887593,0.00112593
304.29953241,0.00017415
304.51020496,-0.00146043
304.72089358,0.00441578
304.93159825,0.00191218
305.14231899,0.00000862
305.35305578,0.00383644
305.56380862,0.00319502
305.77457752,0.00211909
305.98536246,0.00238808
306.19616344,0.00180873
306.40698047,0.00209840
306.61781354,0.00038106
306.82866264,0.00263637
307.03952778,0.00170528
307.25040895,0.00213978
307.46130614,0.00160182
307.67221937,0.00112593
307.88314861,-0.00011552
308.09409387,0.00257429
308.30505515,0.00120869
308.51603245,0.00309157
308.72702576,0.00002931
308.93803507,0.00005000
309.14906039,0.00230531
309.36010172,0.00288466
309.57115904,0.00396058
309.78223236,0.00321571
309.99332168,0.00216048
310.20442699,0.00251222
310.41554829,0.00191218
310.62668557,-0.00125352
310.83783884,0.00209840
311.04900809,-0.00317778
311.26019332,0.00234669
311.47139452,0.00114662
311.68261169,0.00292604
311.89384484,0.00331917
312.10509395,0.00280189
312.31635903,0.00220186
312.52764007,0.00093971
312.73893706,0.00017415
312.95025002,0.00029829
313.16157892,-0.00119145
313.37292378,0.00290535
313.58428458,0.00071211
313.79566133,0.00021553
314.00705402,0.00242946
314.21846266,0.00205702
314.42988722,-0.00121214
314.64132772,0.00170528
314.85278416,0.00042244
315.06425652,0.00894709
315.27574480,-0.00139836
315.48724901,0.00247084
315.69876914,0.00067073
315.91030518,0.00333986
316.12185715,-0.00218461
316.33342502,0.00236738
316.54500880,0.00236738
316.75660848,0.00286397
316.96822407,0.00280189
317.17985556,0.00160182
317.39150295,0.00036037
317.60316624,0.00278120
317.81484541,0.00002931
318.02654048,0.00205702
318.23825143,0.00108455
318.44997826,-0.00059141
318.66172098,0.00137422
318.87347957,0.00567793
319.08525404,0.00145698
319.29704439,0.00174666
319.50885060,0.00011208
319.72067268,0.00162251
319.93251063,0.00265706
320.14436443,0.00189149
320.35623410,0.00658833
320.56811962,0.00416749
320.78002100,-0.00168803
320.99193822,-0.00059141
321.20387130,-0.00112938
321.41582021,0.00125008
321.62778498,0.00561586
321.83976558,0.00348469
322.05176201,0.00348469
322.26377428,0.00069142
322.47580239,0.00344331
322.68784632,0.00422957
322.89990607,0.00211909
323.11198165,-0.00052934
323.32407305,0.00216048
323.53618027,0.00160182
323.74830330,-0.00048796
323.96044215,0.00352607
324.17259680,0.00567793
324.38476726,0.00557447
324.59695352,-0.00036382
324.80915558,0.00096040
325.02137344,-0.00057072
325.23360710,0.00023622
325.44585655,0.00278120
325.65812178,0.00402266
325.87040281,-0.00017760
326.08269962,0.00162251
326.29501221,-0.00038451
326.50734058,0.00365022
326.71968472,0.00127077
326.93204464,0.00634004
327.14442032,0.00518135
327.35681178,0.00389851
327.56921900,0.00110524
327.78164198,0.00141560
327.99408072,-0.00112938
328.20653522,0.00106386
328.41900547,-0.00083971
328.63149147,0.00333986
328.84399322,0.00156044
329.05651071,0.00224324
329.26904395,0.00108455
329.48159293,0.00321571
329.69415764,0.00071211
329.90673809,0.00377437
330.11933427,0.00135353
330.33194617,0.00251222
330.54457381,0.00201564
330.75721716,-0.00158458
330.96987624,0.00021553
331.18255104,0.00218117
331.39524154,0.00460200
331.60794777,0.00298811
331.82066970,-0.00181218
332.03340733,0.00023622
332.24616067,0.00460200
332.45892971,0.00180873
332.67171445,0.00360884
332.88451489,0.00313295
333.09733102,0.00346400
333.31016283,0.00127077
333.52301034,-0.00065349
333.73587352,-0.00096385
333.94875239,-0.00259843
334.16164694,0.00017415
334.37455717,-0.00193632
334.58748306,0.00261568
334.80042463,0.00187080
335.01338187,-0.00127421
335.22635477,0.00259498
335.43934333,0.00178804
335.65234755,0.00348469
335.86536743,0.00309157
336.07840296,0.00079488
336.29145415,-0.00034312
336.50452098,0.00065004
336.71760345,0.00253291
336.93070157,0.00267775
337.14381533,0.00036037
337.35694473,-0.00112938
337.57008976,0.00418818
337.78325042,-0.00079832
337.99642671,0.00079488
338.20961863,0.00153975
338.42282617,0.00362953
338.63604933,-0.00230876
338.84928810,0.00151906
339.06254250,0.00271913
339.27581250,0.00106386
339.48909812,0.00143629
339.70239934,0.00468477
339.91571616,0.00054658
340.12904859,0.00112593
340.34239661,-0.00199840
340.55576023,0.00288466
340.76913945,0.00309157
340.98253425,0.00071211
341.19594464,0.00180873
341.40937061,0.00075349
341.62281217,0.00162251
341.83626930,0.00669178
342.04974201,-0.00092247
342.26323030,-0.00309501
342.47673415,0.00317433
342.69025357,0.00828498
342.90378856,-0.00139836
343.11733911,0.00445717
343.33090522,0.00048451
343.54448688,0.00232600
343.75808410,0.00002931
343.97169687,0.00087764
344.18532519,-0.00063280
344.39896906,0.00317433
344.61262847,-0.00030174
344.82630341,0.00329847
345.03999390,0.00282258
345.25369992,0.00418818
345.46742147,0.00681593
345.68115855,0.00305018
345.89491115,0.00129146
346.10867928,0.00054658
346.32246293,0.00199495
346.53626210,-0.00230876
346.75007679,-0.00088109
346.96390698,0.00220186
347.17775269,0.00118800
347.39161390,-0.00011552
347.60549061,0.00280189
347.81938283,0.00286397
348.03329055,0.00222255
348.24721376,0.00276051
348.46115246,0.00439509
348.67510665,-0.00026036
348.88907634,0.00112593
349.10306150,-0.00195701
349.31706215,-0.00015691
349.53107828,0.00251222
349.74510988,0.00278120
349.95915696,0.00174666
350.17321950,0.00236738
350.38729752,0.00507789
350.60139100,0.00002931
350.81549994,0.00189149
351.02962435,-0.00162596
351.24376421,0.00187080
351.45791952,-0.00003276
351.67209028,0.00005000
351.88627650,-0.00106731
352.10047816,0.00151906
352.31469526,0.00257429
352.52892780,0.00307087
352.74317578,0.00387782
352.95743919,0.00338124
353.17171804,0.00156044
353.38601232,0.00387782
353.60032202,-0.00139836
353.81464714,0.00646418
354.02898769,0.00007069
354.24334365,-0.00108800
354.45771503,-0.00282603
354.67210182,0.00414680
354.88650403,0.00580207
355.10092164,0.00336055
355.31535465,0.00027760
355.52980306,0.00878156
355.74426687,0.00178804
355.95874608,0.00342262
356.17324069,0.00253291
356.38775068,0.00025691
356.60227606,0.00085695
356.81681682,-0.00437785
357.03137297,-0.00079832
357.24594449,0.00261568
357.46053139,0.00619520
357.67513367,0.00313295
357.88975132,0.00071211
358.10438433,-0.00050865
358.31903271,0.00143629
358.53369645,0.00220186
358.74837556,-0.00383989
358.96307002,0.00259498
359.17777983,-0.00239152
359.39250499,0.00118800
359.60724551,0.00224324
359.82200137,0.00125008
360.03677257,-0.00098454
360.25155911,-0.00038451
360.46636100,0.00137422
360.68117821,-0.00328123
360.89601076,-0.00179149
361.11085864,0.00396058
361.32572184,-0.00334331
361.54060037,0.00253291
361.75549422,0.00265706
361.97040338,0.00499513
362.18532786,0.00329847
362.40026766,-0.00094316
362.61522276,0.00240877
362.83019318,0.00559517
363.04517889,0.00069142
363.26017991,-0.00019829
363.47519623,0.00172597
363.69022784,0.00406404
363.90527474,0.00021553
364.12033694,0.00516066
364.33541442,0.00019484
364.55050719,-0.00108800
364.76561524,-0.00112938
364.98073857,0.00102248
365.19587718,-0.00119145
365.41103106,0.00116731
365.62620021,-0.00216392
365.84138463,0.00141560
366.05658432,0.00147768
366.27179927,0.00265706
366.48702948,-0.00079832
366.70227494,-0.00007414
366.91753566,0.00218117
367.13281163,0.00125008
367.34810285,-0.00166734
367.56340932,0.00137422
367.77873103,0.00075349
367.99406798,0.00205702
368.20942017,-0.00214323
368.42478759,0.00162251
368.64017025,0.00062935
368.85556813,0.00251222
369.07098125,0.00073280
369.28640958,0.00315364
369.50185314,0.00153975
369.71731191,0.00273982
369.93278590,-0.00303294
370.14827511,0.00185011
370.36377952,-0.00090178
370.57929914,-0.00019829
370.79483397,0.00534687
371.01038400,0.00211909
371.22594922,-0.00115007
371.44152965,-0.00071556
371.65712526,0.00302949
371.87273607,-0.00160527
372.08836206,0.00276051
372.30400324,0.00487098
372.51965960,0.00044313
372.73533114,0.00180873
372.95101786,0.00052589
373.16671976,0.00412611
373.38243682,0.00323640
373.59816905,0.00185011
373.81391645,-0.00057072
374.02967901,0.00286397
374.24545673,0.00168458
374.46124961,-0.00185356
374.67705764,0.00213978
374.89288082,-0.00092247
375.10871916,0.00009138
375.32457264,0.00065004
375.54044126,-0.00017760
375.75632503,0.00536757
375.97222393,0.00062935
376.18813797,-0.00206047
376.40406713,0.00025691
376.62001143,0.00137422
376.83597086,-0.00357091
377.05194541,-0.00042589
377.26793508,0.00418818
377.48393987,0.00267775
377.69995978,0.00271913
377.91599480,-0.00061211
378.13204493,0.00038106
378.34811016,0.00271913
378.56419050,0.00433302
378.78028595,0.00344331
378.99639649,-0.00063280
379.21252213,0.00054658
379.42866286,0.00209840
379.64481868,-0.00030174
379.86098960,0.00427095
380.07717559,0.00108455
380.29337667,0.00056728
380.50959283,-0.00052934
380.72582407,0.00410542
380.94207038,0.00437440
381.15833176,-0.00005345
381.37460821,0.00089833
381.59089972,0.00189149
381.80720630,0.00329847
382.02352794,0.00172597
382.23986464,0.00129146
382.45621639,0.00182942
382.67258319,0.00118800
382.88896505,0.00083626
383.10536195,0.00259498
383.32177389,0.00259498
383.53820087,0.00187080
383.75464289,-0.00009483
383.97109995,-0.00125352
384.18757204,-0.00061211
384.40405916,0.00172597
384.62056131,-0.00323985
384.83707848,0.00098109
385.05361067,0.00257429
385.27015788,0.00139491
385.48672011,0.00269844
385.70329735,0.00356746
385.91988960,0.00319502
386.13649686,-0.00030174
386.35311912,0.00195357
386.56975639,0.00153975
386.78640865,0.00131215
387.00307592,0.00009138
387.21975817,0.00019484
387.43645542,0.00261568
387.65316765,0.00075349
387.86989487,0.00336055
388.08663707,0.00065004
388.30339426,-0.00042589
388.52016641,0.00323640
388.73695355,0.00474684
388.95375565,0.00478822
389.17057273,-0.00125352
389.38740477,0.00482960
389.60425177,0.00228462
389.82111374,-0.00212254
390.03799066,0.00511927
390.25488253,0.00058797
390.47178936,-0.00015691
390.68871114,0.00158113
390.90564787,0.00027760
391.12259954,-0.00028105
391.33956614,0.00104317
391.55654769,-0.00052934
391.77354418,0.00236738
391.99055559,0.00104317
392.20758194,0.00104317
392.42462321,0.00298811
392.64167941,0.00371229
392.85875053,0.00456062
393.07583657,0.00125008
393.29293752,0.00369160
393.51005339,0.00582277
393.72718417,0.00408473
393.94432986,0.00398127
394.16149045,0.00242946
394.37866594,-0.00007414
394.59585634,0.00582277
394.81306163,0.00234669
395.03028181,0.00524342
395.24751689,0.00778840
395.46476685,0.00269844
395.68203170,0.00309157
395.89931143,0.00634004
396.11660604,0.00466407
396.33391553,0.00325709
396.55123990,0.00160182
396.76857913,0.00377437
396.98593324,0.00251222
397.20330221,-0.00210185
397.42068604,0.00290535
397.63808474,-0.00100523
397.85549829,0.00598829
398.07292670,0.00356746
398.29036996,0.00385713
398.50782807,0.00373298
398.72530103,0.00385713
398.94278883,0.00315364
399.16029147,0.00551240
399.37780895,0.00096040
399.59534127,0.00683662
399.81288841,0.00648487
400.03045039,0.00416749
400.24802720,0.00733320
400.46561883,0.00346400
400.68322529,0.00122938
400.90084656,0.00220186
401.11848265,0.00400197
401.33613355,0.00292604
401.55379926,0.00110524
401.77147978,0.00567793
401.98917511,0.00830567
402.20688524,0.00255360
402.42461017,0.00333986
402.64234989,0.00350538
402.86010441,-0.00075694
403.07787372,0.00586415
403.29565782,0.00458131
403.51345670,0.00360884
403.73127037,0.00518135
403.94909882,0.00278120
404.16694205,0.00532618
404.38480005,0.00354677
404.60267282,0.00261568
404.82056036,0.00040175
405.03846267,0.00675386
405.25637974,0.00789186
405.47431157,0.00596760
405.69225816,0.00333986
405.91021951,0.00422957
406.12819561,0.00160182
406.34618645,0.00247084
406.56419205,0.00300880
406.78221239,0.00300880
407.00024747,0.00468477
407.21829729,0.00005000
407.43636184,0.00758149
407.65444113,0.00576069
407.87253515,0.00673316
408.09064390,0.00708491
408.30876737,0.00468477
408.52690556,0.00751942
408.74505847,0.00487098
408.96322610,0.00801600
409.18140844,0.00418818
409.39960550,0.00296742
409.61781726,0.00658833
409.83604372,0.00396058
410.05428489,0.00706422
410.27254076,0.00162251
410.49081133,0.00818153
410.70909659,0.00574000
410.92739654,0.00354677
411.14571118,0.00747804
411.36404051,0.00358815
411.58238452,0.00797462
411.80074321,0.00501582
412.01911658,0.00696076
412.23750462,0.00660902
412.45590734,0.00416749
412.67432472,0.00607106
412.89275677,0.00367091
413.11120349,0.00437440
413.32966486,0.00203633
413.54814090,0.00412611
413.76663159,0.00631935
413.98513693,0.00362953
414.20365692,0.00336055
414.42219156,0.00559517
414.64074084,0.00234669
414.85930477,0.00319502
415.07788333,0.00116731
415.29647653,0.00433302
415.51508437,0.00029829
415.73370683,0.00336055
415.95234392,0.00331917
416.17099564,0.00654695
416.38966198,0.00729182
416.60834294,0.00545033
416.82703851,0.00609175
417.04574870,-0.00001207
417.26447350,0.00358815
417.48321291,0.00582277
417.70196692,0.00079488
417.92073554,0.00652626
418.13951875,0.00754011
418.35831657,0.00075349
418.57712898,0.00151906
418.79595598,0.00787116
419.01479757,0.00940229
419.23365374,0.00408473
419.45252450,0.00182942
419.67140984,0.00811946
419.89030975,0.00905055
420.10922425,0.01004371
420.32815331,0.00350538
420.54709694,0.00814015
420.76605514,0.00441578
420.98502791,0.00534687
421.20401523,0.00288466
421.42301712,0.00445717
421.64203356,0.00871949
421.86106455,0.00362953
422.08011009,0.00559517
422.29917018,0.00671247
422.51824482,0.00714698
422.73733399,0.00458131
422.95643771,0.00772633
423.17555596,0.00793324
423.39468875,0.00472615
423.61383606,0.00522273
423.83299790,0.00402266
424.05217427,0.00619520
424.27136516,0.00559517
424.49057057,0.00617451
424.70979050,0.00662971
424.92902494,0.00613313
425.14827390,0.00619520
425.36753736,0.00704353
425.58681532,0.00929884
425.80610779,0.00900916
426.02541476,0.01091273
426.24473623,0.00571931
426.46407219,0.00847120
426.68342265,0.00449855
426.90278759,0.00791255
427.12216702,0.00776771
427.34156093,0.00609175
427.56096933,0.01018855
427.78039220,0.01111964
427.99982955,0.00880226
428.21928137,0.00741596
428.43874766,0.00449855
428.65822841,0.00789186
428.87772363,0.01111964
429.09723331,0.00764356
429.31675745,0.00377437
429.53629605,0.00511927
429.75584910,0.00954713
429.97541660,0.00929884
430.19499854,0.00398127
430.41459494,0.01033338
430.63420577,0.00838844
430.85383104,0.00938160
431.07347075,0.00832636
431.29312489,0.01231971
431.51279347,0.00814015
431.73247647,0.00853327
431.95217390,0.00652626
432.17188574,0.01012647
432.39161201,0.00652626
432.61135270,0.00851258
432.83110780,0.01072651
433.05087731,0.01289905
433.27066123,0.00611244
433.49045956,0.00981611
433.71027229,0.00898847
433.93009942,0.01039545
434.14994095,0.00991956
434.36979687,0.01035407
434.58966718,0.00861604
434.80955189,0.00793324
435.02945098,0.01171967
435.24936445,0.01596131
435.46929230,0.00927815
435.68923454,0.01159553
435.90919115,0.01438880
436.12916213,0.01174036
436.34914748,0.01184382
436.56914720,0.01136793
436.78916128,0.01045753
437.00918972,0.01236109
437.22923252,0.01120240
437.44928968,0.01097480
437.66936119,0.01109895
437.88944706,0.01407844
438.10954727,0.01273353
438.32966182,0.01478193
438.54979072,0.01171967
438.76993395,0.01817523
438.99009153,0.01664411
439.21026343,0.01370600
439.43044967,0.01509229
439.65065024,0.02018225
439.87086513,0.01203004
440.09109434,0.01209211
440.31133788,0.01287836
440.53159573,0.01869251
440.75186789,0.01242316
440.97215437,0.01192658
441.19245516,0.01616822
441.41277025,0.01289905
441.63309964,0.01362324
441.85344334,0.01560956
442.07380133,0.01300251
442.29417362,0.01271284
442.51456020,0.01345771
442.73496107,0.01298182
442.95537623,0.01242316
443.17580567,0.01277491
443.39624939,0.01641651
443.61670739,0.01250593
443.83717967,0.01451294
444.05766622,0.01298182
444.27816704,0.01753382
444.49868212,0.01033338
444.71921147,0.01080927
444.93975509,0.01281629
445.16031296,0.01418189
445.38088508,0.01575440
445.60147147,0.01569233
445.82207210,0.01078858
446.04268698,0.01536127
446.26331610,0.01869251
446.48395947,0.01109895
446.70461707,0.01320942
446.92528892,0.01302320
447.14597499,0.01366462
447.36667530,0.01041615
447.58738984,0.01807178
447.80811860,0.01345771
448.02886158,0.01035407
448.24961879,0.01519574
448.47039021,0.01548542
448.69117585,0.02309967
448.91197570,0.01747174
449.13278975,0.01109895
449.35361802,0.01385084
449.57446049,0.01637513
449.79531715,0.01118171
450.01618802,0.01213349
450.23707308,0.01258869
450.45797234,0.01761658
450.67888578,0.01217487
450.89981341,0.01180244
451.12075522,0.01658204
451.34171122,0.01714069
451.56268139,0.01821662
451.78366574,0.01575440
452.00466426,0.01660273
452.22567696,0.01035407
452.44670382,0.01145069
452.66774484,0.01076789
452.88880003,0.01685102
453.10986938,0.01449225
453.33095288,0.01598200
453.55205053,0.01291975
453.77316234,0.01128516
453.99428830,0.01469916
454.21542840,0.01265076
454.43658264,0.01380945
454.65775102,0.01407844
454.87893354,0.01511298
455.10013019,0.01560956
455.32134098,0.01848560
455.54256589,0.01687171
455.76380493,0.01343702
455.98505809,0.01331287
456.20632537,0.01571302
456.42760677,0.01411982
456.64890229,0.01283698
456.87021191,0.01786487
457.09153565,0.01587854
457.31287349,0.01492676
457.53422544,0.02210651
457.75559149,0.01885803
457.97697163,0.01509229
458.19836587,0.01887873
458.41977420,0.01784418
458.64119663,0.01949945
458.86263313,0.01722345
459.08408373,0.01991327
459.30554840,0.01941669
459.52702716,0.02636883
459.74851999,0.01399567
459.97002689,0.02409283
460.19154786,0.01807178
460.41308290,0.02262378
460.63463201,0.01811316
460.85619518,0.01712000
461.07777241,0.01954083
461.29936369,0.02040985
461.52096903,0.02314105
461.74258841,0.02297552
461.96422185,0.02336865
462.18586933,0.02181683
462.40753086,0.02189960
462.62920642,0.02345142
462.85089602,0.02208582
463.07259966,0.02198236
463.29431733,0.02059607
463.51604902,0.02289276
463.73779475,0.01947876
463.95955449,0.02463080
464.18132826,0.02452734
464.40311604,0.02117542
464.62491784,0.02181683
464.84673365,0.02125818
465.06856347,0.02669989
465.29040730,0.02272723
465.51226513,0.02458941
465.73413696,0.02305829
465.95602279,0.02477563
466.17792261,0.02796203
466.39983643,0.02941040
466.62176424,0.02568603
466.84370603,0.02883105
467.06566181,0.02727923
467.28763157,0.02957592
467.50961531,0.02527221
467.73161303,0.02866552
467.95362472,0.02620331
468.17565038,0.02682403
468.39769001,0.02599640
468.61974360,0.02696887
468.84181116,0.02576880
469.06389267,0.03170709
469.28598814,0.03001043
469.50809757,0.03181054
469.73022094,0.03125189
469.95235827,0.02978283
470.17450954,0.02707232
470.39667475,0.02630676
470.61885390,0.02785858
470.84104699,0.02930694
471.06325402,0.03547283
471.28547498,0.02773443
471.50770986,0.03342443
471.72995867,0.02748614
471.95222141,0.02450665
472.17449806,0.02603778
472.39678864,0.02678265
472.61909313,0.02990698
472.84141153,0.02674127
473.06374384,0.03642461
473.28609005,0.03340374
473.50845017,0.03205883
473.73082420,0.03284509
473.95321212,0.03139672
474.17561393,0.03236919
474.39802964,0.02998974
474.62045924,0.03168639
474.84290273,0.02680334
475.06536010,0.03145879
475.28783136,0.03249334
475.51031649,0.03112774
475.73281550,0.02674127
475.95532838,0.02616192
476.17785513,0.02597571
476.40039575,0.02783789
476.62295024,0.02938970
476.84551859,0.02982421
477.06810080,0.03106567
477.29069686,0.02752752
477.51330678,0.02789996
477.73593055,0.03085876
477.95856817,0.02914141
478.18121963,0.03400378
478.40388494,0.03379687
478.62656409,0.03543145
478.84925707,0.02899658
479.07196389,0.03418999
479.29468455,0.03116912
479.51741903,0.03553490
479.74016733,0.02965869
479.96292946,0.03085876
480.18570542,0.03421069
480.40849519,0.02961730
480.63129877,0.03183123
480.85411617,0.03094152
481.07694738,0.03104498
481.29979239,0.03143810
481.52265121,0.02970007
481.74552383,0.03158294
481.96841025,0.02783789
482.19131046,0.02918280
482.41422447,0.03063116
482.63715227,0.03305199
482.86009385,0.03147949
483.08304922,0.02837585
483.30601837,0.02907934
483.52900130,0.03410723
483.75199801,0.02897589
483.97500849,0.03158294
484.19803274,0.03265887
484.42107076,0.02835516
484.64412255,0.03481072
484.86718810,0.03207952
485.09026741,0.02454803
485.31336047,0.02767236
485.53646729,0.02938970
485.75958786,0.02618261
485.98272218,0.02659643
486.20587024,0.02372040
486.42903205,0.02672058
486.65220760,0.02512738
486.87539689,0.03071392
487.09859991,0.02957592
487.32181666,0.02932763
487.54504715,0.03263818
487.76829136,0.03166570
487.99154929,0.03408654
488.21482094,0.03236919
488.43810631,0.02951385
488.66140540,0.03476934
488.88471820,0.03137603
489.10804471,0.03344512
489.33138493,0.03137603
489.55473885,0.03487279
489.77810647,0.03402447
490.00148780,0.03661083
490.22488281,0.03499694
490.44829153,0.03870061
490.67171393,0.03696258
490.89515002,0.03977654
491.11859979,0.03890752
491.34206325,0.03954894
491.56554038,0.03452105
491.78903120,0.03572112
492.01253568,0.03483141
492.23605384,0.03489348
492.45958567,0.03801781
492.68313116,0.03545214
492.90669031,0.03081738
493.13026312,0.02926556
493.35384960,0.03108636
493.57744972,0.02769305
493.80106350,0.02878967
494.02469092,0.02742407
494.24833200,0.03131396
494.47198671,0.03214159
494.69565507,0.02818963
494.91933706,0.03580388
495.14303269,0.02823101
495.36674195,0.02568603
495.59046484,0.02729992
495.81420136,0.02713440
496.03795150,0.02421698
496.26171526,0.02185822
496.48549264,0.02396869
496.70928364,0.02266516
496.93308825,0.02872760
497.15690647,0.03166570
497.38073830,0.02775512
497.60458373,0.03094152
497.82844276,0.03851439
498.05231539,0.03274163
498.27620162,0.03125189
498.50010144,0.03265887
498.72401485,0.03114843
498.94794185,0.03541076
499.17188244,0.02970007
499.39583661,0.03185192
499.61980435,0.02725854
499.84378568,0.03319683
500.06778058,0.03191399
500.29178904,0.03199676
500.51581108,0.02711371
500.73984668,0.03408654
500.96389585,0.02649298
501.18795858,0.02634814
501.41203486,0.03387963
501.63612470,0.02800341
501.86022809,0.03158294
502.08434503,0.03526592
502.30847551,0.03216229
502.53261954,0.03121050
502.75677711,0.02715509
502.98094822,0.03102429
503.20513286,0.03032080
503.42933104,0.03061047
503.65354274,0.02903796
503.87776797,0.02572741
504.10200673,0.02518945
504.32625901,0.02883105
504.55052480,0.02727923
504.77480411,0.02556189
504.99909694,0.02237549
505.22340327,0.02734131
505.44772312,0.02376178
505.67205646,0.02189960
505.89640331,0.02231342
506.12076366,0.02206512
506.34513750,0.02283069
506.56952484,0.02049262
506.79392567,0.02357556
507.01833999,0.02341003
507.24276779,0.02498254
507.46720907,0.02367902
507.69166384,0.02446527
507.91613208,0.02345142
508.14061380,0.02521014
508.36510898,0.02591363
508.58961764,0.02665851
508.81413976,0.02928625
509.03867534,0.02926556
509.26322439,0.02872760
509.48778689,0.02752752
509.71236285,0.03472796
509.93695226,0.02889312
510.16155512,0.03013458
510.38617142,0.03083807
510.61080117,0.03195538
510.83544436,0.03116912
511.06010099,0.03073461
511.28477105,0.03607287
511.50945454,0.03853508
511.73415147,0.03137603
511.95886182,0.03025872
512.18358560,0.02945178
512.40832280,0.02413421
512.63307341,0.02916210
512.85783745,0.02934832
513.08261489,0.02512738
513.30740575,0.02692749
513.53221001,0.02910003
513.75702768,0.02934832
513.98185875,0.02698956
514.20670322,0.02765167
514.43156109,0.02719647
514.65643235,0.02725854
514.88131700,0.02521014
515.10621504,0.03321752
515.33112647,0.03058978
515.55605128,0.03226574
515.78098946,0.03125189
516.00594103,0.02818963
516.23090597,0.03118981
516.45588428,0.03296923
516.68087596,0.02957592
516.90588100,0.03218298
517.13089941,0.02752752
517.35593118,0.02924487
517.58097631,0.02630676
517.80603479,0.02957592
518.03110663,0.02549981
518.25619181,0.02978283
518.48129034,0.02752752
518.70640222,0.02945178
518.93152743,0.02957592
519.15666598,0.03156225
519.38181787,0.02781720
519.60698310,0.03104498
519.83216165,0.02694818
520.05735353,0.02223065
520.28255873,0.02723785
520.50777726,0.02632745
520.73300910,0.02833447
520.95825426,0.03129327
521.18351273,0.03108636
521.40878452,0.03307269
521.63406961,0.03232781
521.85936801,0.03131396
522.08467971,0.02914141
522.31000471,0.03160363
522.53534300,0.03100360
522.76069459,0.03479003
522.98605947,0.03702465
523.21143764,0.03805919
523.43682910,0.03816265
523.66223383,0.03890752
523.88765185,0.04023174
524.11308315,0.03855577
524.33852772,0.04265257
524.56398556,0.04045934
524.78945667,0.04592174
525.01494104,0.04383196
525.24043868,0.04451476
525.46594959,0.04956334
525.69147374,0.05641202
525.91701116,0.05217039
526.14256182,0.04817705
526.36812574,0.04797014
526.59370290,0.05117723
526.81929331,0.04958403
527.04489696,0.05316355
527.27051384,0.05194279
527.49614396,0.04836326
527.72178732,0.04540446
527.94744390,0.04807359
528.17311372,0.04838395
528.39879675,0.05103239
528.62449301,0.05037028
528.85020249,0.05320493
529.07592518,0.05612235
529.30166109,0.05676377
529.52741021,0.05864664
529.75317254,0.06632297
529.97894807,0.05639133
530.20473680,0.06441940
530.43053874,0.06336417
530.65635387,0.07284060
530.88218219,0.06232962
531.10802371,0.06634366
531.33387841,0.06828860
531.55974630,0.06628159
531.78562738,0.06746097
532.01152163,0.06746097
532.23742906,0.05930875
532.46334967,0.05955704
532.68928344,0.06206064
532.91523039,0.05963981
533.14119051,0.06501944
533.36716378,0.06361246
533.59315022,0.06063297
533.81914982,0.05928806
534.04516257,0.06681955
534.27118847,0.05846042
534.49722752,0.05939152
534.72327973,0.06421250
534.94934507,0.05930875
535.17542356,0.06396420
535.40151518,0.06404697
535.62761994,0.05829490
535.85373784,0.05641202
536.07986886,0.06574362
536.30601301,0.05935013
536.53217029,0.05862595
536.75834069,0.05426017
536.98452420,0.05771555
537.21072084,0.06154337
537.43693059,0.06081919
537.66315345,0.05920530
537.88938941,0.06133646
538.11563848,0.06468839
538.34190066,0.06574362
538.56817593,0.06584708
538.79446431,0.06692300
539.02076577,0.06903348
539.24708033,0.07008871
539.47340798,0.07267508
539.69974871,0.07224057
539.92610252,0.07519937
540.15246942,0.07240609
540.37884939,0.07451657
540.60524244,0.08256533
540.83164856,0.07819955
541.05806775,0.08430336
541.28450001,0.07962722
541.51094533,0.08697249
541.73740371,0.08546205
541.96387515,0.08055831
542.19035965,0.07621322
542.41685719,0.08165493
542.64336779,0.08515169
542.86989144,0.08777943
543.09642813,0.07759951
543.32297786,0.08260671
543.54954063,0.07650289
543.77611643,0.08194460
544.00270527,0.07730984
544.22930714,0.08595864
544.45592204,0.07879958
544.68254996,0.08128249
544.90919091,0.07358547
545.13584487,0.07646151
545.36251185,0.07534420
545.58919184,0.07101980
545.81588485,0.07281991
546.04259086,0.07358547
546.26930988,0.06890933
546.49604191,0.07116464
546.72278693,0.06793686
546.94954495,0.07207504
547.17631596,0.06926108
547.40309997,0.07238540
547.62989696,0.06613675
547.85670694,0.07230264
548.08352991,0.08020656
548.31036585,0.06948868
548.53721477,0.07635806
548.76407667,0.08039278
548.99095154,0.07679257
549.21783938,0.07410275
549.44474018,0.07205435
549.67165395,0.07294406
549.89858069,0.07207504
550.12552038,0.07099911
550.35247302,0.06861966
550.57943862,0.06886795
550.80641717,0.06981973
551.03340866,0.07387515
551.26041310,0.07617184
551.48743048,0.07931686
551.71446081,0.07898580
551.94150406,0.08343435
552.16856025,0.08140664
552.39562937,0.08854500
552.62271142,0.08399300
552.84980640,0.08544136
553.07691429,0.08730354
553.30403511,0.08550344
553.53116884,0.09245558
553.75831549,0.09388325
553.98547505,0.09589027
554.21264752,0.09889045
554.43983289,0.09665583
554.66703116,0.10513910
554.89424234,0.10164234
555.12146641,0.10340107
555.34870338,0.10126990
555.57595324,0.10275965
555.80321599,0.10437354
556.03049162,0.10126990
556.25778014,0.09973878
556.48508154,0.10358729
556.71239582,0.10720819
556.93972297,0.10147681
557.16706300,0.09785591
557.39441589,0.09750416
557.62178165,0.10164234
557.84916028,0.09760761
558.07655177,0.10011121
558.30395611,0.10046296
558.53137331,0.09841456
558.75880337,0.09920081
558.98624627,0.09638685
559.21370202,0.09179347
559.44117062,0.08467580
559.66865206,0.08554482
559.89614634,0.08271016
560.12365345,0.07931686
560.35117340,0.07536489
560.57870618,0.07550973
560.80625179,0.07151638
561.03381022,0.07178537
561.26138148,0.07563387
561.48896555,0.07329580
561.71656244,0.07228195
561.94417215,0.07310958
562.17179467,0.07085428
562.39942999,0.07073013
562.62707812,0.06946799
562.85473906,0.07358547
563.08241279,0.07077151
563.31009933,0.06719199
563.53779866,0.07275784
563.76551078,0.06816446
563.99323568,0.07099911
564.22097338,0.06994388
564.44872386,0.06675748
564.67648712,0.07269577
564.90426316,0.06979904
565.13205197,0.07015078
565.35985356,0.07445449
565.58766792,0.07770296
565.81549504,0.07910995
566.04333493,0.08084798
566.27118758,0.07273715
566.49905298,0.07104049
566.72693115,0.07613046
566.95482207,0.07801333
567.18272573,0.07890304
567.41064215,0.08304122
567.63857131,0.07735122
567.86651321,0.07857198
568.09446785,0.07577871
568.32243523,0.07602700
568.55041534,0.07621322
568.77840819,0.08097213
569.00641376,0.07524075
569.23443206,0.07861336
569.46246308,0.07890304
569.69050682,0.08093075
569.91856327,0.08496547
570.14663244,0.08314467
570.37471433,0.08124111
570.60280892,0.08602071
570.83091622,0.08819325
571.05903622,0.09218660
571.28716892,0.09175209
571.51531432,0.09311769
571.74347241,0.09953187
571.97164320,0.09334529
572.19982667,0.09237282
572.42802284,0.09247627
572.65623168,0.09500056
572.88445321,0.09655238
573.11268742,0.09626271
573.34093430,0.09659376
573.56919385,0.10338038
573.79746608,0.10594605
574.02575097,0.10642194
574.25404853,0.11027045
574.48235874,0.11014630
574.71068162,0.11337408
574.93901715,0.10863587
575.16736534,0.11113947
575.39572618,0.11157397
575.62409966,0.11682946
575.85248579,0.11405688
576.08088456,0.11264990
576.30929597,0.11831921
576.53772002,0.11643634
576.76615671,0.12154699
576.99460602,0.12152630
577.22306796,0.12444372
577.45154253,0.12901641
577.68002972,0.12996819
577.90852953,0.12533343
578.13704196,0.12425750
578.36556700,0.12556103
578.59410465,0.12860259
578.82265492,0.12843706
579.05121779,0.12949230
579.27979326,0.12758873
579.50838133,0.12551964
579.73698201,0.12812670
579.96559527,0.12489892
580.19422113,0.12423681
580.42285958,0.12365746
580.65151062,0.12042968
580.88017424,0.12121594
581.10885044,0.11560870
581.33753922,0.11858819
581.56624057,0.11196710
581.79495450,0.11273266
582.02368100,0.10660816
582.25242007,0.10689783
582.48117170,0.11279474
582.70993589,0.11169812
582.93871264,0.11451208
583.16750195,0.11236023
583.39630381,0.10737372
583.62511822,0.11291888
583.85394518,0.11465692
584.08278469,0.11765710
584.31163674,0.11666394
584.54050133,0.11298096
584.76937845,0.12047106
584.99826811,0.11846405
585.22717030,0.12045037
585.45608502,0.11997448
585.68501226,0.12971990
585.91395203,0.13067168
586.14290432,0.13437535
586.37186912,0.13640306
586.60084644,0.13865837
586.82983628,0.14035502
587.05883862,0.13961015
587.28785347,0.13772728
587.51688082,0.14885898
587.74592067,0.14333451
587.97497302,0.14362418
588.20403787,0.14207237
588.43311520,0.14794858
588.66220503,0.15357651
588.89130735,0.15148673
589.12042215,0.15490073
589.34954943,0.16299087
589.57868919,0.15732156
589.80784142,0.15742502
590.03700613,0.15663876
590.26618331,0.15570767
590.49537296,0.15763193
590.72457507,0.15347305
590.95378964,0.15111429
591.18301667,0.15417655
591.41225616,0.15171433
591.64150811,0.14618986
591.87077250,0.14784513
592.10004934,0.14842447
592.32933863,0.14647953
592.55864036,0.14114128
592.78795453,0.13872044
593.01728114,0.14573466
593.24662018,0.14445182
593.47597165,0.14151371
593.70533555,0.14014811
593.93471188,0.14782444
594.16410063,0.14418284
594.39350180,0.14304484
594.62291539,0.14410008
594.85234140,0.14558982
595.08177981,0.15067978
595.31123064,0.13898942
595.54069387,0.14126542
595.77016951,0.14294138
595.99965755,0.13938255
596.22915798,0.14196891
596.45867081,0.13286491
596.68819604,0.13462364
596.91773365,0.13027855
597.14728365,0.13255455
597.37684603,0.13439604
597.60642080,0.13667204
597.83600795,0.14933487
598.06560747,0.15597665
598.29521936,0.14931418
598.52484363,0.15283164
598.75448026,0.15628702
598.98412926,0.14976938
599.21379062,0.15328684
599.44346434,0.14871415
599.67315042,0.14759684
599.90284885,0.14383109
600.13255963,0.15254196
600.36228276,0.15020389
600.59201824,0.15086600
600.82176606,0.14598295
601.05152622,0.14898313
601.28129871,0.14438975
601.51108354,0.15142465
601.74088070,0.14968662
601.97069019,0.15889407
602.20051201,0.16083902
602.43034615,0.16737734
602.66019261,0.17283974
602.89005139,0.17852974
603.11992249,0.17590199
603.34980589,0.17960567
603.57970161,0.17544679
603.80960963,0.17341909
604.03952996,0.17428810
604.26946259,0.18409559
604.49940751,0.18188167
604.72936474,0.18144716
604.95933425,0.18138508
605.18931606,0.18790272
605.41931015,0.19293061
605.64931653,0.18949592
605.87933519,0.19173054
606.10936612,0.19410999
606.33940934,0.20133111
606.56946483,0.21844249
606.79953259,0.21587682
607.02961261,0.22572569
607.25970490,0.23315372
607.48980946,0.23749881
607.71992627,0.24852707
607.95005534,0.25978292
608.18019667,0.27509419
608.41035024,0.28483960
608.64051607,0.30031640
608.87069414,0.31893821
609.10088445,0.32998715
609.33108700,0.33511850
609.56130179,0.34769857
609.79152882,0.36007173
610.02176808,0.37488642
610.25201956,0.37076893
610.48228328,0.37720380
610.71255921,0.37960394
610.94284737,0.38788030
611.17314775,0.39145983
611.40346034,0.38247998
611.63378514,0.38088678
611.86412215,0.36234773
612.09447137,0.35485762
612.32483280,0.34310519
612.55520642,0.33089755
612.78559225,0.30913072
613.01599027,0.28864673
613.24640048,0.27794953
613.47682288,0.26584535
613.70725747,0.26100368
613.93770425,0.24467856
614.16816321,0.23998172
614.39863434,0.23178813
614.62911766,0.23189158
614.85961314,0.23135362
615.09012080,0.23240885
615.32064063,0.22309795
615.55117262,0.21987016
615.78171677,0.21370428
616.01227308,0.20571759
616.24284156,0.20110351
616.47342218,0.19979999
616.70401496,0.20015173
616.93461988,0.19330304
617.16523695,0.19053046
617.39586617,0.17842628
617.62650752,0.18030916
617.85716101,0.16735665
618.08782664,0.16369436
618.31850440,0.15612149
618.54919429,0.15703189
618.77989630,0.14507255
619.01061044,0.13665135
619.24133670,0.12802324
619.47207508,0.12862328
619.70282557,0.12525066
619.93358818,0.12775426
620.16436289,0.11434656
620.39514972,0.10909107
620.62594864,0.10441492
620.85675967,0.10176649
621.08758280,0.10011121
621.31841802,0.09522816
621.54926534,0.09077962
621.78012475,0.08782082
622.01099624,0.08525514
622.24187982,0.08271016
622.47277549,0.08508962
622.70368323,0.08331020
622.93460305,0.07590286
623.16553494,0.07702017
623.39647890,0.07629598
623.62743493,0.07375100
623.85840303,0.07006802
624.08938319,0.07015078
624.32037541,0.07370962
624.55137968,0.07327511
624.78239602,0.06940591
625.01342440,0.06564017
625.24446483,0.06599191
625.47551731,0.06791617
625.70658183,0.06690231
625.93765839,0.06886795
626.16874699,0.06930246
626.39984763,0.06518497
626.63096029,0.06872311
626.86208499,0.07019217
627.09322171,0.07478555
627.32437046,0.07699947
627.55553123,0.08144802
627.78670401,0.08328951
628.01788882,0.09216591
628.24908563,0.09713172
628.48029446,0.09444191
628.71151529,0.09671791
628.94274813,0.10629779
629.17399296,0.10530463
629.40524980,0.10983594
629.63651863,0.11536041
629.86779946,0.11649841
630.09909228,0.12508513
630.33039709,0.13516160
630.56171388,0.15107291
630.79304265,0.14885898
631.02438340,0.15322476
631.25573613,0.15763193
631.48710084,0.16036313
631.71847751,0.16543240
631.94986615,0.17623305
632.18126676,0.18496461
632.41267933,0.18897865
632.64410387,0.18962006
632.87554035,0.19682050
633.10698880,0.20495202
633.33844919,0.20989715
633.56992154,0.20906951
633.80140583,0.21444915
634.03290207,0.21521471
634.26441024,0.20795220
634.49593035,0.21070409
634.72746240,0.21244213
634.95900638,0.21178002
635.19056229,0.22990525
635.42213013,0.23965067
635.65370989,0.25254110
635.88530158,0.25649306
636.11690518,0.26683852
636.34852069,0.27557008
636.58014812,0.28498444
636.81178746,0.29729553
637.04343871,0.31413792
637.27510187,0.31500694
637.50677692,0.31966239
637.73846387,0.31527592
637.97016272,0.32471097
638.20187347,0.32500065
638.43359610,0.30991698
638.66533062,0.30857207
638.89707703,0.31316545
639.12883532,0.30275793
639.36060549,0.30846861
639.59238754,0.30890590
639.82418146,0.31336394
640.05598725,0.30084334
640.28780491,0.29303922
640.51963444,0.28955715
640.75147583,0.27565163
640.98332908,0.27751459
641.21519419,0.27926401
641.44707115,0.27463407
641.67895997,0.26704777
641.91086063,0.25677737
642.14277314,0.24967132
642.37469750,0.25138538
642.60663369,0.25544482
642.83858172,0.25139004
643.07054159,0.25013982
643.30251329,0.24110339
643.53449683,0.23469887
643.76649218,0.23573874
643.99849937,0.22644528
644.23051837,0.22669312
644.46254919,0.21624145
644.69459183,0.21904687
644.92664628,0.21585499
645.15871254,0.21196140
645.39079061,0.20358768
645.62288049,0.20986505
645.85498217,0.19701284
646.08709564,0.19601433
646.31922091,0.18498667
646.55135798,0.18901672
646.78350684,0.18176424
647.01566748,0.17714417
647.24783991,0.17012776
647.48002413,0.17012001
647.71222012,0.17388510
647.94442789,0.17500193
648.17664744,0.17054592
648.40887875,0.17305771
648.64112184,0.16986183
648.87337669,0.16432686
649.10564331,0.16075005
649.33792168,0.16924129
649.57021181,0.15804065
649.80251370,0.16111013
650.03482734,0.15976996
650.26715273,0.16138430
650.49948987,0.15400075
650.73183875,0.16082189
650.96419937,0.15207479
651.19657173,0.14544047
651.42895582,0.15006943
651.66135165,0.15180520
651.89375921,0.15023300
652.12617849,0.15562439
652.35860950,0.16323673
652.59105224,0.16614417
652.82350669,0.16454084
653.05597285,0.17065917
653.28845073,0.16760030
653.52094032,0.16752478
653.75344162,0.17765356
653.98595462,0.17373901
654.21847933,0.17078517
654.45101573,0.16587981
654.68356383,0.16839957
654.91612363,0.17196703
655.14869511,0.16005644
655.38127829,0.16848503
655.61387315,0.16184140
655.84647969,0.16565694
656.07909792,0.16443539
656.31172782,0.17048580
656.54436939,0.16816903
656.77702264,0.16269712
657.00968756,0.16815163
657.24236414,0.17533445
657.47505238,0.17746498
657.70775229,0.17622779
657.94046385,0.17740836
658.17318707,0.17397251
658.40592195,0.17573581
658.63866847,0.17072314
658.87142663,0.17448801
659.10419645,0.17651425
659.33697790,0.17149841
659.56977099,0.17877089
659.80257572,0.18082627
660.03539208,0.17705448
660.26822007,0.17288268
660.50105969,0.17613300
660.73391093,0.18160346
660.96677380,0.17738997
661.19964828,0.17648725
661.43253438,0.17901965
661.66543209,0.17214903
661.89834142,0.17778902
662.13126235,0.18058111
662.36419489,0.17957900
662.59713903,0.19123178
662.83009477,0.18523495
663.06306210,0.18196878
663.29604103,0.19323325
663.52903155,0.19702711
663.76203367,0.19007442
663.99504736,0.19064182
664.22807264,0.19094741
664.46110950,0.17650737
664.69415794,0.17616671
664.92721795,0.17797591
665.16028953,0.17298535
665.39337269,0.17236198
665.62646740,0.17211292
665.85957369,0.16932954
666.09269153,0.16645146
666.32582093,0.17126213
666.55896189,0.16844204
666.79211440,0.16654971
667.02527846,0.17499159
667.25845406,0.16342538
667.49164121,0.15299716
667.72483991,0.16232876
667.95805014,0.16234945
668.19127190,0.15980447
668.42450520,0.16077694
668.65775003,0.15968033
668.89100639,0.15976309
669.12427427,0.16241152
669.35755368,0.15874923
669.59084460,0.15885269
669.82414704,0.16472891
670.05746099,0.16919814
670.29078646,0.16834981
670.52412343,0.16152182
670.75747191,0.16497720
670.99083189,0.16737734
671.22420337,0.16195632
671.45758635,0.16892916
671.69098082,0.17052236
671.92438678,0.17077065
672.15780424,0.17343978
672.39123317,0.17172243
672.62467360,0.17449501
672.85812550,0.17143276
673.09158888,0.17799178
673.32506373,0.17205349
673.55855006,0.16986025
673.79204785,0.16516342
674.02555712,0.16646694
674.25907784,0.16342538
674.49261003,0.16948781
674.72615367,0.16412887
674.95970878,0.16942574
675.19327533,0.17573647
675.42685333,0.17896425
675.66044278,0.18092988
675.89404368,0.18734406
676.12765601,0.18370246
676.36127979,0.18705439
676.59491500,0.18957868
676.82856165,0.19270301
677.06221972,0.18061952
677.29588922,0.18655781
677.52957015,0.18155061
677.76326250,0.17838490
677.99696627,0.16607381
678.23068146,0.16812221
678.46440806,0.16661178
678.69814607,0.15361789
678.93189549,0.15030735
679.16565631,0.15707327
679.39942854,0.14470011
679.63321217,0.14985215
679.86700720,0.15117636
680.10081361,0.14621055
680.33463143,0.14271378
680.56846063,0.14513462
680.80230121,0.14354142
681.03615318,0.14747269
681.27001653,0.15039011
681.50389126,0.15816989
681.73777736,0.16106662
681.97167484,0.15920443
682.20558368,0.16143905
682.43950390,0.17048098
682.67343547,0.16433578
682.90737841,0.16812221
683.14133270,0.16632211
683.37529836,0.15990793
683.60927536,0.15479727
683.84326371,0.15645254
684.07726341,0.14991422
684.31127446,0.15597665
684.54529685,0.16054934
684.77933057,0.16723251
685.01337564,0.16866018
685.24743203,0.18461286
685.48149976,0.19553766
685.71557881,0.20778668
685.94966919,0.21682860
686.18377090,0.22150475
686.41788392,0.22965696
686.65200826,0.23971274
686.88614391,0.23468485
687.12029088,0.24215427
687.35444915,0.24031278
687.58861873,0.24238187
687.82279961,0.23344340
688.05699179,0.22709129
688.29119527,0.22791893
688.52541004,0.22280827
688.75963611,0.22582914
688.99387346,0.22564293
689.22812210,0.22160820
689.46238203,0.22711198
689.69665323,0.22200133
689.93093571,0.23375376
690.16522947,0.24385092
690.39953450,0.24155423
690.63385080,0.24997543
690.86817837,0.25738277
691.10251720,0.26398317
691.33686730,0.26983870
691.57122865,0.27256990
691.80560125,0.27043873
692.03998511,0.27043873
692.27438023,0.27739088
692.50878658,0.27147328
692.74320419,0.26776961
692.97763303,0.26439699
693.21207312,0.27397688
693.44652444,0.27497004
693.68098699,0.28084626
693.91546077,0.27883924
694.14994579,0.28264637
694.38444203,0.28285328
694.61894949,0.29038476
694.85346817,0.29955083
695.08799806,0.30195098
695.32253918,0.29276422
695.55709150,0.29021924
695.79165503,0.29890942
696.02622977,0.30130956
696.26081571,0.29642651
696.49541285,0.29909564
696.73002119,0.29518505
696.96464072,0.28566724
697.19927145,0.28510858
697.43391336,0.27579768
697.66856647,0.26795582
697.90323075,0.27091462
698.13790622,0.26615572
698.37259286,0.27844611
698.60729068,0.27174226
698.84199967,0.27730811
699.07671984,0.28655695
699.31145117,0.29152276
699.54619366,0.30004742
699.78094731,0.30619262
700.01571213,0.32557999
700.25048810,0.33853250
700.48527522,0.36356849
700.72007349,0.36708594
700.95488292,0.37530023
701.18970348,0.38336969
701.42453519,0.38357660
701.65937804,0.38887347
701.89423202,0.39143914
702.12909714,0.38885278
702.36397339,0.38080401
702.59886077,0.37714172
702.83375927,0.36137526
703.06866889,0.35102980
703.30358964,0.34507082
703.53852150,0.32522825
703.77346448,0.32829050
704.00841857,0.30979283
704.24338376,0.31049632
704.47836007,0.30044054
704.71334748,0.29799902
704.94834598,0.28935022
705.18335559,0.27763917
705.41837629,0.27739088
705.65340808,0.27337684
705.88845096,0.27871509
706.12350493,0.28403266
706.35856998,0.28016346
706.59364612,0.28761218
706.82873333,0.29371600
707.06383161,0.30414422
707.29894097,0.31208952
707.53406141,0.32591105
707.76919290,0.34662264
708.00433546,0.36098213
708.23948909,0.37368634
708.47465377,0.38862518
708.70982951,0.38804583
708.94501630,0.39663256
709.18021414,0.38355590
709.41542303,0.39019768
709.65064297,0.37796936
709.88587395,0.36716871
710.12111597,0.34533980
710.35636902,0.33116654
710.59163311,0.31206883
710.82690823,0.30745476
711.06219437,0.29804040
711.29749155,0.28748804
711.53279974,0.28366022
711.76811896,0.29164691
712.00344920,0.27765986
712.23879044,0.28750873
712.47414270,0.28152906
712.70950597,0.29288836
712.94488025,0.28748804
713.18026553,0.30735131
713.41566181,0.30515807
713.65106908,0.31266887
713.88648736,0.32059348
714.12191662,0.31726225
714.35735688,0.31469658
714.59280812,0.31235850
714.82827034,0.31542076
715.06374355,0.31492418
715.29922774,0.31250334
715.53472290,0.31525523
715.77022903,0.30172338
716.00574614,0.30619262
716.24127421,0.30089574
716.47681324,0.29152276
716.71236324,0.28374298
716.94792420,0.27712190
717.18349611,0.25723794
717.41907898,0.25978292
717.65467280,0.24776150
717.89027757,0.24894088
718.12589328,0.24045761
718.36151993,0.23236747
718.59715752,0.22067711
718.83280605,0.21600097
719.06846552,0.21579406
719.30413591,0.22574638
719.53981724,0.21482158
719.77550949,0.22055296
720.01121266,0.22373936
720.24692676,0.23102256
720.48265177,0.24167838
720.71838769,0.23832645
720.95413453,0.23658841
721.18989228,0.24492685
721.42566093,0.23501591
721.66144049,0.23402274
721.89723095,0.22713267
722.13303231,0.23096049
722.36884456,0.23176743
722.60466770,0.23708500
722.84050173,0.23497452
723.07634666,0.23896787
723.31220246,0.23749881
723.54806915,0.24778219
723.78394671,0.23033976
724.01983515,0.22831205
724.25573447,0.22402904
724.49164465,0.23292612
724.72756571,0.22607744
724.96349762,0.22475322
725.19944040,0.23667118
725.43539404,0.23501591
725.67135854,0.23313303
725.90733388,0.22971903
726.14332008,0.23609183
726.37931713,0.22642918
726.61532503,0.22340831
726.85134376,0.22318071
727.08737334,0.21906322
727.32341375,0.22028398
727.55946500,0.21740795
727.79552708,0.21927013
728.03159998,0.21722173
728.26768372,0.22073918
728.50377827,0.23673325
728.73988365,0.23634012
728.97599985,0.23536765
729.21212686,0.24242325
729.44826468,0.24623038
729.68441331,0.24805118
729.92057275,0.24668558
730.15674299,0.25098928
730.39292403,0.26485219
730.62911587,0.25196176
730.86531851,0.24031278
731.10153194,0.22806376
731.33775616,0.22280827
731.57399117,0.20360711
731.81023696,0.18072297
732.04649353,0.18012294
732.28276088,0.16423232
732.51903901,0.16191494
732.75532791,0.15744571
732.99162758,0.15403171
733.22793802,0.15438345
733.46425923,0.15041080
733.70059119,0.14585880
733.93693392,0.13704448
734.17328740,0.13243041
734.40965164,0.13081651
734.64602662,0.12767150
734.88241236,0.12789910
735.11880884,0.12903710
735.35521607,0.12564379
735.59163403,0.12750597
735.82806273,0.13207866
736.06450217,0.14037571
736.30095234,0.14798996
736.53741323,0.15885269
736.77388486,0.18647505
737.01036720,0.19009595
737.24686027,0.20826257
737.48336406,0.21902184
737.71987856,0.24565103
737.95640377,0.26299001
738.19293969,0.27457691
738.42948632,0.28235669
738.66604365,0.28672247
738.90261169,0.29061236
739.13919042,0.30526152
739.37577985,0.30859276
739.61237997,0.31513109
739.84899078,0.31190330
740.08561228,0.31091014
740.32224446,0.30178545
740.55888732,0.28055659
740.79554087,0.26745924
741.03220509,0.26834895
741.26887998,0.25216867
741.50556555,0.24122318
741.74226178,0.23133293
741.97896868,0.22541533
742.21568624,0.22049089
742.45241446,0.20695904
742.68915333,0.20505548
742.92590286,0.19899304
743.16266304,0.19466864
743.39943387,0.18742683
743.63621535,0.19160639
743.87300747,0.18210927
744.10981023,0.17327425
744.34662363,0.17186727
744.58344766,0.18237825
744.82028232,0.18361970
745.05712761,0.18088850
745.29398353,0.18287483
745.53085007,0.18006087
745.76772724,0.17993672
746.00461502,0.17544679
746.24151341,0.16487374
746.47842242,0.15835611
746.71534204,0.15930789
746.95227227,0.15866647
747.18921310,0.16303225
747.42616453,0.16481167
747.66312656,0.17048098
747.90009918,0.16499789
748.13708240,0.17490883
748.37407621,0.17962636
748.61108061,0.17579854
748.84809559,0.17881941
749.08512115,0.18481977
749.32215730,0.17308803
749.55920401,0.18155061
749.79626131,0.18330934
750.03332917,0.18055745
750.27040760,0.18266792
750.50749660,0.19005457
750.74459616,0.19243403
750.98170628,0.18873035
751.21882695,0.20058624
751.45595818,0.19290992
751.69309997,0.20354504
751.93025230,0.20480719
752.16741517,0.20871777
752.40458859,0.21269042
752.64177256,0.20877984
752.87896705,0.21701482
753.11617209,0.21879424
753.35338765,0.22415318
753.59061374,0.23050529
753.82785037,0.23828507
754.06509751,0.24316812
754.30235518,0.24538205
754.53962336,0.25175485
754.77690206,0.26601088
755.01419127,0.27033528
755.25149099,0.27163881
755.48880122,0.27366651
755.72612195,0.27654255
755.96345319,0.27201124
756.20079492,0.26565913
756.43814715,0.25938979
756.67550987,0.25247903
756.91288309,0.24486478
757.15026679,0.24544412
757.38766097,0.24616830
757.62506564,0.23673325
757.86248079,0.23913340
758.09990641,0.23013285
758.33734251,0.23193296
758.57478908,0.23220194
758.81224612,0.23648496
759.04971362,0.22347038
759.28719159,0.21759417
759.52468001,0.20050348
759.76217889,0.20174493
759.99968823,0.19750330
760.23720802,0.18684748
760.47473826,0.17714345
760.71227894,0.17257076
760.94983007,0.16561861
761.18739164,0.16363229
761.42496364,0.15560422
761.66254608,0.16423232
761.90013895,0.16365298
762.13774226,0.16392196
762.37535598,0.16325985
762.61298014,0.16325985
762.85061471,0.16150113
763.08825970,0.17292250
763.32591511,0.16688076
763.56358093,0.17312941
763.80125716,0.17383290
764.03894380,0.17768141
764.27664084,0.18287483
764.51434829,0.18386799
764.75206613,0.18405421
764.98979437,0.17826076
765.22753300,0.18364039
765.46528203,0.18924763
765.70304144,0.19307544
765.94081124,0.19046839
766.17859142,0.19549628
766.41638197,0.19948962
766.65418291,0.18893726
766.89199422,0.19384101
767.12981590,0.19077875
767.36764795,0.19545490
767.60549036,0.19230988
767.84334314,0.19038563
768.08120628,0.18693025
768.31907977,0.18486116
768.55696362,0.18541981
768.79485782,0.17886079
769.03276238,0.17325356
769.27067727,0.17281905
769.50860251,0.16704629
769.74653809,0.17232247
769.98448401,0.17439156
770.22244027,0.17290181
770.46040685,0.18833723
770.69838377,0.19084083
770.93637101,0.19690326
771.17436858,0.20277948
771.41237647,0.21033166
771.65039468,0.21107653
771.88842320,0.20973162
772.12646204,0.21215246
772.36451118,0.20602795
772.60257064,0.19876544
772.84064039,0.19437897
773.07872045,0.19257886
773.31681081,0.18810963
773.55491147,0.18742683
773.79302242,0.19139948
774.03114366,0.18643366
774.26927519,0.17828145
774.50741700,0.17126723
774.74556910,0.17203280
774.98373147,0.17418465
775.22190413,0.17259145
775.46008705,0.16845327
775.69828025,0.17190865
775.93648372,0.17608821
776.17469745,0.17331563
776.41292145,0.18192305
776.65115570,0.18693025
776.88940022,0.19288923
777.12765499,0.18808894
777.36592001,0.19568250
777.60419528,0.19121326
777.84248079,0.18649574
778.08077655,0.18388868
778.31908256,0.19079944
778.55739879,0.18068159
778.79572527,0.18179890
779.03406198,0.18444734
779.27240891,0.17236385
779.51076608,0.16917745
779.74913346,0.16810152
779.98751107,0.16578414
780.22589890,0.18486116
780.46429695,0.16638418
780.70270520,0.16301156
780.94112367,0.15860440
781.17955235,0.16218392
781.41799123,0.15324545
781.65644031,0.15839749
781.89489959,0.15121775
782.13336907,0.15202469
782.37184874,0.15043149
782.61033861,0.15094876
782.84883866,0.15525247
783.08734890,0.15256265
783.32586931,0.15094876
783.56439991,0.14488633
783.80294069,0.14573466
784.04149164,0.15583182
784.28005276,0.15523178
784.51862406,0.16814291
784.75720551,0.16859811
784.99579713,0.16638418
785.23439891,0.17027407
785.47301085,0.16841189
785.71163295,0.16524618
785.95026519,0.16547378
786.18890759,0.16265982
786.42756013,0.15912167
786.66622282,0.14577604
786.90489564,0.14803135
787.14357861,0.13447880
787.38227171,0.13025786
787.62097494,0.12266430
787.85968831,0.11991241
788.09841180,0.11602252
788.33714541,0.11546386
788.57588915,0.11194641
788.81464301,0.11463623
789.05340698,0.11887786
789.29218106,0.11645703
789.53096526,0.12274706
789.76975956,0.12494030
790.00856397,0.12651281
790.24737848,0.13828593
790.48620309,0.13867906
790.72503780,0.14890036
790.96388260,0.15370065
791.20273749,0.15591458
791.44160247,0.15852163
791.68047754,0.15316269
791.91936269,0.15488004
792.15825792,0.15297647
792.39716323,0.15303855
792.63607861,0.14662437
792.87500406,0.14647953
793.11393958,0.15285233
793.35288517,0.14925211
793.59184082,0.14635538
793.83080653,0.14393455
794.06978230,0.14385178
794.30876813,0.15051426
794.54776401,0.13760313
794.78676993,0.13240971
795.02578591,0.13994120
795.26481193,0.14596226
795.50384798,0.13938255
795.74289408,0.13702379
795.98195022,0.14215513
796.22101638,0.13847215
796.46009258,0.13466502
796.69917880,0.13774797
796.93827505,0.13654790
797.17738132,0.13749968
797.41649761,0.13563750
797.65562392,0.14530015
797.89476024,0.14412077
798.13390657,0.14000328
798.37306290,0.14445182
798.61222925,0.14078953
798.85140559,0.14385178
799.09059194,0.13760313
799.32978828,0.14321037
799.56899462,0.13594786
799.80821094,0.13629960
800.04743726,0.13224419
800.28667356,0.13158208
800.52591985,0.12742321
800.76517611,0.12779564
801.00444236,0.12781633
801.24371857,0.12715422
801.48300476,0.13120964
801.72230092,0.13203728
801.96160705,0.12849913
802.20092314,0.13360979
802.44024919,0.13716862
802.67958519,0.14958316
802.91893116,0.15252127
803.15828707,0.15924582
803.39765294,0.16590829
803.63702875,0.17830214
803.87641450,0.16950850
804.11581020,0.17931599
804.35521584,0.18726130
804.59463141,0.18693025
804.83405692,0.18376454
805.07349235,0.19454450
805.31293772,0.19543421
805.55239300,0.19404792
805.79185821,0.19193744
806.03133334,0.20455890
806.27081839,0.19768952
806.51031335,0.19893097
806.74981822,0.20511755
806.98933300,0.20441406
807.22885768,0.20395886
807.46839227,0.20530377
807.70793675,0.20691766
807.94749114,0.20944195
808.18705542,0.20559344
808.42662959,0.21478020
808.66621364,0.21022820
808.90580759,0.20900744
809.14541141,0.20997991
809.38502512,0.19603424
809.62464871,0.18744752
809.86428217,0.18599916
810.10392550,0.17788832
810.34357870,0.16621865
810.58324177,0.15986654
810.82291470,0.15010044
811.06259749,0.14641746
811.30229015,0.13934117
811.54199265,0.12885088
811.78170501,0.11953997
812.02142722,0.11070496
812.26115928,0.09657307
812.50090118,0.09218660
812.74065292,0.08446889
812.98041450,0.07790987
813.22018592,0.07935824
813.45996717,0.06824722
813.69975825,0.06412973
813.93955916,0.06251584
814.17936989,0.06133646
814.41919045,0.05601890
814.65902083,0.05970188
814.89886102,0.05142552
815.13871102,0.04825981
815.37857084,0.04573552
815.61844047,0.04610795
815.85831990,0.04656315
816.09820913,0.04625279
816.33810817,0.04617003
816.57801700,0.04697697
816.81793562,0.04674937
817.05786404,0.04821843
817.29780225,0.04244566
817.53775024,0.04513548
817.77770801,0.04879777
818.01767557,0.04199046
818.25765290,0.04627348
818.49764001,0.04666661
818.73763689,0.04674937
818.97764354,0.04869432
819.21765996,0.05241868
819.45768614,0.05024614
819.69772209,0.04945988
819.93776779,0.05500504
820.17782324,0.05452915
820.41788845,0.05370152
820.65796341,0.05152897
820.89804812,0.05448777
821.13814257,0.05546024
821.37824677,0.06342624
821.61836070,0.06224686
821.85848437,0.06497806
822.09861777,0.07426827
822.33876090,0.07720638
822.57891376,0.08544136
822.81907635,0.08951747
823.05924866,0.09918012
823.29943069,0.11496728
823.53962243,0.13089928
823.77982389,0.14250688
824.02003506,0.15688705
824.26025594,0.17898494
824.50048652,0.20669006
824.74072681,0.21502849
824.98097680,0.24047830
825.22123648,0.25885183
825.46150586,0.28972266
825.70178493,0.28666040
825.94207369,0.29781280
826.18237214,0.30851000
826.42268027,0.32017967
826.66299808,0.32479374
826.90332557,0.33673239
827.14366273,0.32688352
827.38400957,0.32013828
827.62436608,0.32446268
827.86473225,0.32495926
828.10510809,0.31380687
828.34549359,0.30619262
828.58588874,0.29603338
828.82629356,0.29317804
829.06670802,0.27896339
829.30713214,0.27060426
829.54756590,0.26265895
829.78800931,0.25392739
830.02846236,0.26133474
830.26892505,0.26578328
830.50939738,0.26385903
830.74987934,0.25419637
830.99037093,0.24879605
831.23087215,0.25303768
831.47138299,0.25090652
831.71190346,0.24778219
831.95243355,0.23574009
832.19297325,0.23199503
832.43352257,0.22862242
832.67408150,0.22504289
832.91465003,0.21225591
833.15522818,0.19942755
833.39581592,0.19760675
833.63641327,0.19108912
833.87702022,0.18264723
834.11763676,0.16580483
834.35826289,0.16135629
834.59889861,0.15934927
834.83954392,0.13907219
835.08019881,0.12984404
835.32086328,0.12154699
835.56153733,0.12090557
835.80222095,0.10898761
836.04291415,0.09576612
836.28361692,0.08982783
836.52432926,0.09022096
836.76505116,0.08171700
837.00578262,0.08597933
837.24652364,0.07670980
837.48727421,0.07331649
837.72803434,0.06899209
837.96880402,0.06712991
838.20958325,0.06712991
838.45037202,0.07044046
838.69117033,0.06613675
838.93197819,0.06874380
839.17279558,0.07064737
839.41362250,0.07546835
839.65445896,0.07522006
839.89530494,0.08008242
840.13616045,0.08068245
840.37702548,0.08457234
840.61790003,0.08397231
840.85878410,0.08808980
841.09967768,0.08113765
841.34058078,0.08242049
841.58149338,0.08144802
841.82241549,0.07999966
842.06334710,0.07430966
842.30428821,0.07325442
842.54523883,0.07503384
842.78619893,0.07070944
843.02716853,0.06657126
843.26814762,0.06624020
843.50913619,0.06125370
843.75013425,0.06019846
843.99114179,0.05974326
844.23215881,0.06156406
844.47318530,0.06096402
844.71422127,0.06667471
844.95526670,0.06127439
845.19632161,0.06566086
845.43738597,0.05872941
845.67845980,0.06154337
845.91954309,0.06286759
846.16063584,0.06034330
846.40173803,0.05864664
846.64284968,0.06659195
846.88397078,0.06243308
847.12510132,0.06367453
847.36624130,0.06518497
847.60739073,0.06737820
847.84854959,0.06775064
848.08971788,0.07323373
848.33089561,0.07730984
848.57208276,0.07964791
848.81327934,0.09009682
849.05448534,0.09369703
849.29570076,0.09783521
849.53692560,0.11345685
849.77815986,0.11169812
850.01940353,0.12078143
850.26065660,0.12593346
850.50191908,0.13005095
850.74319097,0.13112688
850.98447225,0.13706517
851.22576294,0.13743760
851.46706301,0.13834800
851.70837248,0.14294138
851.94969135,0.15194193
852.19101959,0.15636978
852.43235722,0.17116378
852.67370424,0.18004017
852.91506063,0.18264723
853.15642640,0.18357832
853.39780154,0.18049537
853.63918605,0.18647505
853.88057992,0.18941315
854.12198317,0.18941315
854.36339577,0.18566810
854.60481773,0.18461286
854.84624905,0.18442665
855.08768973,0.18001948
855.32913975,0.17459847
855.57059912,0.16549447
855.81206784,0.16915676
856.05354590,0.15622494
856.29503330,0.16332192
856.53653004,0.15945273
856.77803611,0.15928720
857.01955151,0.14629331
857.26107624,0.17573647
857.50261030,0.14149302
857.74415367,0.13632030
857.98570637,0.12562310
858.22726839,0.12947161
858.46883972,0.12119524
858.71042037,0.11786401
858.95201032,0.11180157
859.19360958,0.11124292
859.43521814,0.10667023
859.67683601,0.10547016
859.91846317,0.11641565
860.16009963,0.10091816
860.40174538,0.09450398
860.64340042,0.09597303
860.88506474,0.09574543
861.12673835,0.09423500
861.36842125,0.09377980
861.61011342,0.09313838
861.85181487,0.09330391
862.09352559,0.09620063
862.33524558,0.09564198
862.57697484,0.09398671
862.81871336,0.09547645
863.06046114,0.10170441
863.30221819,0.10019398
863.54398449,0.10573914
863.78576004,0.10137336
864.02754485,0.10141474
864.26933890,0.09756623
864.51114220,0.10195270
864.75295474,0.10110438
864.99477653,0.11126361
865.23660755,0.10323554
865.47844780,0.09820765
865.72029728,0.09555921
865.96215600,0.09568336
866.20402394,0.09377980
866.44590110,0.09084169
866.68778748,0.08508962
866.92968308,0.08798634
867.17158790,0.08931056
867.41350193,0.08941402
867.65542516,0.08767598
867.89735761,0.08871053
868.13929926,0.08651729
868.38125011,0.08984853
868.62321015,0.08918642
868.86517940,0.09150380
869.10715783,0.08018587
869.34914546,0.08556551
869.59114227,0.08984853
869.83314827,0.09392463
870.07516344,0.08469649
870.31718780,0.08134456
870.55922133,0.09123482
870.80126404,0.09402809
871.04331592,0.09311769
871.28537696,0.08633107
871.52744717,0.08560689
871.76952655,0.08413784
872.01161508,0.09398671
872.25371277,0.09417292
872.49581961,0.08527584
872.73793560,0.08738631
872.98006075,0.08297915
873.22219503,0.08695180
873.46433846,0.08533791
873.70649103,0.08962093
873.94865274,0.08165493
874.19082358,0.08463442
874.43300356,0.08490340
874.67519266,0.08517238
874.91739089,0.07815816
875.15959824,0.07741329
875.40181471,0.06967489
875.64404031,0.07617184
875.88627501,0.07269577
876.12851883,0.07517867
876.37077176,0.07151638
876.61303379,0.06797824
876.85530493,0.06990249
877.09758517,0.06338486
877.33987451,0.06247446
877.58217294,0.06655057
877.82448047,0.06832999
878.06679709,0.07550973
878.30912279,0.07193020
878.55145758,0.07979275
878.79380145,0.07925478
879.03615440,0.07443380
879.27851643,0.08246187
879.52088753,0.08190322
879.76326770,0.08281362
880.00565694,0.08657936
880.24805524,0.08759322
880.49046260,0.08904158
880.73287903,0.08848293
880.97530451,0.09425569
881.21773905,0.09229005
881.46018264,0.08798634
881.70263527,0.09404878
881.94509695,0.09539369
882.18756768,0.09514540
882.43004744,0.09963532
882.67253625,0.10133198
882.91503409,0.09636616
883.15754095,0.09733863
883.40005685,0.09365565
883.64258178,0.09396602
883.88511573,0.09088307
884.12765869,0.09003474
884.37021068,0.08419991
884.61277168,0.08223427
884.85534170,0.07677187
885.09792072,0.07377169
885.34050876,0.06855759
885.58310579,0.07017148
885.82571183,0.06584708
886.06832686,0.06131577
886.31095090,0.06210202
886.55358392,0.05843973
886.79622594,0.05506712
887.03887694,0.05061857
887.28153693,0.05154966
887.52420589,0.05308079
887.76688384,0.04958403
888.00957077,0.04490788
888.25226667,0.04087316
888.49497154,0.03888683
888.73768537,0.04132836
888.98040818,0.03704534
889.22313994,0.03495556
889.46588067,0.03783159
889.70863035,0.03667290
889.95138899,0.03497625
890.19415657,0.03712810
890.43693311,0.03429345
890.67971859,0.03245196
890.92251302,0.03106567
891.16531639,0.03087945
891.40812869,0.02823101
891.65094993,0.02647229
891.89378010,0.03009320
892.13661920,0.02701025
892.37946723,0.03129327
892.62232418,0.03147949
892.86519005,0.03501763
893.10806484,0.03543145
893.35094854,0.03969377
893.59384116,0.03456243
893.83674269,0.04130767
894.07965312,0.04358366
894.32257246,0.04368712
894.56550070,0.04426646
894.80843784,0.05411533
895.05138388,0.05080479
895.29433881,0.05543955
895.53730263,0.05274973
895.78027533,0.05663962
896.02325692,0.05198417
896.26624740,0.05473606
896.50924675,0.05624650
896.75225498,0.06063297
896.99527208,0.06021915
897.23829806,0.05887424
897.48133290,0.06199857
897.72437661,0.06083988
897.96742918,0.06098471
898.21049061,0.05990879
898.45356090,0.06199857
898.69664005,0.06433664
898.93972804,0.05843973
899.18282488,0.06317795
899.42593057,0.06582639
899.66904511,0.06181235
899.91216848,0.06584708
900.15530069,0.05817075
900.39844174,0.06117093
900.64159162,0.05825352
900.88475033,0.05974326
901.12791786,0.06663333
901.37109422,0.06549533
901.61427940,0.06599191
901.85747340,0.06965420
902.10067621,0.07313028
902.34388784,0.07695809
902.58710827,0.07817886
902.83033752,0.07863406
903.07357557,0.07950307
903.31682242,0.07968929
903.56007807,0.07999966
903.80334251,0.08299984
904.04661575,0.08088936
904.28989778,0.08101351
904.53318860,0.08796565
904.77648820,0.08446889
905.01979659,0.09266249
905.26311375,0.09541438
905.50643969,0.09963532
905.74977441,0.10170441
905.99311789,0.10220099
906.23647015,0.10302863
906.47983117,0.10578052
906.72320095,0.10042158
906.96657950,0.10766339
907.20996680,0.10009052
907.45336285,0.10561499
907.69676766,0.10555292
907.94018122,0.10876001
908.18360352,0.10598743
908.42703457,0.10712543
908.67047435,0.09897321
908.91392288,0.09973878
909.15738014,0.09235212
909.40084613,0.08937263
909.64432085,0.09295216
909.88780430,0.09394532
910.13129648,0.09115205
910.37479737,0.08780013
910.61830699,0.08699318
910.86182531,0.08403438
911.10535236,0.07762020
911.34888811,0.08589656
911.59243257,0.07815816
911.83598573,0.08068245
912.07954760,0.08248256
912.32311816,0.08467580
912.56669743,0.09007613
912.81028538,0.08542067
913.05388203,0.08519307
913.29748736,0.08790358
913.54110138,0.08544136
913.78472408,0.08277224
914.02835547,0.08101351
914.27199552,0.08676558
914.51564426,0.07747536
914.75930166,0.07503384
915.00296774,0.07511660
915.24664247,0.07966860
915.49032588,0.07519937
915.73401794,0.07666842
915.97771866,0.07441311
916.22142803,0.08179976
916.46514606,0.08151009
916.70887274,0.08264809
916.95260806,0.07844784
917.19635202,0.09214522
917.44010463,0.08724147
917.68386588,0.09584889
917.92763576,0.09245558
918.17141427,0.10975317
918.41520141,0.11949859
918.65899718,0.12173321
918.90280158,0.12806462
919.14661459,0.12959575
919.39043623,0.13081651
919.63426648,0.13629960
919.87810534,0.13805833
920.12195281,0.14693473
920.36580890,0.13859629
920.60967358,0.14728647
920.85354687,0.15030735
921.09742876,0.14246549
921.34131924,0.13764451
921.58521832,0.14534153
921.82912599,0.14229997
922.07304225,0.14130680
922.31696709,0.13073375
922.56090052,0.12645073
922.80484252,0.11554663
923.04879310,0.10977387
923.29275226,0.10168372
923.53671999,0.10025605
923.78069629,0.08825533
924.02468115,0.09100722
924.26867458,0.07863406
924.51267656,0.07085428
924.75668711,0.06731613
925.00070621,0.06408835
925.24473386,0.05930875
925.48877006,0.05628788
925.73281481,0.05094963
925.97686810,0.04792875
926.22092994,0.04401817
926.46500031,0.04050072
926.70907921,0.03398309
926.95316665,0.03416930
927.19726262,0.03027941
927.44136712,0.03100360
927.68548014,0.02481701
927.92960168,0.02655505
928.17373175,0.02258240
928.41787032,0.02266516
928.66201741,0.02380316
928.90617302,0.02105127
929.15033713,0.02086505
929.39450974,0.02038916
929.63869086,0.02094782
929.88288047,0.02109265
930.12707859,0.02113403
930.37128520,0.02628607
930.61550029,0.02057538
930.85972388,0.02657574
931.10395595,0.02585156
931.34819651,0.02599640
931.59244554,0.03054840
931.83670306,0.03226574
932.08096904,0.03408654
932.32524350,0.03768676
932.56952643,0.04118352
932.81381782,0.04556999
933.05811768,0.04126628
933.30242600,0.05163243
933.54674278,0.04745286
933.79106801,0.05378428
934.03540169,0.05130137
934.27974382,0.04966679
934.52409440,0.05930875
934.76845343,0.06168821
935.01282089,0.05864664
935.25719680,0.06228824
935.50158114,0.06102610
935.74597391,0.05606028
935.99037511,0.05417741
936.23478474,0.05552232
936.47920279,0.05353599
936.72362927,0.06230893
936.96806417,0.05697068
937.21250748,0.06156406
937.45695920,0.05972257
937.70141934,0.05488090
937.94588788,0.05128068
938.19036483,0.05268766
938.43485019,0.05320493
938.67934394,0.05037028
938.92384608,0.05061857
939.16835663,0.05101170
939.41287556,0.05270835
939.65740288,0.05579130
939.90193859,0.04821843
940.14648268,0.04778392
940.39103515,0.04335606
940.63559600,0.04461821
940.88016523,0.04103868
941.12474282,0.04465959
941.36932879,0.04614934
941.61392312,0.05084617
941.85852581,0.04931504
942.10313687,0.04575621
942.34775628,0.04598381
942.59238405,0.04478374
942.83702017,0.04662523
943.08166464,0.04617003
943.32631746,0.04852879
943.57097862,0.04159734
943.81564813,0.04637694
944.06032597,0.04637694
944.30501215,0.04285948
944.54970666,0.04811497
944.79440950,0.04221806
945.03912067,0.04275603
945.28384016,0.04888054
945.52856798,0.04097661
945.77330412,0.04298363
946.01804857,0.03739708
946.26280133,0.03640392
946.50756241,0.03743847
946.75233179,0.03619701
946.99710948,0.03654876
947.24189548,0.03917650
947.48668977,0.03259679
947.73149236,0.03996276
947.97630324,0.03205883
948.22112242,0.03609356
948.46594988,0.03801781
948.71078563,0.03336236
948.95562966,0.03963170
949.20048198,0.03290716
949.44534257,0.03294854
949.69021144,0.03541076
949.93508857,0.03870061
950.17997398,0.03458312
950.42486766,0.03218298
950.66976959,0.03940410
950.91467979,0.03340374
951.15959825,0.03758330
951.40452496,0.03116912
951.64945993,0.02891381
951.89440314,0.03543145
952.13935461,0.02601709
952.38431431,0.02456872
952.62928226,0.02487909
952.87425845,0.02297552
953.11924287,0.02616192
953.36423553,0.02194098
953.60923642,0.02001673
953.85424553,0.02163062
954.09926287,0.01813385
954.34428843,0.01726483
954.58932222,0.01701654
954.83436421,0.01829938
955.07941443,0.01461640
955.32447285,0.01337495
955.56953948,0.01753382
955.81461432,0.01685102
956.05969736,0.01192658
956.30478860,0.00888502
956.54988803,0.01347840
956.79499567,0.00996095
957.04011149,0.01426465
957.28523550,0.01089204
957.53036770,0.01016785
957.77550808,0.01157484
958.02065664,0.01058167
958.26581338,0.01140931
958.51097830,0.01354047
958.75615139,0.01397498
959.00133264,0.01743036
959.24652207,0.01227833
959.49171965,0.01875458
959.73692540,0.01699585
959.98213931,0.01798902
960.22736137,0.01716138
960.47259159,0.02295483
960.71782995,0.05055650
960.96307647,0.02541705
961.20833112,0.02661712
961.45359392,0.02945178
961.69886486,0.02916210
961.94414394,0.03023803
962.18943115,0.02965869
962.43472648,0.03011389
962.68002995,0.03338305
962.92534154,0.03404516
963.17066126,0.02914141
963.41598909,0.03164501
963.66132504,0.03315545
963.90666911,0.03321752
964.15202128,0.03257610
964.39738157,0.03888683
964.64274996,0.03588665
964.88812645,0.04056279
965.13351104,0.03565905
965.37890374,0.03719018
965.62430452,0.03644530
965.86971340,0.03468658
966.11513036,0.03774883
966.36055542,0.03820403
966.60598855,0.03731432
966.85142977,0.03369341
967.09687907,0.03464519
967.34233644,0.03570043
967.58780188,0.03743847
967.83327539,0.03385894
968.07875697,0.03894890
968.32424661,0.04532170
968.56974432,0.04271465
968.81525008,0.03944548
969.06076390,0.04132836
969.30628577,0.04101799
969.55181570,0.04474236
969.79735367,0.04567345
970.04289968,0.03977654
970.28845374,0.04360436
970.53401583,0.04550792
970.77958597,0.04724595
971.02516413,0.03942479
971.27075033,0.04058348
971.51634455,0.04012828
971.76194680,0.04786668
972.00755708,0.04014897
972.25317537,0.04414232
972.49880168,0.04463890
972.74443600,0.04246636
972.99007834,0.04503203
973.23572868,0.04867363
973.48138703,0.04805290
973.72705338,0.04919090
973.97272774,0.05157035
974.21841009,0.05252213
974.46410043,0.05173588
974.70979877,0.04929435
974.95550510,0.04325261
975.20121941,0.04902537
975.44694171,0.04513548
975.69267199,0.04484581
975.93841024,0.04261119
976.18415647,0.04494926
976.42991068,0.04515617
976.67567285,0.03890752
976.92144299,0.03772814
977.16722110,0.03760399
977.41300717,0.04209392
977.65880119,0.04132836
977.90460317,0.03795574
978.15041311,0.04403886
978.39623099,0.03998345
978.64205683,0.04112145
978.88789061,0.03996276
979.13373233,0.04052141
979.37958199,0.03698327
979.62543958,0.03543145
979.87130511,0.03719018
980.11717857,0.03745916
980.36305996,0.03567974
980.60894928,0.03646599
980.85484651,0.03481072
981.10075167,0.03479003
981.34666475,0.03201745
981.59258573,0.03280370
981.83851463,0.02649298
982.08445144,0.03104498
982.33039616,0.02943109
982.57634878,0.02330658
982.82230930,0.02427905
983.06827771,0.02744476
983.31425403,0.02692749
983.56023823,0.02415491
983.80623032,0.02554120
984.05223031,0.01786487
984.29823817,0.02169269
984.54425391,0.02156854
984.79027754,0.01829938
985.03630904,0.01892011
985.28234841,0.01834076
985.52839565,0.02390662
985.77445076,0.01929254
986.02051374,0.02396869
986.26658457,0.01747174
986.51266327,0.02682403
986.75874982,0.02351349
987.00484422,0.02390662
987.25094647,0.02800341
987.49705658,0.02667920
987.74317452,0.02665851
987.98930031,0.02487909
988.23543394,0.02539636
988.48157541,0.02405145
988.72772471,0.02725854
988.97388184,0.03263818
989.22004680,0.02477563
989.46621959,0.03154156
989.71240020,0.02910003
989.95858862,0.03100360
990.20478487,0.02674127
990.45098893,0.03630047
990.69720080,0.03081738
990.94342048,0.02947247
991.18964797,0.02856207
991.43588326,0.02777581
991.68212635,0.02369971
991.92837724,0.02467218
992.17463593,0.02566534
992.42090240,0.02454803
992.66717667,0.01910633
992.91345872,0.02204443
993.15974856,0.01939600
993.40604618,0.02088574
993.65235158,0.01943738
993.89866475,0.01908563
994.14498570,0.01776142
994.39131441,0.01815454
994.63765090,0.01879596
994.88399515,0.01769934
995.13034716,0.01803040
995.37670693,0.02016156
995.62307445,0.01776142
995.86944973,0.01151276
996.11583276,0.01329218
996.36222354,0.01606476
996.60862206,0.01548542
996.85502833,0.01660273
997.10144233,0.01310596
997.34786408,0.01294044
997.59429355,0.01463709
997.84073076,0.01333356
998.08717570,0.00698146
998.33362836,0.01331287
998.58008875,0.00919538
998.82655685,0.01453364
999.07303267,0.01838214
999.31951621,0.01647858
999.56600746,0.01190589
999.81250642,0.01169898
1000.05901309,0.01389222
1000.30552746,0.01296113
1000.55204953,0.01087135
1000.79857929,0.01720276
1001.04511676,0.01490607
1001.29166191,0.01927185
1001.53821476,0.01056098
1001.78477529,0.01471985
1002.03134351,0.01455433
1002.27791941,0.01858905
1002.52450299,0.01629236
1002.77109424,0.01654065
1003.01769317,0.01225764
1003.26429976,0.01618891
1003.51091403,0.01341633
1003.75753596,0.01277491
1004.00416555,0.01478193
1004.25080280,0.02038916
1004.49744771,0.01548542
1004.74410027,0.01403705
1004.99076048,0.01060236
1005.23742834,0.01186451
1005.48410384,0.01550611
1005.73078699,0.01205073
1005.97747778,0.01374738
1006.22417620,0.01124378
1006.47088226,0.01178175
1006.71759595,0.01138862
1006.96431727,0.01267145
1007.21104622,0.01349909
1007.45778279,0.01273353
1007.70452698,0.00826429
1007.95127879,0.01256800
1008.19803821,0.01194727
1008.44480524,0.01451294
1008.69157988,0.01591993
1008.93836213,0.01416120
1009.18515199,0.01085065
1009.43194944,0.01209211
1009.67875450,0.01221625
1009.92556715,0.01128516
1010.17238739,0.01395429
1010.41921522,0.01409913
1010.66605064,0.01351978
1010.91289364,0.01209211
1011.15974422,0.01093342
1011.40660239,0.01122309
1011.65346813,0.01047822
1011.90034144,0.01780280
1012.14722232,0.01583716
1012.39411078,0.01227833
1012.64100679,0.01608545
1012.88791037,0.01778211
1013.13482151,0.01594062
1013.38174020,0.01705793
1013.62866645,0.01985120
1013.87560025,0.02007880
1014.12254160,0.01658204
1014.36949049,0.02208582
1014.61644693,0.02564465
1014.86341091,0.02040985
1015.11038242,0.01827869
1015.35736147,0.02330658
1015.60434805,0.02069952
1015.85134216,0.01962360
1016.09834379,0.01625098
1016.34535295,0.01829938
1016.59236963,0.01815454
1016.83939383,0.01902356
1017.08642554,0.01819593
1017.33346476,0.01747174
1017.58051150,0.01947876
1017.82756574,0.01546473
1018.07462748,0.01558887
1018.32169673,0.01743036
1018.56877347,0.01260938
1018.81585771,0.01995465
1019.06294945,0.01496814
1019.31004867,0.01006440
1019.55715538,0.00896778
1019.80426957,0.01418189
1020.05139125,0.01633374
1020.29852041,0.01552680
1020.54565704,0.00925746
1020.79280114,0.01076789
1021.03995272,0.00714698
1021.28711177,0.01347840
1021.53427828,0.00929884
1021.78145225,0.01124378
1022.02863368,0.00669178
1022.27582257,0.00385713
1022.52301891,0.01227833
1022.77022270,0.00979542
1023.01743395,0.00998164
1023.26465263,0.00832636
1023.51187876,0.00189149
1023.75911234,0.00673316
1024.00635335,0.00605037
1024.25360179,0.00807807
1024.50085766,0.00654695
1024.74812097,0.00747804
1024.99539170,0.00592622
1025.24266985,0.00880226
1025.48995543,0.00425026
1025.73724842,0.00760218
1025.98454883,0.00814015
1026.23185665,0.00588484
1026.47917188,0.00542964
1026.72649452,0.00650556
1026.97382456,0.00811946
1027.22116200,0.00362953
1027.46850685,0.00685731
1027.71585908,0.00617451
1027.96321872,0.00584346
1028.21058574,0.00294673
1028.45796014,-0.01048167
1028.70534194,-0.01081272
1028.95273111,-0.01186796
1029.20012767,-0.01130930
1029.44753160,-0.01120585
1029.69494290,-0.01149552
