199.82001468,0.00228820
200.02220309,0.00272274
200.22440896,0.00055007
200.42663230,0.00123291
200.62887310,0.00164675
200.83113136,0.00454364
201.03340708,0.00096391
201.23570025,0.00357111
201.43801087,0.00530925
201.64033894,0.00570240
201.84268445,0.00386080
202.04504741,0.00435741
202.24742780,0.00338489
202.44982564,0.00224682
202.65224090,-0.00093977
202.85467360,0.00673701
203.05712372,0.00295035
203.25959128,-0.00151915
203.46207625,0.00317796
203.66457864,0.00071560
203.86709846,0.00601278
204.06963568,0.00555756
204.27219032,0.00363319
204.47476237,0.00125360
204.67735182,0.00177090
204.87995868,0.00998567
205.08258293,0.00619901
205.28522459,0.00319866
205.48788364,0.00216405
205.69056008,0.00154329
205.89325391,0.00630247
206.09596513,0.00168813
206.29869374,0.00665424
206.50143972,0.00605417
206.70420308,0.00394357
206.90698382,0.00156398
207.10978194,0.00228820
207.31259742,0.00638524
207.51543027,0.00214336
207.71828048,0.00243305
207.92114806,0.00119152
208.12403299,0.00770954
208.32693528,0.00057076
208.52985493,0.00201921
208.73279193,-0.00129153
208.93574627,0.00864068
209.13871796,0.00528856
209.34170699,0.00261928
209.54471336,0.00052937
209.74773707,0.00381942
209.95077811,0.00162606
210.15383649,0.00288827
210.35691219,0.00255720
210.56000522,0.00437811
210.76311557,0.00083976
210.96624324,0.00444018
211.16938823,-0.00015347
211.37255053,0.00183298
211.57573015,0.00166744
211.77892707,0.00359181
211.98214130,0.00108806
212.18537284,0.00386080
212.38862167,0.00057076
212.59188781,0.00044660
212.79517124,0.00164675
212.99847196,0.00038453
213.20178997,0.00458503
213.40512527,0.00532994
213.60847785,0.00065353
213.81184772,0.00146052
214.01523486,-0.00033970
214.21863928,0.00516441
214.42206097,0.00239166
214.62549993,0.00286758
214.82895616,0.00127429
215.03242966,0.00311589
215.23592042,0.00135706
215.43942843,0.00384011
215.64295370,0.00390219
215.84649623,0.00410911
216.05005601,0.00710947
216.25363303,0.00305381
216.45722731,0.00226751
216.66083882,0.00131567
216.86446757,0.00313658
217.06811356,0.00100529
217.27177679,0.00700601
217.47545724,0.00355042
217.67915493,0.00129498
217.88286984,0.00206059
218.08660198,0.00355042
218.29035133,0.00766815
218.49411790,0.00613694
218.69790169,0.00222613
218.90170269,0.00423326
219.10552090,0.00506095
219.30935632,0.00504025
219.51320894,0.00092252
219.71707876,0.00017761
219.92096578,0.00481264
220.12486999,0.00274343
220.32879140,0.00495749
220.53272999,0.00071560
220.73668578,0.00537133
220.94065875,0.00456434
221.14464890,0.00036384
221.34865623,0.00305381
221.55268073,0.00115014
221.75672241,-0.00201576
221.96078126,0.00175021
222.16485728,-0.00040177
222.36895046,0.00032245
222.57306080,0.00324004
222.77718831,0.00098460
222.98133297,-0.00029831
223.18549478,0.00603348
223.38967375,-0.00015347
223.59386986,-0.00013277
223.79808312,0.00112944
224.00231352,0.00166744
224.20656106,0.00551617
224.41082574,0.00406773
224.61510756,0.00671632
224.81940650,0.00106737
225.02372258,0.00199851
225.22805578,0.00137775
225.43240610,-0.00129153
225.63677355,0.00644732
225.84115811,-0.00093977
226.04555979,0.00299174
226.24997858,0.00092252
226.45441448,0.00119152
226.65886748,0.00535064
226.86333759,0.00168813
227.06782480,0.00222613
227.27232911,0.00148121
227.47685052,0.00249512
227.68138902,0.00396426
227.88594461,-0.00203645
228.09051728,0.00247443
228.29510704,0.00363319
228.49971389,0.00615763
228.70433781,0.00458503
228.90897881,0.00433672
229.11363688,0.00079837
229.31831202,0.00477126
229.52300423,0.00197782
229.72771350,0.00129498
229.93243984,0.00152259
230.13718324,0.00193644
230.34194369,0.00177090
230.54672120,0.00708877
230.75151576,0.00146052
230.95632737,0.00636455
231.16115602,0.00055007
231.36600172,0.00133637
231.57086446,0.00040522
231.77574423,0.00350904
231.98064104,-0.00058800
232.18555488,-0.00002931
232.39048575,0.00444018
232.59543365,0.00112944
232.80039857,-0.00116738
233.00538051,0.00346765
233.21037947,0.00350904
233.41539544,0.01830390
233.62042843,0.00355042
233.82547842,0.00406773
234.03054543,0.00628178
234.23562943,0.00152259
234.44073044,0.00292966
234.64584845,0.00524718
234.85098345,0.00245374
235.05613545,0.00266066
235.26130444,0.00444018
235.46649041,0.00261928
235.67169337,0.00628178
235.87691331,0.00731639
236.08215023,0.00055007
236.28740413,0.00377804
236.49267500,0.00185367
236.69796284,0.00052937
236.90326765,0.00379873
237.10858942,0.00390219
237.31392816,0.00363319
237.51928386,0.00417119
237.72465651,0.00210197
237.93004612,0.00166744
238.13545268,0.00179159
238.34087619,0.00483333
238.54631664,0.00083976
238.75177404,0.00050868
238.95724838,0.00044660
239.16273965,0.00307450
239.36824786,0.00557825
239.57377300,0.00369527
239.77931508,0.00557825
239.98487407,0.00367458
240.19045000,0.00543341
240.39604284,0.00268135
240.60165260,-0.00038108
240.80727928,0.00253651
241.01292287,0.00230890
241.21858337,0.00501956
241.42426077,0.00226751
241.62995508,0.00348835
241.83566630,0.00036384
242.04139441,0.00475057
242.24713941,0.00150190
242.45290131,0.00075699
242.65868010,0.00253651
242.86447578,0.00098460
243.07028835,0.00539202
243.27611779,0.00522648
243.48196412,0.00301243
243.68782732,0.00026038
243.89370739,0.00166744
244.09960434,-0.00042246
244.30551816,0.00518510
244.51144884,0.00295035
244.71739638,0.00259859
244.92336078,0.00218474
245.12934204,0.00069491
245.33534016,0.00222613
245.54135512,-0.00005001
245.74738694,0.00133637
245.95343560,0.00307450
246.15950110,0.00450226
246.36558345,0.00050868
246.57168263,0.00338489
246.77779865,0.00363319
246.98393150,0.00526787
247.19008118,0.00071560
247.39624769,0.00458503
247.60243102,0.00340558
247.80863117,0.00462641
248.01484814,0.00228820
248.22108192,0.00170882
248.42733252,-0.00013277
248.63359993,0.00030176
248.83988415,-0.00174676
249.04618517,0.00512302
249.25250299,-0.00102254
249.45883761,0.00137775
249.66518903,0.00108806
249.87155724,0.00011553
250.07794224,0.00458503
250.28434403,0.00406773
250.49076260,0.00735777
250.69719796,-0.00122946
250.90365009,-0.00050523
251.11011901,0.00075699
251.31660469,0.00410911
251.52310715,0.00166744
251.72962638,0.00255720
251.93616237,0.00313658
252.14271513,0.00274343
252.34928464,0.00158467
252.55587091,0.00071560
252.76247394,0.00344696
252.96909372,0.00185367
253.17573025,0.00131567
253.38238352,0.00096391
253.58905354,0.00326073
253.79574030,0.00092252
254.00244380,0.00284689
254.20916403,0.00855791
254.41590099,0.00468849
254.62265469,0.00172952
254.82942511,0.00249512
255.03621225,0.00214336
255.24301612,0.00185367
255.44983670,0.00212267
255.65667400,0.00530925
255.86352802,0.00129498
256.07039874,-0.00060869
256.27728617,0.00177090
256.48419031,0.00412980
256.69111115,0.00373665
256.89804868,0.00255720
257.10500292,0.00009484
257.31197384,0.00355042
257.51896146,0.00706808
257.72596577,-0.00110530
257.93298676,0.00158467
258.14002443,0.00549548
258.34707878,0.00102598
258.55414981,0.00384011
258.76123752,0.00108806
258.96834190,0.00586794
259.17546294,-0.00009139
259.38260065,-0.00083631
259.58975502,0.00034314
259.79692606,0.00311589
260.00411375,0.00239166
260.21131810,-0.00257444
260.41853909,0.00373665
260.62577674,0.00092252
260.83303103,0.00305381
261.04030197,-0.00251237
261.24758955,0.00193644
261.45489377,-0.00048454
261.66221462,0.00137775
261.86955210,0.00280551
262.07690622,0.00143983
262.28427696,0.00189505
262.49166433,-0.00129153
262.69906831,0.00551617
262.90648892,-0.00042246
263.11392614,0.00191575
263.32137998,0.00446088
263.52885042,0.00338489
263.73633747,0.00574379
263.94384113,0.00057076
264.15136139,0.00344696
264.35889825,0.00702670
264.56645171,0.00446088
264.77402176,0.00386080
264.98160840,0.00175021
265.18921163,0.00100529
265.39683144,-0.00145707
265.60446784,0.00721293
265.81212081,0.00083976
266.01979037,0.00330212
266.22747650,0.00156398
266.43517920,0.00375734
266.64289847,0.00013622
266.85063430,-0.00054662
267.05838670,0.00059145
267.26615566,0.00255720
267.47394117,-0.00185022
267.68174324,-0.00017416
267.88956187,0.00497818
268.09739704,0.00303312
268.30524876,0.00437811
268.51311702,0.00485403
268.72100183,-0.00048454
268.92890317,-0.00162261
269.13682105,-0.00021554
269.34475546,-0.00135361
269.55270640,0.00381942
269.76067387,0.00222613
269.96865786,-0.00344351
270.17665838,0.00175021
270.38467541,0.00112944
270.59270896,0.00324004
270.80075902,0.00168813
271.00882560,0.00183298
271.21690868,0.00073629
271.42500826,0.00303312
271.63312435,0.00108806
271.84125694,0.00282620
272.04940602,0.00613694
272.25757160,0.00143983
272.46575367,0.00408842
272.67395223,0.00162606
272.88216727,-0.00040177
273.09039880,0.00739916
273.29864681,0.00106737
273.50691129,0.00237097
273.71519225,0.00315727
273.92348968,0.00075699
274.13180358,0.00106737
274.34013395,0.00019830
274.54848077,0.00239166
274.75684406,0.00216405
274.96522381,0.00284689
275.17362001,-0.00125015
275.38203267,0.00415049
275.59046177,0.00317796
275.79890732,0.00137775
276.00736932,0.00288827
276.21584776,0.00042591
276.42434263,0.00232959
276.63285394,-0.00377459
276.84138169,0.00011553
277.04992586,0.00297104
277.25848646,0.00241236
277.46706349,0.00137775
277.67565694,-0.00309175
277.88426680,0.00061214
278.09289309,0.00032245
278.30153578,-0.00211922
278.51019489,0.00499887
278.71887041,0.00125360
278.92756233,0.00369527
279.13627065,0.00303312
279.34499537,0.00324004
279.55373649,0.00326073
279.76249401,0.00990290
279.97126791,0.00363319
280.18005820,0.00038453
280.38886488,0.00408842
280.59768795,-0.00143638
280.80652739,0.00251582
281.01538321,0.00263997
281.22425540,0.00334350
281.43314397,0.00150190
281.64204891,0.00069491
281.85097021,0.00245374
282.05990788,0.00309520
282.26886190,0.00179159
282.47783229,-0.00050523
282.68681903,0.00346765
282.89582212,0.00166744
283.10484156,0.00284689
283.31387735,0.00032245
283.52292949,-0.00071215
283.73199796,0.00017761
283.94108277,0.00355042
284.15018392,-0.00036039
284.35930141,0.00102598
284.56843522,0.00274343
284.77758536,0.00396426
284.98675183,0.00092252
285.19593461,0.00783369
285.40513372,0.00363319
285.61434914,0.00284689
285.82358088,-0.00360905
286.03282893,0.00139844
286.24209328,0.00315727
286.45137395,0.00154329
286.66067091,0.00280551
286.86998417,0.00077768
287.07931373,0.00299174
287.28865959,0.00201921
287.49802174,0.00239166
287.70740017,0.00021899
287.91679489,0.00208128
288.12620590,0.00098460
288.33563318,-0.00033970
288.54507675,0.00340558
288.75453658,-0.00042246
288.96401269,-0.00145707
289.17350507,0.00123291
289.38301372,0.00549548
289.59253863,0.00040522
289.80207980,0.00520579
290.01163723,0.00253651
290.22121091,0.00288827
290.43080085,0.00402634
290.64040703,0.00146052
290.85002947,0.00319866
291.05966815,0.00466780
291.26932307,0.00495749
291.47899422,0.00189505
291.68868162,0.00369527
291.89838525,-0.00013277
292.10810511,0.00450226
292.31784119,0.00172952
292.52759350,0.00003276
292.73736204,0.00237097
292.94714679,0.00214336
293.15694776,-0.00060869
293.36676494,0.00288827
293.57659834,0.00090183
293.78644794,-0.00048454
293.99631375,-0.00009139
294.20619576,0.00419188
294.41609397,0.00537133
294.62600838,0.00139844
294.83593898,0.00342627
295.04588578,-0.00058800
295.25584876,-0.00091907
295.46582793,0.00042591
295.67582328,0.00239166
295.88583481,-0.00093977
296.09586253,0.00090183
296.30590641,0.00166744
296.51596647,0.00208128
296.72604270,-0.00042246
296.93613509,0.00524718
297.14624365,-0.00402289
297.35636837,0.00131567
297.56650925,0.00141913
297.77666629,0.00040522
297.98683947,-0.00017416
298.19702881,0.00185367
298.40723429,0.00218474
298.61745592,0.00255720
298.82769369,0.00470918
299.03794760,0.00748192
299.24821765,-0.00052592
299.45850383,0.00541271
299.66880614,0.00177090
299.87912458,-0.00156053
300.08945914,-0.00187091
300.29980983,0.00363319
300.51017663,0.00251582
300.72055955,0.00808200
300.93095859,0.00220543
301.14137374,-0.00023624
301.35180499,0.00036384
301.56225235,0.00137775
301.77271582,-0.00298829
301.98319538,0.01002705
302.19369105,-0.00220199
302.40420280,-0.00038108
302.61473065,0.00400565
302.82527459,0.00179159
303.03583461,-0.00162261
303.24641072,-0.00031900
303.45700291,0.00208128
303.66761117,0.00259859
303.87823552,0.00597140
304.08887593,0.00052937
304.29953241,-0.00108461
304.51020496,-0.00065008
304.72089358,0.00446088
304.93159825,0.00303312
305.14231899,-0.00127084
305.35305578,0.00342627
305.56380862,0.00160536
305.77457752,0.00313658
305.98536246,0.00121221
306.19616344,0.00214336
306.40698047,0.00216405
306.61781354,0.00141913
306.82866264,0.00400565
307.03952778,0.00359181
307.25040895,0.00123291
307.46130614,0.00342627
307.67221937,0.00143983
307.88314861,0.00001207
308.09409387,0.00361250
308.30505515,0.00208128
308.51603245,0.00336419
308.72702576,0.00156398
308.93803507,0.00023968
309.14906039,0.00154329
309.36010172,0.00071560
309.57115904,0.00644732
309.78223236,0.00346765
309.99332168,0.00276412
310.20442699,0.00404703
310.41554829,0.00057076
310.62668557,-0.00193299
310.83783884,0.00365388
311.04900809,-0.00385736
311.26019332,-0.00021554
311.47139452,0.00303312
311.68261169,0.00208128
311.89384484,0.00369527
312.10509395,0.00346765
312.31635903,0.00344696
312.52764007,0.00208128
312.73893706,0.00077768
312.95025002,0.00075699
313.16157892,-0.00257444
313.37292378,0.00311589
313.58428458,0.00129498
313.79566133,0.00063283
314.00705402,0.00450226
314.21846266,0.00266066
314.42988722,-0.00228475
314.64132772,0.00276412
314.85278416,-0.00073285
315.06425652,0.00739916
315.27574480,0.00019830
315.48724901,0.00392288
315.69876914,-0.00191230
315.91030518,0.00220543
316.12185715,-0.00156053
316.33342502,0.00311589
316.54500880,0.00235028
316.75660848,0.00371596
316.96822407,0.00052937
317.17985556,0.00129498
317.39150295,0.00052937
317.60316624,0.00104668
317.81484541,0.00235028
318.02654048,0.00315727
318.23825143,0.00263997
318.44997826,0.00179159
318.66172098,0.00255720
318.87347957,0.00597140
319.08525404,0.00146052
319.29704439,0.00208128
319.50885060,0.00083976
319.72067268,0.00328142
319.93251063,0.00164675
320.14436443,0.00115014
320.35623410,0.00561963
320.56811962,0.00412980
320.78002100,-0.00000862
320.99193822,0.00050868
321.20387130,0.00003276
321.41582021,0.00278481
321.62778498,0.00526787
321.83976558,0.00268135
322.05176201,0.00100529
322.26377428,-0.00060869
322.47580239,0.00522648
322.68784632,0.00363319
322.89990607,0.00172952
323.11198165,0.00015692
323.32407305,0.00197782
323.53618027,0.00516441
323.74830330,0.00083976
323.96044215,0.00235028
324.17259680,0.00522648
324.38476726,0.00274343
324.59695352,-0.00025693
324.80915558,0.00073629
325.02137344,0.00150190
325.23360710,0.00077768
325.44585655,0.00379873
325.65812178,0.00371596
325.87040281,-0.00251237
326.08269962,0.00228820
326.29501221,-0.00172607
326.50734058,0.00396426
326.71968472,-0.00009139
326.93204464,0.00704739
327.14442032,0.00406773
327.35681178,0.00230890
327.56921900,-0.00178814
327.78164198,0.00075699
327.99408072,-0.00044316
328.20653522,0.00115014
328.41900547,-0.00143638
328.63149147,0.00270205
328.84399322,0.00119152
329.05651071,0.00237097
329.26904395,-0.00050523
329.48159293,0.00392288
329.69415764,0.00052937
329.90673809,0.00191575
330.11933427,0.00090183
330.33194617,0.00321935
330.54457381,0.00189505
330.75721716,-0.00228475
330.96987624,-0.00069146
331.18255104,0.00348835
331.39524154,0.00557825
331.60794777,0.00191575
331.82066970,-0.00077423
332.03340733,0.00123291
332.24616067,0.00516441
332.45892971,0.00034314
332.67171445,0.00278481
332.88451489,0.00164675
333.09733102,0.00388150
333.31016283,0.00077768
333.52301034,-0.00046385
333.73587352,0.00055007
333.94875239,-0.00242960
334.16164694,-0.00083631
334.37455717,-0.00245029
334.58748306,0.00373665
334.80042463,0.00375734
335.01338187,0.00110875
335.22635477,0.00168813
335.43934333,0.00005345
335.65234755,0.00444018
335.86536743,0.00342627
336.07840296,0.00098460
336.29145415,-0.00201576
336.50452098,0.00119152
336.71760345,0.00487472
336.93070157,0.00164675
337.14381533,0.00137775
337.35694473,0.00081906
337.57008976,0.00522648
337.78325042,0.00046730
337.99642671,0.00083976
338.20961863,0.00092252
338.42282617,0.00429534
338.63604933,-0.00249168
338.84928810,0.00141913
339.06254250,0.00251582
339.27581250,0.00086045
339.48909812,0.00266066
339.70239934,0.00512302
339.91571616,0.00220543
340.12904859,0.00110875
340.34239661,-0.00149845
340.55576023,0.00160536
340.76913945,0.00539202
340.98253425,0.00181228
341.19594464,0.00185367
341.40937061,0.00021899
341.62281217,0.00334350
341.83626930,0.00924075
342.04974201,0.00034314
342.26323030,-0.00125015
342.47673415,0.00276412
342.69025357,0.00673701
342.90378856,-0.00069146
343.11733911,0.00441949
343.33090522,0.00092252
343.54448688,0.00208128
343.75808410,-0.00013277
343.97169687,0.00379873
344.18532519,0.00081906
344.39896906,0.00290897
344.61262847,0.00069491
344.82630341,0.00458503
345.03999390,0.00458503
345.25369992,0.00590932
345.46742147,0.00766815
345.68115855,0.00261928
345.89491115,0.00278481
346.10867928,0.00003276
346.32246293,0.00189505
346.53626210,-0.00240891
346.75007679,0.00021899
346.96390698,0.00396426
347.17775269,0.00129498
347.39161390,0.00046730
347.60549061,0.00278481
347.81938283,-0.00002931
348.03329055,0.00326073
348.24721376,0.00218474
348.46115246,0.00406773
348.67510665,-0.00118807
348.88907634,0.00195713
349.10306150,-0.00044316
349.31706215,0.00038453
349.53107828,0.00338489
349.74510988,0.00235028
349.95915696,0.00247443
350.17321950,0.00203990
350.38729752,0.00787507
350.60139100,0.00038453
350.81549994,0.00040522
351.02962435,0.00038453
351.24376421,0.00475057
351.45791952,-0.00013277
351.67209028,0.00183298
351.88627650,-0.00139499
352.10047816,0.00150190
352.31469526,0.00344696
352.52892780,0.00369527
352.74317578,0.00477126
352.95743919,0.00206059
353.17171804,0.00249512
353.38601232,0.00295035
353.60032202,0.00038453
353.81464714,0.00535064
354.02898769,-0.00238822
354.24334365,-0.00077423
354.45771503,-0.00282275
354.67210182,0.00590932
354.88650403,0.00247443
355.10092164,0.00400565
355.31535465,0.00090183
355.52980306,0.00857861
355.74426687,0.00210197
355.95874608,0.00292966
356.17324069,0.00313658
356.38775068,-0.00077423
356.60227606,0.00206059
356.81681682,-0.00323659
357.03137297,0.00094322
357.24594449,0.00292966
357.46053139,0.00584725
357.67513367,0.00535064
357.88975132,0.00255720
358.10438433,0.00170882
358.31903271,0.00332281
358.53369645,0.00152259
358.74837556,-0.00257444
358.96307002,0.00321935
359.17777983,-0.00133292
359.39250499,-0.00050523
359.60724551,0.00299174
359.82200137,0.00292966
360.03677257,-0.00013277
360.25155911,-0.00135361
360.46636100,0.00156398
360.68117821,-0.00431258
360.89601076,-0.00023624
361.11085864,0.00249512
361.32572184,-0.00460227
361.54060037,0.00286758
361.75549422,0.00195713
361.97040338,0.00561963
362.18532786,0.00288827
362.40026766,0.00040522
362.61522276,0.00224682
362.83019318,0.00307450
363.04517889,0.00263997
363.26017991,0.00278481
363.47519623,0.00185367
363.69022784,0.00290897
363.90527474,0.00019830
364.12033694,0.00357111
364.33541442,0.00100529
364.55050719,-0.00042246
364.76561524,0.00030176
364.98073857,0.00226751
365.19587718,0.00052937
365.41103106,0.00079837
365.62620021,-0.00027762
365.84138463,0.00083976
366.05658432,0.00059145
366.27179927,0.00530925
366.48702948,-0.00002931
366.70227494,0.00048799
366.91753566,0.00179159
367.13281163,0.00193644
367.34810285,-0.00259514
367.56340932,0.00295035
367.77873103,0.00197782
367.99406798,0.00305381
368.20942017,-0.00122946
368.42478759,0.00189505
368.64017025,-0.00091907
368.85556813,0.00305381
369.07098125,0.00235028
369.28640958,0.00222613
369.50185314,0.00036384
369.71731191,0.00340558
369.93278590,-0.00420912
370.14827511,0.00330212
370.36377952,-0.00282275
370.57929914,-0.00135361
370.79483397,0.00570240
371.01038400,0.00123291
371.22594922,-0.00158122
371.44152965,0.00127429
371.65712526,0.00247443
371.87273607,-0.00149845
372.08836206,0.00361250
372.30400324,0.00412980
372.51965960,0.00015692
372.73533114,0.00441949
372.95101786,0.00075699
373.16671976,0.00419188
373.38243682,0.00375734
373.59816905,0.00388150
373.81391645,-0.00199506
374.02967901,0.00247443
374.24545673,0.00119152
374.46124961,-0.00005001
374.67705764,0.00090183
374.89288082,0.00032245
375.10871916,-0.00083631
375.32457264,0.00003276
375.54044126,0.00011553
375.75632503,0.00485403
375.97222393,0.00110875
376.18813797,-0.00085700
376.40406713,0.00139844
376.62001143,0.00183298
376.83597086,-0.00162261
377.05194541,0.00040522
377.26793508,0.00398496
377.48393987,0.00392288
377.69995978,0.00280551
377.91599480,-0.00079492
378.13204493,0.00106737
378.34811016,0.00464710
378.56419050,0.00559894
378.78028595,0.00332281
378.99639649,0.00063283
379.21252213,-0.00002931
379.42866286,0.00143983
379.64481868,-0.00069146
379.86098960,0.00319866
380.07717559,0.00290897
380.29337667,-0.00017416
380.50959283,-0.00073285
380.72582407,0.00230890
380.94207038,0.00328142
381.15833176,0.00079837
381.37460821,0.00075699
381.59089972,0.00036384
381.80720630,0.00100529
382.02352794,0.00015692
382.23986464,0.00251582
382.45621639,0.00280551
382.67258319,0.00069491
382.88896505,0.00203990
383.10536195,0.00400565
383.32177389,-0.00077423
383.53820087,0.00098460
383.75464289,0.00057076
383.97109995,0.00218474
384.18757204,-0.00042246
384.40405916,-0.00019485
384.62056131,-0.00162261
384.83707848,0.00086045
385.05361067,0.00319866
385.27015788,0.00226751
385.48672011,0.00497818
385.70329735,0.00400565
385.91988960,0.00344696
386.13649686,-0.00019485
386.35311912,0.00338489
386.56975639,0.00129498
386.78640865,0.00365388
387.00307592,0.00063283
387.21975817,-0.00141569
387.43645542,0.00270205
387.65316765,0.00048799
387.86989487,0.00226751
388.08663707,0.00050868
388.30339426,0.00110875
388.52016641,0.00195713
388.73695355,0.00336419
388.95375565,0.00311589
389.17057273,0.00106737
389.38740477,0.00526787
389.60425177,0.00241236
389.82111374,-0.00201576
390.03799066,0.00406773
390.25488253,0.00150190
390.47178936,0.00057076
390.68871114,0.00228820
390.90564787,0.00040522
391.12259954,0.00098460
391.33956614,0.00185367
391.55654769,-0.00025693
391.77354418,0.00237097
391.99055559,0.00061214
392.20758194,0.00065353
392.42462321,0.00284689
392.64167941,0.00301243
392.85875053,0.00431603
393.07583657,0.00023968
393.29293752,0.00369527
393.51005339,0.00504025
393.72718417,0.00295035
393.94432986,0.00429534
394.16149045,0.00313658
394.37866594,0.00228820
394.59585634,0.00452295
394.81306163,0.00164675
395.03028181,0.00479195
395.24751689,0.00719223
395.46476685,0.00299174
395.68203170,0.00257789
395.89931143,0.00692324
396.11660604,0.00373665
396.33391553,0.00384011
396.55123990,0.00083976
396.76857913,0.00390219
396.98593324,0.00237097
397.20330221,-0.00075354
397.42068604,0.00081906
397.63808474,-0.00166399
397.85549829,0.00450226
398.07292670,0.00586794
398.29036996,0.00466780
398.50782807,0.00518510
398.72530103,0.00330212
398.94278883,0.00288827
399.16029147,0.00512302
399.37780895,0.00172952
399.59534127,0.00555756
399.81288841,0.00588863
400.03045039,0.00681978
400.24802720,0.00903383
400.46561883,0.00245374
400.68322529,0.00297104
400.90084656,0.00206059
401.11848265,0.00398496
401.33613355,0.00350904
401.55379926,0.00286758
401.77147978,0.00646801
401.98917511,0.00675770
402.20688524,0.00330212
402.42461017,0.00292966
402.64234989,0.00516441
402.86010441,0.00108806
403.07787372,0.00692324
403.29565782,0.00315727
403.51345670,0.00394357
403.73127037,0.00611624
403.94909882,0.00261928
404.16694205,0.00568171
404.38480005,0.00367458
404.60267282,0.00452295
404.82056036,0.00187436
405.03846267,0.00694393
405.25637974,0.00818546
405.47431157,0.00417119
405.69225816,0.00295035
405.91021951,0.00386080
406.12819561,0.00104668
406.34618645,0.00307450
406.56419205,0.00410911
406.78221239,0.00398496
407.00024747,0.00725431
407.21829729,0.00083976
407.43636184,0.00675770
407.65444113,0.00555756
407.87253515,0.00717154
408.09064390,0.00456434
408.30876737,0.00357111
408.52690556,0.00775092
408.74505847,0.00435741
408.96322610,0.00588863
409.18140844,0.00373665
409.39960550,0.00444018
409.61781726,0.00605417
409.83604372,0.00228820
410.05428489,0.00766815
410.27254076,0.00297104
410.49081133,0.00673701
410.70909659,0.00539202
410.92739654,0.00412980
411.14571118,0.00752331
411.36404051,0.00319866
411.58238452,0.00847515
411.80074321,0.00551617
412.01911658,0.00710947
412.23750462,0.00859930
412.45590734,0.00636455
412.67432472,0.00646801
412.89275677,0.00725431
413.11120349,0.00321935
413.32966486,0.00311589
413.54814090,0.00495749
413.76663159,0.00679908
413.98513693,0.00311589
414.20365692,0.00340558
414.42219156,0.00470918
414.64074084,0.00195713
414.85930477,0.00561963
415.07788333,0.00133637
415.29647653,0.00441949
415.51508437,0.00106737
415.73370683,0.00444018
415.95234392,0.00462641
416.17099564,0.00535064
416.38966198,0.00628178
416.60834294,0.00491610
416.82703851,0.00708877
417.04574870,0.00139844
417.26447350,0.00601278
417.48321291,0.00439880
417.70196692,0.00235028
417.92073554,0.00619901
418.13951875,0.00808200
418.35831657,0.00094322
418.57712898,0.00253651
418.79595598,0.00979944
419.01479757,0.00787507
419.23365374,0.00450226
419.45252450,0.00237097
419.67140984,0.00619901
419.89030975,0.00830961
420.10922425,0.01013052
420.32815331,0.00541271
420.54709694,0.00655078
420.76605514,0.00545410
420.98502791,0.00578517
421.20401523,0.00315727
421.42301712,0.00462641
421.64203356,0.00801992
421.86106455,0.00644732
422.08011009,0.00559894
422.29917018,0.00824753
422.51824482,0.00692324
422.73733399,0.00404703
422.95643771,0.00901314
423.17555596,0.00630247
423.39468875,0.00392288
423.61383606,0.00472987
423.83299790,0.00580586
424.05217427,0.00355042
424.27136516,0.00559894
424.49057057,0.00526787
424.70979050,0.00640593
424.92902494,0.00472987
425.14827390,0.00681978
425.36753736,0.00839238
425.58681532,0.01048228
425.80610779,0.00826823
426.02541476,0.01217904
426.24473623,0.00441949
426.46407219,0.00928214
426.68342265,0.00553687
426.90278759,0.00806130
427.12216702,0.00653009
427.34156093,0.00901314
427.56096933,0.01021328
427.78039220,0.01325503
427.99982955,0.00922006
428.21928137,0.00727500
428.43874766,0.00394357
428.65822841,0.00843376
428.87772363,0.00953044
429.09723331,0.00708877
429.31675745,0.00375734
429.53629605,0.00644732
429.75584910,0.00727500
429.97541660,0.01106166
430.19499854,0.00574379
430.41459494,0.01087543
430.63420577,0.00988221
430.85383104,0.00965460
431.07347075,0.01037882
431.29312489,0.01387579
431.51279347,0.00804061
431.73247647,0.00799923
431.95217390,0.00661286
432.17188574,0.01000636
432.39161201,0.00746123
432.61135270,0.00613694
432.83110780,0.01091682
433.05087731,0.01482763
433.27066123,0.00638524
433.49045956,0.01079266
433.71027229,0.00828892
433.93009942,0.01153758
434.14994095,0.01031674
434.36979687,0.00986152
434.58966718,0.00922006
434.80955189,0.00876484
435.02945098,0.01031674
435.24936445,0.01673130
435.46929230,0.01288257
435.68923454,0.01102028
435.90919115,0.01381371
436.12916213,0.00965460
436.34914748,0.01455863
436.56914720,0.01135135
436.78916128,0.01145481
437.00918972,0.01143412
437.22923252,0.00940629
437.44928968,0.01368956
437.66936119,0.01263426
437.88944706,0.01335849
438.10954727,0.01582085
438.32966182,0.01462070
438.54979072,0.01242734
438.76993395,0.01691753
438.99009153,0.01453794
439.21026343,0.01652438
439.43044967,0.01789006
439.65065024,0.01909020
439.87086513,0.01348264
440.09109434,0.01414479
440.31133788,0.01288257
440.53159573,0.01813836
440.75186789,0.01381371
440.97215437,0.01317226
441.19245516,0.01685545
441.41277025,0.01441378
441.63309964,0.01201350
441.85344334,0.01538631
442.07380133,0.01271703
442.29417362,0.01267565
442.51456020,0.01099958
442.73496107,0.01306880
442.95537623,0.01244803
443.17580567,0.01491039
443.39624939,0.01551047
443.61670739,0.01222042
443.83717967,0.01546908
444.05766622,0.01445517
444.27816704,0.01817975
444.49868212,0.01193073
444.71921147,0.01263426
444.93975509,0.01383440
445.16031296,0.01325503
445.38088508,0.01501386
445.60147147,0.01329641
445.82207210,0.01126858
446.04268698,0.01621400
446.26331610,0.02095249
446.48395947,0.00897176
446.70461707,0.01118581
446.92528892,0.01257219
447.14597499,0.01706237
447.36667530,0.00994429
447.58738984,0.01766245
447.80811860,0.01627607
448.02886158,0.01180658
448.24961879,0.01331710
448.47039021,0.01691753
448.69117585,0.02275271
448.91197570,0.01993858
449.13278975,0.01153758
449.35361802,0.01294464
449.57446049,0.01664853
449.79531715,0.01081336
450.01618802,0.01139273
450.23707308,0.01110305
450.45797234,0.01865567
450.67888578,0.01449655
450.89981341,0.01124789
451.12075522,0.01536562
451.34171122,0.01923505
451.56268139,0.01716584
451.78366574,0.01662784
452.00466426,0.01726930
452.22567696,0.01191004
452.44670382,0.01308949
452.66774484,0.00806130
452.88880003,0.01956612
453.10986938,0.01350333
453.33095288,0.01524147
453.55205053,0.01379302
453.77316234,0.01257219
453.99428830,0.01611054
454.21542840,0.01242734
454.43658264,0.01631746
454.65775102,0.01534493
454.87893354,0.01431032
455.10013019,0.01412409
455.32134098,0.01873844
455.54256589,0.01952474
455.76380493,0.01323433
455.98505809,0.01501386
456.20632537,0.01584154
456.42760677,0.01495178
456.64890229,0.01298603
456.87021191,0.01983512
457.09153565,0.01565531
457.31287349,0.01898674
457.53422544,0.02049727
457.75559149,0.02217333
457.97697163,0.01501386
458.19836587,0.01890397
458.41977420,0.01960751
458.64119663,0.01987650
458.86263313,0.01693822
459.08408373,0.02111803
459.30554840,0.01718653
459.52702716,0.02467707
459.74851999,0.01426894
459.97002689,0.02507022
460.19154786,0.01772452
460.41308290,0.02124218
460.63463201,0.01851082
460.85619518,0.01627607
461.07777241,0.02070419
461.29936369,0.02184225
461.52096903,0.02372524
461.74258841,0.02451154
461.96422185,0.02329070
462.18586933,0.02209056
462.40753086,0.02525645
462.62920642,0.02273201
462.85089602,0.02167672
463.07259966,0.02089042
463.29431733,0.02045588
463.51604902,0.02155256
463.73779475,0.02407700
463.95955449,0.02484261
464.18132826,0.02749120
464.40311604,0.02254579
464.62491784,0.02308378
464.84673365,0.02238025
465.06856347,0.02643590
465.29040730,0.02331139
465.51226513,0.02604275
465.73413696,0.02372524
465.95602279,0.02744982
466.17792261,0.02562891
466.39983643,0.03045017
466.62176424,0.02672559
466.84370603,0.02972595
467.06566181,0.02670490
467.28763157,0.02794643
467.50961531,0.02879480
467.73161303,0.02778089
467.95362472,0.02521507
468.17565038,0.03020187
468.39769001,0.02701528
468.61974360,0.02629106
468.84181116,0.02684975
469.06389267,0.03535421
469.28598814,0.02811197
469.50809757,0.03225039
469.73022094,0.03448514
469.95235827,0.03181585
470.17450954,0.02896034
470.39667475,0.02720151
470.61885390,0.03249869
470.84104699,0.03301600
471.06325402,0.03481621
471.28547498,0.02922934
471.50770986,0.03413337
471.72995867,0.02867065
471.95222141,0.02767743
472.17449806,0.02879480
472.39678864,0.02771881
472.61909313,0.02949834
472.84141153,0.02591860
473.06374384,0.03523005
473.28609005,0.03580943
473.50845017,0.02927072
473.73082420,0.03169170
473.95321212,0.03057433
474.17561393,0.03429891
474.39802964,0.02869134
474.62045924,0.03121578
474.84290273,0.02678767
475.06536010,0.03264354
475.28783136,0.03150547
475.51031649,0.02974664
475.73281550,0.02593929
475.95532838,0.02461500
476.17785513,0.02732566
476.40039575,0.02730497
476.62295024,0.02608414
476.84551859,0.03098817
477.06810080,0.02951903
477.29069686,0.02929142
477.51330678,0.02900173
477.73593055,0.03162962
477.95856817,0.03045017
478.18121963,0.03355399
478.40388494,0.03200208
478.62656409,0.03506452
478.84925707,0.02995356
479.07196389,0.03289184
479.29468455,0.03177447
479.51741903,0.03845802
479.74016733,0.02813266
479.96292946,0.03125717
480.18570542,0.03477483
480.40849519,0.02800850
480.63129877,0.03105025
480.85411617,0.03040879
481.07694738,0.02941557
481.29979239,0.03322292
481.52265121,0.02976733
481.74552383,0.02910519
481.96841025,0.03142270
482.19131046,0.02935349
482.41422447,0.03042948
482.63715227,0.03196070
482.86009385,0.02982941
483.08304922,0.02856719
483.30601837,0.03001564
483.52900130,0.03285046
483.75199801,0.02844304
483.97500849,0.03318153
484.19803274,0.03160893
484.42107076,0.02889827
484.64412255,0.03405060
484.86718810,0.03146409
485.09026741,0.02564960
485.31336047,0.02802920
485.53646729,0.02922934
485.75958786,0.02618760
485.98272218,0.02656006
486.20587024,0.02507022
486.42903205,0.02736705
486.65220760,0.02885688
486.87539689,0.03316084
487.09859991,0.02778089
487.32181666,0.03088471
487.54504715,0.03305738
487.76829136,0.03169170
487.99154929,0.03514728
488.21482094,0.03363676
488.43810631,0.03086402
488.66140540,0.03295392
488.88471820,0.03297461
489.10804471,0.03272631
489.33138493,0.03580943
489.55473885,0.03316084
489.77810647,0.03471275
490.00148780,0.03518867
490.22488281,0.03415406
490.44829153,0.03880979
490.67171393,0.03599566
490.89515002,0.03996855
491.11859979,0.04139630
491.34206325,0.04272060
491.56554038,0.03684404
491.78903120,0.03773380
492.01253568,0.03638881
492.23605384,0.03798210
492.45958567,0.03719580
492.68313116,0.03692681
492.90669031,0.03392645
493.13026312,0.02885688
493.35384960,0.02951903
493.57744972,0.02749120
493.80106350,0.02804989
494.02469092,0.03034671
494.24833200,0.02949834
494.47198671,0.02991218
494.69565507,0.02660144
494.91933706,0.03328499
495.14303269,0.02821543
495.36674195,0.02492538
495.59046484,0.02875342
495.81420136,0.02440808
496.03795150,0.02256648
496.26171526,0.02060073
496.48549264,0.02490469
496.70928364,0.02411839
496.93308825,0.02678767
497.15690647,0.03063640
497.38073830,0.02807058
497.60458373,0.03142270
497.82844276,0.03752688
498.05231539,0.03036741
498.27620162,0.03067779
498.50010144,0.03123647
498.72401485,0.03061571
498.94794185,0.03549905
499.17188244,0.02970526
499.39583661,0.03295392
499.61980435,0.02949834
499.84378568,0.03289184
500.06778058,0.03258146
500.29178904,0.03258146
500.51581108,0.02982941
500.73984668,0.03102955
500.96389585,0.02759466
501.18795858,0.02544268
501.41203486,0.03167101
501.63612470,0.02755328
501.86022809,0.02972595
502.08434503,0.03506452
502.30847551,0.03268492
502.53261954,0.03098817
502.75677711,0.02867065
502.98094822,0.03009841
503.20513286,0.03301600
503.42933104,0.03291254
503.65354274,0.02933280
503.87776797,0.02552545
504.10200673,0.02620829
504.32625901,0.02802920
504.55052480,0.02776020
504.77480411,0.02302170
504.99909694,0.02246302
505.22340327,0.02670490
505.44772312,0.02440808
505.67205646,0.02279409
505.89640331,0.02250440
506.12076366,0.02134564
506.34513750,0.02217333
506.56952484,0.02368385
506.79392567,0.02324932
507.01833999,0.02316655
507.24276779,0.02515299
507.46720907,0.02393216
507.69166384,0.02401493
507.91613208,0.02432531
508.14061380,0.02697390
508.36510898,0.02606345
508.58961764,0.02769812
508.81413976,0.02922934
509.03867534,0.02980872
509.26322439,0.02939488
509.48778689,0.02898103
509.71236285,0.03338845
509.93695226,0.02953972
510.16155512,0.03115371
510.38617142,0.03183655
510.61080117,0.03264354
510.83544436,0.03363676
511.06010099,0.03442306
511.28477105,0.03814764
511.50945454,0.03609912
511.73415147,0.03272631
511.95886182,0.02941557
512.18358560,0.02900173
512.40832280,0.02376662
512.63307341,0.02765674
512.85783745,0.02622898
513.08261489,0.02653936
513.30740575,0.02780158
513.53221001,0.03016048
513.75702768,0.03086402
513.98185875,0.02763605
514.20670322,0.02656006
514.43156109,0.02780158
514.65643235,0.02643590
514.88131700,0.02598068
515.10621504,0.03396783
515.33112647,0.02848442
515.55605128,0.02912588
515.78098946,0.03268492
516.00594103,0.02943626
516.23090597,0.03020187
516.45588428,0.03539559
516.68087596,0.03020187
516.90588100,0.03235385
517.13089941,0.03030533
517.35593118,0.02860858
517.58097631,0.02562891
517.80603479,0.03009841
518.03110663,0.02571168
518.25619181,0.02767743
518.48129034,0.02773951
518.70640222,0.03080194
518.93152743,0.02920865
519.15666598,0.03303669
519.38181787,0.02819473
519.60698310,0.02972595
519.83216165,0.02738774
520.05735353,0.02701528
520.28255873,0.02778089
520.50777726,0.02614621
520.73300910,0.02807058
520.95825426,0.03175378
521.18351273,0.03171239
521.40878452,0.03272631
521.63406961,0.03204347
521.85936801,0.03299530
522.08467971,0.03013979
522.31000471,0.03026395
522.53534300,0.03496106
522.76069459,0.03715442
522.98605947,0.03723719
523.21143764,0.03972024
523.43682910,0.03982370
523.66223383,0.03833387
523.88765185,0.03862356
524.11308315,0.04118938
524.33852772,0.04348621
524.56398556,0.03980301
524.78945667,0.04557611
525.01494104,0.04696248
525.24043868,0.04847301
525.46594959,0.04857647
525.69147374,0.05567386
525.91701116,0.05056291
526.14256182,0.05004561
526.36812574,0.04944554
526.59370290,0.05223897
526.81929331,0.04872131
527.04489696,0.05151475
527.27051384,0.04865924
527.49614396,0.04882477
527.72178732,0.04799709
527.94744390,0.04847301
528.17311372,0.04944554
528.39879675,0.05331496
528.62449301,0.04948692
528.85020249,0.05443234
529.07592518,0.05581871
529.30166109,0.05627394
529.52741021,0.06012267
529.75317254,0.06353687
529.97894807,0.05745339
530.20473680,0.06469563
530.43053874,0.06254365
530.65635387,0.07270348
530.88218219,0.06519224
531.10802371,0.06726145
531.33387841,0.06870990
531.55974630,0.06614408
531.78562738,0.06804775
532.01152163,0.06873059
532.23742906,0.06434386
532.46334967,0.06587508
532.68928344,0.06047444
532.91523039,0.06105382
533.14119051,0.06606131
533.36716378,0.05857076
533.59315022,0.06119866
533.81914982,0.06128143
534.04516257,0.06792360
534.27118847,0.05937775
534.49722752,0.05898460
534.72327973,0.06206773
534.94934507,0.06039167
535.17542356,0.06858575
535.40151518,0.06244019
535.62761994,0.05892253
535.85373784,0.05594286
536.07986886,0.06432317
536.30601301,0.05898460
536.53217029,0.05790861
536.75834069,0.05277697
536.98452420,0.06070205
537.21072084,0.06140558
537.43693059,0.06266780
537.66315345,0.05892253
537.88938941,0.06343341
538.11563848,0.06647515
538.34190066,0.06835813
538.56817593,0.06728214
538.79446431,0.06821329
539.02076577,0.06943412
539.24708033,0.07336562
539.47340798,0.07512445
539.69974871,0.07464854
539.92610252,0.07274486
540.15246942,0.07400708
540.37884939,0.07653152
540.60524244,0.08331853
540.83164856,0.08064925
541.05806775,0.08538774
541.28450001,0.08532567
541.51094533,0.08776734
541.73740371,0.08230462
541.96387515,0.08166316
542.19035965,0.07698674
542.41685719,0.08530498
542.64336779,0.08275985
542.86989144,0.08480837
543.09642813,0.07448300
543.32297786,0.08085617
543.54954063,0.07597283
543.77611643,0.08331853
544.00270527,0.07671775
544.22930714,0.08474629
544.45592204,0.07777305
544.68254996,0.08000779
544.90919091,0.07657290
545.13584487,0.08129071
545.36251185,0.07564176
545.58919184,0.07591075
545.81588485,0.07688328
546.04259086,0.07613837
546.26930988,0.06984796
546.49604191,0.07373808
546.72278693,0.07071703
546.94954495,0.07071703
547.17631596,0.07348978
547.40309997,0.07421400
547.62989696,0.06866851
547.85670694,0.07576591
548.08352991,0.08302884
548.31036585,0.07375877
548.53721477,0.07220687
548.76407667,0.07702813
548.99095154,0.07435885
549.21783938,0.06997212
549.44474018,0.07117226
549.67165395,0.07444161
549.89858069,0.07342770
550.12552038,0.07291040
550.35247302,0.07036527
550.57943862,0.07133780
550.80641717,0.06895820
551.03340866,0.07371739
551.26041310,0.07810412
551.48743048,0.07640737
551.71446081,0.08048371
551.94150406,0.08340130
552.16856025,0.08412553
552.39562937,0.09018832
552.62271142,0.08714657
552.84980640,0.09006416
553.07691429,0.08948478
553.30403511,0.09027108
553.53116884,0.09567173
553.75831549,0.09471989
553.98547505,0.10123791
554.21264752,0.10105168
554.43983289,0.09943769
554.66703116,0.10221044
554.89424234,0.10173452
555.12146641,0.10351404
555.34870338,0.10030676
555.57595324,0.10477626
555.80321599,0.10628678
556.03049162,0.10152760
556.25778014,0.09834101
556.48508154,0.10798354
556.71239582,0.10903883
556.93972297,0.10469349
557.16706300,0.09925146
557.39441589,0.09834101
557.62178165,0.10347265
557.84916028,0.09490612
558.07655177,0.09819616
558.30395611,0.09695464
558.53137331,0.09500958
558.75880337,0.09921008
558.98624627,0.09451297
559.21370202,0.09248514
559.44117062,0.08511875
559.66865206,0.08795357
559.89614634,0.08234600
560.12365345,0.07901457
560.35117340,0.08029748
560.57870618,0.07487615
560.80625179,0.07328286
561.03381022,0.07406916
561.26138148,0.07754543
561.48896555,0.07284832
561.71656244,0.07309663
561.94417215,0.07226894
562.17179467,0.07148264
562.39942999,0.07019973
562.62707812,0.06926859
562.85473906,0.07382085
563.08241279,0.07079980
563.31009933,0.06664069
563.53779866,0.07260002
563.76551078,0.06995143
563.99323568,0.07133780
564.22097338,0.07166887
564.44872386,0.07212410
564.67648712,0.07202064
564.90426316,0.07191718
565.13205197,0.07017904
565.35985356,0.07262071
565.58766792,0.07711090
565.81549504,0.07171026
566.04333493,0.08385653
566.27118758,0.07173095
566.49905298,0.07398639
566.72693115,0.07189648
566.95482207,0.07564176
567.18272573,0.07317940
567.41064215,0.07920080
567.63857131,0.07440023
567.86651321,0.07795927
568.09446785,0.07460715
568.32243523,0.07812481
568.55041534,0.07566245
568.77840819,0.08371168
569.00641376,0.07605560
569.23443206,0.07655221
569.46246308,0.07953188
569.69050682,0.08162178
569.91856327,0.08147693
570.14663244,0.08538774
570.37471433,0.08170455
570.60280892,0.08762249
570.83091622,0.08766388
571.05903622,0.09068493
571.28716892,0.08871918
571.51531432,0.09099531
571.74347241,0.09869278
571.97164320,0.09490612
572.19982667,0.09453366
572.42802284,0.09411982
572.65623168,0.09153330
572.88445321,0.09858931
573.11268742,0.09411982
573.34093430,0.09720294
573.56919385,0.10436242
573.79746608,0.10314158
574.02575097,0.10808700
574.25404853,0.10777661
574.48235874,0.10908022
574.71068162,0.11437740
574.93901715,0.10953544
575.16736534,0.11568100
575.39572618,0.11145981
575.62409966,0.11595000
575.85248579,0.11348764
576.08088456,0.11731568
576.30929597,0.11677769
576.53772002,0.11766745
576.76615671,0.12296463
576.99460602,0.12656506
577.22306796,0.12410269
577.45154253,0.13142770
577.68002972,0.12666852
577.90852953,0.12385439
578.13704196,0.12397854
578.36556700,0.12631675
578.59410465,0.12757897
578.82265492,0.13010341
579.05121779,0.13086902
579.27979326,0.12867565
579.50838133,0.12803420
579.73698201,0.12728928
579.96559527,0.12652367
580.19422113,0.12172310
580.42285958,0.12168172
580.65151062,0.12457861
580.88017424,0.12112303
581.10885044,0.11748122
581.33753922,0.11841236
581.56624057,0.11474986
581.79495450,0.11239096
582.02368100,0.10583156
582.25242007,0.10785938
582.48117170,0.11288757
582.70993589,0.11156327
582.93871264,0.11532924
583.16750195,0.11315657
583.39630381,0.10984583
583.62511822,0.10978375
583.85394518,0.10777661
584.08278469,0.11139774
584.31163674,0.11359110
584.54050133,0.11218404
584.76937845,0.11427394
584.99826811,0.11508093
585.22717030,0.11623969
585.45608502,0.11814337
585.68501226,0.13163463
585.91395203,0.12855150
586.14290432,0.13556613
586.37186912,0.13264854
586.60084644,0.13877341
586.82983628,0.14119438
587.05883862,0.14491896
587.28785347,0.14210484
587.51688082,0.14862285
587.74592067,0.14469135
587.97497302,0.14318083
588.20403787,0.13626966
588.43311520,0.14456720
588.66220503,0.15216121
588.89130735,0.14911946
589.12042215,0.15321650
589.34954943,0.15493395
589.57868919,0.14963677
589.80784142,0.15160252
590.03700613,0.15174736
590.26618331,0.15464426
590.49537296,0.15611340
590.72457507,0.14994715
590.95378964,0.14195999
591.18301667,0.14847801
591.41225616,0.14953331
591.64150811,0.14713302
591.87077250,0.14775378
592.10004934,0.15077483
592.32933863,0.14419474
592.55864036,0.13916656
592.78795453,0.13775949
593.01728114,0.14195999
593.24662018,0.14688472
593.47597165,0.14344982
593.70533555,0.14653295
593.93471188,0.14810555
594.16410063,0.14299460
594.39350180,0.14384297
594.62291539,0.14084262
594.85234140,0.14413266
595.08177981,0.15263712
595.31123064,0.14150477
595.54069387,0.14146338
595.77016951,0.13906310
595.99965755,0.13622828
596.22915798,0.13709734
596.45867081,0.13322792
596.68819604,0.13691112
596.91773365,0.13132424
597.14728365,0.12968957
597.37684603,0.13211054
597.60642080,0.13581443
597.83600795,0.14297391
598.06560747,0.15058860
598.29521936,0.15294751
598.52484363,0.15863784
598.75448026,0.15569956
598.98412926,0.15998283
599.21379062,0.15369242
599.44346434,0.15474772
599.67315042,0.15418903
599.90284885,0.15013338
600.13255963,0.15487187
600.36228276,0.15046445
600.59201824,0.15009199
600.82176606,0.14582942
601.05152622,0.14773309
601.28129871,0.14491896
601.51108354,0.15114729
601.74088070,0.15071276
601.97069019,0.15752046
602.20051201,0.15472703
602.43034615,0.16376948
602.66019261,0.16906666
602.89005139,0.17239810
603.11992249,0.17531568
603.34980589,0.17686759
603.57970161,0.18189578
603.80960963,0.17810912
604.03952996,0.17601922
604.26946259,0.18605489
604.49940751,0.18123363
604.72936474,0.17951618
604.95933425,0.18305454
605.18931606,0.18400637
605.41931015,0.18599282
605.64931653,0.18797926
605.87933519,0.18721365
606.10936612,0.19811840
606.33940934,0.20045661
606.56946483,0.21287188
606.79953259,0.21945197
607.02961261,0.22611483
607.25970490,0.23364676
607.48980946,0.24589649
607.71992627,0.24941415
607.95005534,0.25545625
608.18019667,0.27223756
608.41035024,0.28103171
608.64051607,0.29086046
608.87069414,0.30904884
609.10088445,0.31989150
609.33108700,0.33443806
609.56130179,0.34559111
609.79152882,0.36342772
610.02176808,0.37424970
610.25201956,0.37354616
610.48228328,0.37913303
610.71255921,0.38484406
610.94284737,0.39138277
611.17314775,0.39425897
611.40346034,0.38676843
611.63378514,0.37793289
611.86412215,0.35419903
612.09447137,0.35448872
612.32483280,0.34426682
612.55520642,0.32829250
612.78559225,0.30548979
613.01599027,0.28926717
613.24640048,0.28558397
613.47682288,0.27542415
613.70725747,0.26009129
613.93770425,0.24751048
614.16816321,0.23879910
614.39863434,0.24026824
614.62911766,0.22981872
614.85961314,0.23273631
615.09012080,0.23273631
615.32064063,0.22501815
615.55117262,0.22017619
615.78171677,0.21636884
616.01227308,0.21059574
616.24284156,0.20757469
616.47342218,0.20283620
616.70401496,0.20209128
616.93461988,0.19325575
617.16523695,0.19081408
617.39586617,0.17775735
617.62650752,0.17347409
617.85716101,0.16585939
618.08782664,0.16203135
618.31850440,0.15367173
618.54919429,0.15315443
618.77989630,0.14558111
619.01061044,0.13966317
619.24133670,0.13217262
619.47207508,0.13109663
619.70282557,0.12375093
619.93358818,0.12408200
620.16436289,0.11619831
620.39514972,0.11528785
620.62594864,0.10514872
620.85675967,0.10618332
621.08758280,0.10167244
621.31841802,0.09579588
621.54926534,0.09430605
621.78012475,0.08873987
622.01099624,0.08983655
622.24187982,0.08983655
622.47277549,0.09029178
622.70368323,0.08652581
622.93460305,0.07758682
623.16553494,0.07944911
623.39647890,0.07578660
623.62743493,0.07750405
623.85840303,0.07456577
624.08938319,0.07305524
624.32037541,0.07216548
624.55137968,0.07375877
624.78239602,0.07009627
625.01342440,0.06722007
625.24446483,0.06533708
625.47551731,0.06473701
625.70658183,0.06635100
625.93765839,0.06765460
626.16874699,0.07108949
626.39984763,0.06295749
626.63096029,0.06928928
626.86208499,0.06951689
627.09322171,0.07408985
627.32437046,0.07901457
627.55553123,0.08143555
627.78670401,0.08698104
628.01788882,0.09118154
628.24908563,0.09707879
628.48029446,0.09697533
628.71151529,0.09695464
628.94274813,0.10504526
629.17399296,0.11328072
629.40524980,0.11110805
629.63651863,0.11549477
629.86779946,0.12161964
630.09909228,0.13132424
630.33039709,0.14051154
630.56171388,0.14825040
630.79304265,0.14686402
631.02438340,0.15160252
631.25573613,0.15588579
631.48710084,0.15739631
631.71847751,0.16478340
631.94986615,0.17252225
632.18126676,0.18396499
632.41267933,0.19124861
632.64410387,0.19447658
632.87554035,0.20709878
633.10698880,0.21262357
633.33844919,0.20459503
633.56992154,0.21618261
633.80140583,0.21043021
634.03290207,0.21218904
634.26441024,0.21374095
634.49593035,0.20459503
634.72746240,0.21185796
634.95900638,0.22119011
635.19056229,0.22805989
635.42213013,0.24777948
635.65370989,0.25566317
635.88530158,0.25628394
636.11690518,0.26576093
636.34852069,0.26963035
636.58014812,0.28754973
636.81178746,0.30130998
637.04343871,0.31391148
637.27510187,0.31198712
637.50677692,0.31513232
637.73846387,0.31434602
637.97016272,0.32593360
638.20187347,0.32365747
638.43359610,0.31223542
638.66533062,0.30942129
638.89707703,0.31188366
639.12883532,0.29996500
639.36060549,0.30764177
639.59238754,0.30521105
639.82418146,0.31886848
640.05598725,0.30662632
640.28780491,0.29559465
640.51963444,0.29701369
640.75147583,0.28200656
640.98332908,0.28357334
641.21519419,0.28382947
641.44707115,0.28002648
641.67895997,0.26962493
641.91086063,0.25640166
642.14277314,0.25183285
642.37469750,0.25992851
642.60663369,0.25619224
642.83858172,0.25254050
643.07054159,0.24251642
643.30251329,0.23470048
643.53449683,0.23410450
643.76649218,0.23392355
643.99849937,0.23028786
644.23051837,0.23112606
644.46254919,0.22065975
644.69459183,0.22433269
644.92664628,0.21739184
645.15871254,0.21723522
645.39079061,0.20846608
645.62288049,0.20717230
645.85498217,0.19518676
646.08709564,0.19480171
646.31922091,0.18877541
646.55135798,0.18809941
646.78350684,0.18701238
647.01566748,0.17981518
647.24783991,0.17289892
647.48002413,0.17073143
647.71222012,0.17619982
647.94442789,0.18067289
648.17664744,0.17549765
648.40887875,0.17855634
648.64112184,0.17465456
648.87337669,0.17243287
649.10564331,0.15981259
649.33792168,0.16763433
649.57021181,0.16490762
649.80251370,0.16762275
650.03482734,0.16701119
650.26715273,0.16474604
650.49948987,0.16069993
650.73183875,0.16334857
650.96419937,0.15797673
651.19657173,0.15079329
651.42895582,0.14915493
651.66135165,0.15022669
651.89375921,0.15036823
652.12617849,0.15796370
652.35860950,0.16165036
652.59105224,0.16439484
652.82350669,0.16231677
653.05597285,0.16579306
653.28845073,0.16592775
653.52094032,0.16511362
653.75344162,0.17657699
653.98595462,0.17540416
654.21847933,0.17163567
654.45101573,0.16916904
654.68356383,0.17164978
654.91612363,0.17809132
655.14869511,0.16374611
655.38127829,0.17550418
655.61387315,0.16574298
655.84647969,0.16638877
656.07909792,0.17194496
656.31172782,0.16756966
656.54436939,0.16657103
656.77702264,0.16534688
657.00968756,0.17246459
657.24236414,0.17536989
657.47505238,0.18103477
657.70775229,0.17919668
657.94046385,0.18115207
658.17318707,0.18000339
658.40592195,0.17897938
658.63866847,0.17583965
658.87142663,0.18183023
659.10419645,0.17729804
659.33697790,0.17246833
659.56977099,0.18773311
659.80257572,0.18292759
660.03539208,0.17935955
660.26822007,0.17508633
660.50105969,0.17487439
660.73391093,0.18189195
660.96677380,0.17559032
661.19964828,0.18118642
661.43253438,0.18163810
661.66543209,0.17084135
661.89834142,0.17515234
662.13126235,0.17426517
662.36419489,0.17955279
662.59713903,0.19146501
662.83009477,0.18387714
663.06306210,0.18378271
663.29604103,0.19064601
663.52903155,0.19654566
663.76203367,0.18856443
663.99504736,0.19028441
664.22807264,0.19133068
664.46110950,0.18227149
664.69415794,0.18607272
664.92721795,0.18040268
665.16028953,0.17468499
665.39337269,0.17543941
665.62646740,0.17222982
665.85957369,0.17101721
666.09269153,0.16423289
666.32582093,0.17352636
666.55896189,0.17207778
666.79211440,0.16914943
667.02527846,0.17442592
667.25845406,0.16463855
667.49164121,0.16405917
667.72483991,0.15975521
667.95805014,0.16809414
668.19127190,0.16180373
668.42450520,0.15954829
668.65775003,0.15449941
668.89100639,0.15801707
669.12427427,0.16302457
669.35755368,0.15789292
669.59084460,0.15797569
669.82414704,0.16857005
670.05746099,0.16726645
670.29078646,0.16676984
670.52412343,0.16103812
670.75747191,0.16370741
670.99083189,0.16954258
671.22420337,0.16705953
671.45758635,0.16854936
671.69098082,0.17233602
671.92438678,0.17848158
672.15780424,0.17618475
672.39123317,0.16958397
672.62467360,0.17204633
672.85812550,0.17039096
673.09158888,0.18071633
673.32506373,0.17256363
673.55855006,0.16778375
673.79204785,0.16614908
674.02555712,0.16476270
674.25907784,0.16008629
674.49261003,0.16668707
674.72615367,0.16267280
674.95970878,0.16900459
675.19327533,0.17157041
675.42685333,0.17899888
675.66044278,0.17901957
675.89404368,0.18452368
676.12765601,0.18379945
676.36127979,0.18657220
676.59491500,0.18746196
676.82856165,0.18814480
677.06221972,0.18212339
677.29588922,0.17889542
677.52957015,0.17639167
677.76326250,0.17328786
677.99696627,0.16579731
678.23068146,0.16569385
678.46440806,0.16933566
678.69814607,0.15958968
678.93189549,0.15284405
679.16565631,0.15712731
679.39942854,0.14994715
679.63321217,0.15412696
679.86700720,0.15369242
680.10081361,0.14473274
680.33463143,0.14649157
680.56846063,0.14585011
680.80230121,0.14200138
681.03615318,0.15114729
681.27001653,0.15234743
681.50389126,0.15592717
681.73777736,0.15961037
681.97167484,0.15586509
682.20558368,0.15509949
682.43950390,0.16430748
682.67343547,0.15927929
682.90737841,0.16352118
683.14133270,0.15994144
683.37529836,0.15311304
683.60927536,0.15327858
683.84326371,0.15538918
684.07726341,0.15514087
684.31127446,0.15762392
684.54529685,0.16432817
684.77933057,0.17103242
685.01337564,0.17368101
685.24743203,0.17980587
685.48149976,0.19702171
685.71557881,0.21500316
685.94966919,0.22245233
686.18377090,0.22460431
686.41788392,0.23819903
686.65200826,0.25028322
686.88614391,0.24523435
687.12029088,0.24945554
687.35444915,0.24511019
687.58861873,0.24877270
687.82279961,0.24014409
688.05699179,0.23389507
688.29119527,0.22214194
688.52541004,0.22520438
688.75963611,0.22263856
688.99387346,0.22042450
689.22812210,0.22199710
689.46238203,0.23068779
689.69665323,0.22570099
689.93093571,0.23217762
690.16522947,0.24225468
690.39953450,0.23997855
690.63385080,0.24316514
690.86817837,0.25423542
691.10251720,0.25860145
691.33686730,0.26528501
691.57122865,0.26640238
691.80560125,0.26118797
692.03998511,0.26433317
692.27438023,0.27401708
692.50878658,0.26574023
692.74320419,0.26420902
692.97763303,0.26683692
693.21207312,0.27356185
693.44652444,0.27838312
693.68098699,0.27991433
693.91546077,0.27763820
694.14994579,0.28595643
694.38444203,0.28734280
694.61894949,0.29324006
694.85346817,0.30356542
695.08799806,0.30495180
695.32253918,0.29638526
695.55709150,0.30058576
695.79165503,0.30602779
696.02622977,0.31314587
696.26081571,0.29977877
696.49541285,0.29963392
696.73002119,0.29460574
696.96464072,0.29009486
697.19927145,0.29191576
697.43391336,0.27931426
697.66856647,0.27405847
697.90323075,0.27318940
698.13790622,0.26834744
698.37259286,0.27772097
698.60729068,0.27469992
698.84199967,0.27941772
699.07671984,0.28823257
699.31145117,0.29390221
699.54619366,0.30573810
699.78094731,0.30524149
700.01571213,0.32990649
700.25048810,0.33975594
700.48527522,0.36355187
700.72007349,0.36802137
700.95488292,0.37648444
701.18970348,0.39305883
701.42453519,0.38391291
701.65937804,0.38871348
701.89423202,0.39024470
702.12909714,0.39086547
702.36397339,0.38271277
702.59886077,0.37700175
702.83375927,0.36562108
703.06866889,0.36055151
703.30358964,0.34734994
703.53852150,0.32820974
703.77346448,0.32131926
704.00841857,0.30462072
704.24338376,0.30219974
704.47836007,0.29593003
704.71334748,0.29015693
704.94834598,0.28314230
705.18335559,0.27236171
705.41837629,0.26894751
705.65340808,0.26760253
705.88845096,0.27598283
706.12350493,0.28527359
706.35856998,0.27734851
706.59364612,0.28603920
706.82873333,0.28763249
707.06383161,0.30782800
707.29894097,0.30983514
707.53406141,0.33137563
707.76919290,0.34430820
708.00433546,0.36437956
708.23948909,0.37873988
708.47465377,0.38614766
708.70982951,0.38763749
708.94501630,0.39771456
709.18021414,0.38598213
709.41542303,0.38755473
709.65064297,0.37460146
709.88587395,0.36390364
710.12111597,0.34712233
710.35636902,0.33317584
710.59163311,0.31639454
710.82690823,0.31248373
711.06219437,0.30070991
711.29749155,0.29599211
711.53279974,0.29504027
711.76811896,0.29415051
712.00344920,0.28196285
712.23879044,0.29305383
712.47414270,0.29491612
712.70950597,0.29528858
712.94488025,0.29870278
713.18026553,0.31682907
713.41566181,0.30548979
713.65106908,0.31819475
713.88648736,0.32396785
714.12191662,0.31544270
714.35735688,0.31337349
714.59280812,0.31407702
714.82827034,0.31697392
715.06374355,0.31298034
715.29922774,0.31327003
715.53472290,0.31463571
715.77022903,0.30596571
716.00574614,0.30811769
716.24127421,0.30342058
716.47681324,0.29423328
716.71236324,0.28428037
716.94792420,0.28262500
717.18349611,0.26814052
717.41907898,0.26151904
717.65467280,0.25313874
717.89027757,0.25481480
718.12589328,0.24165461
718.36151993,0.23323292
718.59715752,0.22429392
718.83280605,0.22245233
719.06846552,0.21955543
719.30413591,0.22437669
719.53981724,0.22119011
719.77550949,0.22599068
720.01121266,0.23451583
720.24692676,0.23372953
720.48265177,0.24066139
720.71838769,0.24343413
720.95413453,0.23488829
721.18989228,0.25015907
721.42566093,0.23952332
721.66144049,0.23739203
721.89723095,0.23379161
722.13303231,0.23768172
722.36884456,0.23538490
722.60466770,0.24964177
722.84050173,0.24703456
723.07634666,0.25175236
723.31220246,0.24310306
723.54806915,0.24196499
723.78394671,0.23060502
724.01983515,0.22777020
724.25573447,0.22698390
724.49164465,0.22549407
724.72756571,0.22253509
724.96349762,0.22236956
725.19944040,0.22733567
725.43539404,0.23513659
725.67135854,0.22760466
725.90733388,0.22493538
726.14332008,0.23795072
726.37931713,0.23577805
726.61532503,0.23207416
726.85134376,0.22868065
727.08737334,0.23012910
727.32341375,0.22605275
727.55946500,0.22617691
727.79552708,0.22336278
728.03159998,0.22218333
728.26768372,0.22323863
728.50377827,0.23327430
728.73988365,0.23888187
728.97599985,0.22988080
729.21212686,0.23906810
729.44826468,0.24631034
729.68441331,0.24895893
729.92057275,0.24777948
730.15674299,0.25560110
730.39292403,0.26352618
730.62911587,0.25555971
730.86531851,0.23950263
731.10153194,0.23257077
731.33775616,0.21955543
731.57399117,0.20227751
731.81023696,0.18638597
732.04649353,0.18073702
732.28276088,0.16273488
732.51903901,0.16478340
732.75532791,0.15801707
732.99162758,0.15094037
733.22793802,0.14856078
733.46425923,0.14868493
733.70059119,0.14164961
733.93693392,0.13337276
734.17328740,0.13542128
734.40965164,0.12699959
734.64602662,0.12408200
734.88241236,0.12687544
735.11880884,0.12958611
735.35521607,0.12538561
735.59163403,0.13064140
735.82806273,0.13440737
736.06450217,0.14533281
736.30095234,0.15176806
736.53741323,0.15981729
736.77388486,0.18514444
737.01036720,0.19052439
737.24686027,0.20246374
737.48336406,0.21984512
737.71987856,0.23766103
737.95640377,0.26383656
738.19293969,0.27587937
738.42948632,0.28347338
738.66604365,0.29828893
738.90261169,0.29785440
739.13919042,0.31118012
739.37577985,0.31591862
739.61237997,0.32144341
739.84899078,0.31833960
740.08561228,0.31869136
740.32224446,0.30896607
740.55888732,0.29212268
740.79554087,0.28020402
741.03220509,0.27374808
741.26887998,0.25771169
741.50556555,0.24960038
741.74226178,0.23656435
741.97896868,0.22694252
742.21568624,0.21802421
742.45241446,0.20742985
742.68915333,0.19743556
742.92590286,0.20622971
743.16266304,0.19290398
743.39943387,0.18924148
743.63621535,0.18818618
743.87300747,0.18466852
744.10981023,0.17566745
744.34662363,0.18034387
744.58344766,0.17901957
744.82028232,0.17872988
745.05712761,0.18624112
745.29398353,0.18170955
745.53085007,0.17864711
745.76772724,0.17877127
746.00461502,0.17492253
746.24151341,0.16068636
746.47842242,0.16041736
746.71534204,0.16302457
746.95227227,0.15584440
747.18921310,0.16476270
747.42616453,0.16472132
747.66312656,0.17397070
747.90009918,0.16482478
748.13708240,0.17283263
748.37407621,0.17523292
748.61108061,0.17577091
748.84809559,0.18359253
749.08512115,0.18626181
749.32215730,0.17711590
749.55920401,0.17924719
749.79626131,0.18309592
750.03332917,0.18493752
750.27040760,0.18059217
750.50749660,0.18938632
750.74459616,0.19267637
750.98170628,0.19044162
751.21882695,0.19656649
751.45595818,0.19033816
751.69309997,0.20082906
751.93025230,0.20374665
752.16741517,0.20153260
752.40458859,0.20989221
752.64177256,0.20596071
752.87896705,0.22073488
753.11617209,0.21674130
753.35338765,0.22520438
753.59061374,0.23017049
753.82785037,0.24239953
754.06509751,0.24302029
754.30235518,0.24339275
754.53962336,0.25657363
754.77690206,0.26832675
755.01419127,0.27352047
755.25149099,0.27240310
755.48880122,0.27376878
755.72612195,0.27443092
755.96345319,0.27598283
756.20079492,0.26456078
756.43814715,0.26031890
756.67550987,0.25487687
756.91288309,0.24463428
757.15026679,0.24995215
757.38766097,0.24792432
757.62506564,0.23850941
757.86248079,0.23741273
758.09990641,0.22646660
758.33734251,0.23302600
758.57478908,0.22859788
758.81224612,0.23617120
759.04971362,0.22354901
759.28719159,0.21518939
759.52468001,0.20087045
759.76217889,0.20231890
759.99968823,0.19029678
760.23720802,0.18415122
760.47473826,0.17595714
760.71227894,0.16939774
760.94983007,0.16648015
761.18739164,0.16294180
761.42496364,0.15369242
761.66254608,0.15609271
761.90013895,0.15793431
762.13774226,0.16240380
762.37535598,0.16234173
762.61298014,0.16041736
762.85061471,0.16124504
763.08825970,0.17291540
763.32591511,0.17196356
763.56358093,0.17126003
763.80125716,0.17421900
764.03894380,0.18013695
764.27664084,0.18630320
764.51434829,0.18723434
764.75206613,0.18775165
764.98979437,0.18235100
765.22753300,0.18663427
765.46528203,0.19327644
765.70304144,0.19251083
765.94081124,0.19240737
766.17859142,0.19714587
766.41638197,0.19853224
766.65418291,0.19209699
766.89199422,0.19731140
767.12981590,0.18977947
767.36764795,0.18882764
767.60549036,0.18895179
767.84334314,0.19333852
768.08120628,0.18470991
768.31907977,0.18268208
768.55696362,0.18262000
768.79485782,0.18206131
769.03276238,0.17198425
769.27067727,0.16933566
769.50860251,0.16230034
769.74653809,0.17357755
769.98448401,0.17113588
770.22244027,0.16912874
770.46040685,0.18307523
770.69838377,0.18437883
770.93637101,0.19081408
771.17436858,0.19437312
771.41237647,0.19948408
771.65039468,0.20705739
771.88842320,0.20714016
772.12646204,0.20931283
772.36451118,0.20505026
772.60257064,0.20254651
772.84064039,0.19089685
773.07872045,0.19100031
773.31681081,0.18586866
773.55491147,0.18460644
773.79302242,0.19035885
774.03114366,0.18516513
774.26927519,0.17620545
774.50741700,0.16801137
774.74556910,0.16565247
774.98373147,0.16565247
775.22190413,0.16765960
775.46008705,0.16484547
775.69828025,0.16842521
775.93648372,0.17289471
776.17469745,0.17450869
776.41292145,0.17670206
776.65115570,0.17988864
776.88940022,0.19249014
777.12765499,0.18940702
777.36592001,0.19458004
777.60419528,0.18814480
777.84248079,0.18837241
778.08077655,0.18458575
778.31908256,0.19340059
778.55739879,0.18098532
778.79572527,0.19068993
779.03406198,0.18499959
779.27240891,0.18702742
779.51076608,0.17697105
779.74913346,0.17806774
779.98751107,0.17860573
780.22589890,0.19215907
780.46429695,0.17001850
780.70270520,0.17494323
780.94112367,0.16664569
781.17955235,0.17285332
781.41799123,0.16230034
781.65644031,0.16610769
781.89489959,0.15745839
782.13336907,0.16000352
782.37184874,0.15404419
782.61033861,0.15334066
782.84883866,0.16172096
783.08734890,0.15087829
783.32586931,0.14616049
783.56439991,0.14984369
783.80294069,0.14516727
784.04149164,0.15646517
784.28005276,0.15445803
784.51862406,0.16726645
784.75720551,0.16499032
784.99579713,0.16126574
785.23439891,0.16374879
785.47301085,0.16554900
785.71163295,0.15665139
785.95026519,0.16027252
786.18890759,0.15766531
786.42756013,0.14955400
786.66622282,0.14218761
786.90489564,0.14208414
787.14357861,0.13105525
787.38227171,0.13039310
787.62097494,0.12178518
787.85968831,0.12039881
788.09841180,0.11253580
788.33714541,0.11532924
788.57588915,0.11450155
788.81464301,0.11661215
789.05340698,0.11448086
789.29218106,0.11911589
789.53096526,0.12064711
789.76975956,0.12354401
790.00856397,0.12430962
790.24737848,0.13651797
790.48620309,0.12737205
790.72503780,0.14258076
790.96388260,0.14566388
791.20273749,0.15203705
791.44160247,0.15228536
791.68047754,0.14682264
791.91936269,0.15034030
792.15825792,0.14800209
792.39716323,0.14868493
792.63607861,0.14342913
792.87500406,0.14051154
793.11393958,0.15110591
793.35288517,0.14918154
793.59184082,0.14905739
793.83080653,0.13935279
794.06978230,0.14324290
794.30876813,0.15265782
794.54776401,0.14533281
794.78676993,0.14245660
795.02578591,0.14845732
795.26481193,0.14965746
795.50384798,0.14618118
795.74289408,0.14158753
795.98195022,0.14539488
796.22101638,0.14276698
796.46009258,0.13653866
796.69917880,0.13800780
796.93827505,0.13540059
797.17738132,0.13593859
797.41649761,0.13403491
797.65562392,0.14125646
797.89476024,0.14200138
798.13390657,0.13960109
798.37306290,0.13991147
798.61222925,0.13898033
798.85140559,0.14195999
799.09059194,0.13345553
799.32978828,0.14351190
799.56899462,0.13202778
799.80821094,0.13786295
800.04743726,0.13266923
800.28667356,0.13109663
800.52591985,0.12782728
800.76517611,0.12948265
801.00444236,0.13146909
801.24371857,0.12855150
801.48300476,0.13124148
801.72230092,0.12855150
801.96160705,0.12873773
802.20092314,0.13310377
802.44024919,0.13626966
802.67958519,0.14645018
802.91893116,0.14847801
803.15828707,0.15735493
803.39765294,0.16300387
803.63702875,0.17163249
803.87641450,0.16747337
804.11581020,0.17738490
804.35521584,0.17868850
804.59463141,0.18636527
804.83405692,0.18332353
805.07349235,0.19371098
805.31293772,0.19199353
805.55239300,0.19288329
805.79185821,0.19215907
806.03133334,0.20113945
806.27081839,0.19520081
806.51031335,0.19820117
806.74981822,0.20442949
806.98933300,0.20434672
807.22885768,0.20625040
807.46839227,0.21283049
807.70793675,0.20939560
807.94749114,0.21053367
808.18705542,0.20223613
808.42662959,0.21821044
808.66621364,0.21330641
808.90580759,0.20914730
809.14541141,0.20585725
809.38502512,0.20074630
809.62464871,0.19352475
809.86428217,0.19083477
810.10392550,0.17835743
810.34357870,0.16703884
810.58324177,0.16105882
810.82291470,0.15418903
811.06259749,0.14483620
811.30229015,0.14127715
811.54199265,0.12613052
811.78170501,0.11646730
812.02142722,0.10968029
812.26115928,0.09856862
812.50090118,0.08909163
812.74065292,0.08102171
812.98041450,0.07862142
813.22018592,0.07773166
813.45996717,0.06670276
813.69975825,0.06839952
813.93955916,0.06047444
814.17936989,0.05937775
814.41919045,0.05490826
814.65902083,0.06175735
814.89886102,0.05054222
815.13871102,0.05035599
815.37857084,0.04781086
815.61844047,0.05004561
815.85831990,0.04832816
816.09820913,0.04702456
816.33810817,0.04588649
816.57801700,0.04607272
816.81793562,0.04652795
817.05786404,0.04770740
817.29780225,0.04365174
817.53775024,0.04580372
817.77770801,0.04884547
818.01767557,0.04367244
818.25765290,0.04452081
818.49764001,0.04725217
818.73763689,0.04563819
818.97764354,0.04948692
819.21765996,0.05308735
819.45768614,0.05163890
819.69772209,0.04930069
819.93776779,0.05257005
820.17782324,0.05043876
820.41788845,0.05741200
820.65796341,0.05054222
820.89804812,0.05029391
821.13814257,0.05430818
821.37824677,0.05743269
821.61836070,0.05997782
821.85848437,0.06270918
822.09861777,0.07028250
822.33876090,0.07808343
822.57891376,0.08127001
822.81907635,0.08813980
823.05924866,0.10003776
823.29943069,0.11474986
823.53962243,0.12948265
823.77982389,0.14750548
824.02003506,0.16356256
824.26025594,0.18752403
824.50048652,0.20881622
824.74072681,0.21419617
824.98097680,0.23629535
825.22123648,0.26013267
825.46150586,0.28475629
825.70178493,0.28686689
825.94207369,0.29628180
826.18237214,0.30582086
826.42268027,0.32270563
826.66299808,0.32295394
826.90332557,0.33899033
827.14366273,0.32876842
827.38400957,0.32893396
827.62436608,0.32357470
827.86473225,0.32444377
828.10510809,0.31829821
828.34549359,0.30486903
828.58588874,0.29475058
828.82629356,0.29050870
829.06670802,0.27916942
829.30713214,0.27376878
829.54756590,0.26389864
829.78800931,0.25307666
830.02846236,0.25976021
830.26892505,0.26464355
830.50939738,0.26004990
830.74987934,0.25466995
830.99037093,0.24937277
831.23087215,0.25036599
831.47138299,0.25100745
831.71190346,0.24953831
831.95243355,0.24318583
832.19297325,0.23041879
832.43352257,0.22421116
832.67408150,0.22793574
832.91465003,0.21541701
833.15522818,0.19933923
833.39581592,0.19979446
833.63641327,0.19089685
833.87702022,0.18210270
834.11763676,0.16734922
834.35826289,0.16606631
834.59889861,0.15929999
834.83954392,0.14127715
835.08019881,0.13095179
835.32086328,0.12070919
835.56153733,0.12381301
835.80222095,0.10889399
836.04291415,0.09740986
836.28361692,0.09529927
836.52432926,0.09134707
836.76505116,0.08066994
837.00578262,0.08410483
837.24652364,0.07735920
837.48727421,0.07135849
837.72803434,0.06759252
837.96880402,0.06902028
838.20958325,0.06697176
838.45037202,0.06788221
838.69117033,0.06680622
838.93197819,0.07034458
839.17279558,0.06839952
839.41362250,0.07622114
839.65445896,0.07406916
839.89530494,0.08075271
840.13616045,0.07980087
840.37702548,0.08205631
840.61790003,0.08573951
840.85878410,0.08905025
841.09967768,0.08453937
841.34058078,0.08615335
841.58149338,0.08124932
841.82241549,0.08114586
842.06334710,0.07793858
842.30428821,0.07944911
842.54523883,0.07278625
842.78619893,0.07303455
843.02716853,0.06566816
843.26814762,0.06798567
843.50913619,0.06237811
843.75013425,0.06328856
843.99114179,0.06372310
844.23215881,0.06210911
844.47318530,0.05890183
844.71422127,0.07059288
844.95526670,0.06436455
845.19632161,0.06616477
845.43738597,0.05610840
845.67845980,0.06103312
845.91954309,0.06152973
846.16063584,0.06115728
846.40173803,0.06068136
846.64284968,0.06852367
846.88397078,0.06111589
847.12510132,0.07028250
847.36624130,0.06885474
847.60739073,0.07233102
847.84854959,0.07119295
848.08971788,0.07822827
848.33089561,0.08025610
848.57208276,0.08609128
848.81327934,0.08933994
849.05448534,0.09517512
849.29570076,0.09877554
849.53692560,0.11396356
849.77815986,0.11748122
850.01940353,0.12234387
850.26065660,0.12453723
850.50191908,0.13240023
850.74319097,0.13024825
850.98447225,0.13556613
851.22576294,0.13368315
851.46706301,0.13819403
851.70837248,0.14607772
851.94969135,0.15079553
852.19101959,0.15334066
852.43235722,0.17032888
852.67370424,0.17856435
852.91506063,0.18460644
853.15642640,0.18802064
853.39780154,0.18659289
853.63918605,0.18874487
853.88057992,0.19019332
854.12198317,0.19199353
854.36339577,0.19273845
854.60481773,0.19000709
854.84624905,0.18522721
855.08768973,0.18452368
855.32913975,0.17746766
855.57059912,0.17094965
855.81206784,0.17043234
856.05354590,0.16544554
856.29503330,0.16941843
856.53653004,0.16486617
856.77803611,0.16211411
857.01955151,0.15036099
857.26107624,0.17815050
857.50261030,0.14400851
857.74415367,0.14061500
857.98570637,0.12604775
858.22726839,0.12834458
858.46883972,0.12335778
858.71042037,0.11677769
858.95201032,0.11367387
859.19360958,0.11071490
859.43521814,0.10850084
859.67683601,0.10274843
859.91846317,0.11702599
860.16009963,0.09784440
860.40174538,0.09647872
860.64340042,0.09749263
860.88506474,0.09020901
861.12673835,0.09285760
861.36842125,0.09074700
861.61011342,0.09362321
861.85181487,0.09428535
862.09352559,0.09583726
862.33524558,0.09666495
862.57697484,0.09058147
862.81871336,0.09308521
863.06046114,0.10026538
863.30221819,0.09691325
863.54398449,0.10134137
863.78576004,0.09883762
864.02754485,0.09966531
864.26933890,0.09823755
864.51114220,0.10067922
864.75295474,0.10007915
864.99477653,0.10752831
865.23660755,0.10067922
865.47844780,0.09451297
865.72029728,0.09343698
865.96215600,0.09097462
866.20402394,0.09211268
866.44590110,0.09242306
866.68778748,0.08052510
866.92968308,0.08300815
867.17158790,0.08081479
867.41350193,0.08474629
867.65542516,0.08265638
867.89735761,0.08501529
868.13929926,0.08083548
868.38125011,0.08313230
868.62321015,0.09095392
868.86517940,0.08729142
869.10715783,0.08071133
869.34914546,0.08147693
869.59114227,0.08704311
869.83314827,0.08859502
870.07516344,0.08532567
870.31718780,0.08385653
870.55922133,0.09076769
870.80126404,0.09215407
871.04331592,0.09211268
871.28537696,0.08580159
871.52744717,0.07909734
871.76952655,0.08340130
872.01161508,0.09039524
872.25371277,0.09234030
872.49581961,0.08588436
872.73793560,0.08745696
872.98006075,0.08383584
873.22219503,0.08913302
873.46433846,0.08863641
873.70649103,0.09614765
873.94865274,0.08619474
874.19082358,0.08787080
874.43300356,0.09124361
874.67519266,0.09145053
874.91739089,0.08340130
875.15959824,0.08081479
875.40181471,0.07429677
875.64404031,0.07818689
875.88627501,0.07320009
876.12851883,0.07375877
876.37077176,0.07454508
876.61303379,0.06643377
876.85530493,0.06846159
877.09758517,0.06459217
877.33987451,0.06335064
877.58217294,0.06724076
877.82448047,0.06709591
878.06679709,0.07353116
878.30912279,0.07121364
878.55145758,0.07663498
878.79380145,0.07638667
879.03615440,0.07622114
879.27851643,0.08002849
879.52088753,0.08356684
879.76326770,0.08180801
880.00565694,0.08845018
880.24805524,0.08727073
880.49046260,0.09043662
880.73287903,0.08615335
880.97530451,0.09078839
881.21773905,0.09194715
881.46018264,0.08987793
881.70263527,0.09476127
881.94509695,0.09289898
882.18756768,0.09258860
882.43004744,0.09674772
882.67253625,0.09587865
882.91503409,0.09738917
883.15754095,0.09440951
883.40005685,0.09184368
883.64258178,0.09455435
883.88511573,0.09080908
884.12765869,0.08985724
884.37021068,0.08470490
884.61277168,0.08344269
884.85534170,0.07680052
885.09792072,0.07270348
885.34050876,0.06755114
885.58310579,0.07175164
885.82571183,0.06750976
886.06832686,0.06175735
886.31095090,0.06560608
886.55358392,0.06026751
886.79622594,0.05619117
887.03887694,0.05401850
887.28153693,0.05271489
887.52420589,0.05122506
887.76688384,0.04696248
888.00957077,0.04807986
888.25226667,0.03974093
888.49497154,0.04214122
888.73768537,0.04253437
888.98040818,0.03866494
889.22313994,0.03587151
889.46588067,0.04185153
889.70863035,0.03508521
889.95138899,0.03537490
890.19415657,0.03649227
890.43693311,0.03291254
890.67971859,0.03191931
890.92251302,0.02951903
891.16531639,0.03251939
891.40812869,0.02753259
891.65094993,0.02887757
891.89378010,0.03367814
892.13661920,0.02978803
892.37946723,0.03638881
892.62232418,0.03018118
892.86519005,0.03525075
893.10806484,0.03771311
893.35094854,0.04253437
893.59384116,0.03609912
893.83674269,0.04294821
894.07965312,0.04168599
894.32257246,0.04965246
894.56550070,0.04611411
894.80843784,0.05625324
895.05138388,0.05052153
895.29433881,0.05753616
895.53730263,0.05513587
895.78027533,0.05596355
896.02325692,0.05358396
896.26624740,0.05503241
896.50924675,0.06115728
896.75225498,0.06229534
896.99527208,0.05958467
897.23829806,0.06072274
897.48133290,0.06167458
897.72437661,0.06184012
897.96742918,0.05933637
898.21049061,0.05830176
898.45356090,0.05776377
898.69664005,0.06361964
898.93972804,0.05600494
899.18282488,0.06291611
899.42593057,0.06148835
899.66904511,0.05933637
899.91216848,0.06308164
900.15530069,0.05689470
900.39844174,0.05997782
900.64159162,0.05610840
900.88475033,0.05751546
901.12791786,0.06525431
901.37109422,0.06421971
901.61427940,0.06690968
901.85747340,0.07030319
902.10067621,0.07015835
902.34388784,0.07646944
902.58710827,0.07719367
902.83033752,0.07562107
903.07357557,0.08325646
903.31682242,0.07845589
903.56007807,0.08160109
903.80334251,0.08553259
904.04661575,0.08108378
904.28989778,0.08362891
904.53318860,0.08902956
904.77648820,0.08987793
905.01979659,0.09457504
905.26311375,0.09434743
905.50643969,0.10078268
905.74977441,0.09972738
905.99311789,0.10419688
906.23647015,0.10338989
906.47983117,0.10413480
906.72320095,0.10307950
906.96657950,0.10545910
907.20996680,0.09765817
907.45336285,0.10723862
907.69676766,0.10537633
907.94018122,0.10694893
908.18360352,0.10436242
908.42703457,0.10310020
908.67047435,0.09244376
908.91392288,0.09840309
909.15738014,0.09511304
909.40084613,0.09198853
909.64432085,0.09354044
909.88780430,0.09488543
910.13129648,0.09095392
910.37479737,0.08780872
910.61830699,0.08965032
910.86182531,0.08408414
911.10535236,0.07930426
911.34888811,0.08758111
911.59243257,0.07686259
911.83598573,0.07982156
912.07954760,0.07829035
912.32311816,0.08079409
912.56669743,0.08884333
912.81028538,0.08017333
913.05388203,0.08035956
913.29748736,0.08602920
913.54110138,0.08131140
913.78472408,0.07942841
914.02835547,0.08011125
914.27199552,0.08110448
914.51564426,0.07500030
914.75930166,0.07653152
915.00296774,0.07435885
915.24664247,0.07897319
915.49032588,0.07495892
915.73401794,0.07806274
915.97771866,0.07713159
916.22142803,0.08557397
916.46514606,0.08441521
916.70887274,0.08547051
916.95260806,0.08143555
917.19635202,0.09085046
917.44010463,0.08909163
917.68386588,0.09484404
917.92763576,0.09834101
918.17141427,0.10972167
918.41520141,0.12157826
918.65899718,0.12265425
918.90280158,0.12939988
919.14661459,0.13142770
919.39043623,0.12774451
919.63426648,0.13674558
919.87810534,0.13804918
920.12195281,0.14400851
920.36580890,0.13879410
920.60967358,0.14789863
920.85354687,0.14847801
921.09742876,0.14638810
921.34131924,0.14711233
921.58521832,0.14907808
921.82912599,0.14613980
922.07304225,0.14371882
922.31696709,0.13128286
922.56090052,0.12590291
922.80484252,0.11708807
923.04879310,0.11303241
923.29275226,0.10583156
923.53671999,0.10069991
923.78069629,0.08851225
924.02468115,0.09227822
924.26867458,0.08127001
924.51267656,0.07531068
924.75668711,0.06755114
925.00070621,0.06283334
925.24473386,0.05943983
925.48877006,0.05600494
925.73281481,0.05122506
925.97686810,0.04510019
926.22092994,0.04350690
926.46500031,0.04067208
926.70907921,0.03423683
926.95316665,0.03502313
927.19726262,0.03254008
927.44136712,0.03065710
927.68548014,0.02488399
927.92960168,0.02620829
928.17373175,0.02432531
928.41787032,0.02434600
928.66201741,0.01927643
928.90617302,0.02225610
929.15033713,0.01900743
929.39450974,0.01898674
929.63869086,0.02215264
929.88288047,0.02165602
930.12707859,0.02074557
930.37128520,0.02573237
930.61550029,0.02215264
930.85972388,0.02639452
931.10395595,0.02370454
931.34819651,0.02459431
931.59244554,0.02730497
931.83670306,0.02753259
932.08096904,0.03663712
932.32524350,0.03763034
932.56952643,0.03864425
932.81381782,0.04017547
933.05811768,0.04032031
933.30242600,0.05103883
933.54674278,0.04822470
933.79106801,0.05416334
934.03540169,0.05188721
934.27974382,0.05523933
934.52409440,0.05935706
934.76845343,0.06339202
935.01282089,0.06181942
935.25719680,0.06415763
935.50158114,0.06024682
935.74597391,0.05902599
935.99037511,0.05683262
936.23478474,0.05343912
936.47920279,0.05045945
936.72362927,0.06453009
936.96806417,0.05674985
937.21250748,0.06403348
937.45695920,0.06115728
937.70141934,0.05410126
937.94588788,0.05070776
938.19036483,0.05153544
938.43485019,0.05207344
938.67934394,0.05095606
938.92384608,0.04954900
939.16835663,0.05174236
939.41287556,0.05244589
939.65740288,0.05697747
939.90193859,0.05081122
940.14648268,0.05248728
940.39103515,0.04510019
940.63559600,0.04963177
940.88016523,0.04493466
941.12474282,0.04915585
941.36932879,0.04903170
941.61392312,0.05366673
941.85852581,0.05099745
942.10313687,0.04603134
942.34775628,0.04348621
942.59238405,0.04702456
942.83702017,0.04543127
943.08166464,0.04642449
943.32631746,0.04942485
943.57097862,0.04460358
943.81564813,0.04623826
944.06032597,0.04435528
944.30501215,0.04601065
944.54970666,0.04716940
944.79440950,0.04387936
945.03912067,0.04181015
945.28384016,0.05186652
945.52856798,0.04404489
945.77330412,0.04528642
946.01804857,0.04003062
946.26280133,0.03810626
946.50756241,0.03909948
946.75233179,0.03922363
946.99710948,0.03630604
947.24189548,0.04005132
947.48668977,0.03731996
947.73149236,0.03883048
947.97630324,0.03566459
948.22112242,0.03684404
948.46594988,0.03574736
948.71078563,0.03440237
948.95562966,0.04191361
949.20048198,0.03351261
949.44534257,0.03645089
949.69021144,0.03614051
949.93508857,0.03653366
950.17997398,0.03763034
950.42486766,0.03342984
950.66976959,0.03810626
950.91467979,0.03332638
951.15959825,0.03669919
951.40452496,0.03276769
951.64945993,0.03235385
951.89440314,0.03307807
952.13935461,0.02695321
952.38431431,0.02571168
952.62928226,0.02291824
952.87425845,0.02602206
953.11924287,0.02796712
953.36423553,0.02540130
953.60923642,0.02155256
953.85424553,0.02120080
954.09926287,0.01964889
954.34428843,0.01840736
954.58932222,0.01882120
954.83436421,0.01859359
955.07941443,0.01606915
955.32447285,0.01635884
955.56953948,0.01958681
955.81461432,0.01760037
956.05969736,0.01402063
956.30478860,0.00942698
956.54988803,0.01437240
956.79499567,0.01188935
957.04011149,0.01631746
957.28523550,0.01015121
957.53036770,0.01172381
957.77550808,0.01147550
958.02065664,0.01381371
958.26581338,0.01195142
958.51097830,0.01476555
958.75615139,0.01420686
959.00133264,0.01559323
959.24652207,0.01277911
959.49171965,0.01822113
959.73692540,0.01813836
959.98213931,0.01807629
960.22736137,0.01944197
960.47259159,0.02380800
960.71782995,0.04946623
960.96307647,0.02384939
961.20833112,0.02614621
961.45359392,0.03011910
961.69886486,0.02815335
961.94414394,0.02879480
962.18943115,0.03102955
962.43472648,0.02869134
962.68002995,0.03473344
962.92534154,0.03475413
963.17066126,0.03299530
963.41598909,0.03465067
963.66132504,0.03398853
963.90666911,0.03407129
964.15202128,0.03324361
964.39738157,0.04052724
964.64274996,0.03657504
964.88812645,0.04094108
965.13351104,0.03481621
965.37890374,0.04118938
965.62430452,0.03678196
965.86971340,0.03721650
966.11513036,0.04209984
966.36055542,0.04009270
966.60598855,0.04096177
966.85142977,0.03922363
967.09687907,0.03723719
967.34233644,0.03996855
967.58780188,0.03945125
967.83327539,0.03771311
968.07875697,0.03953401
968.32424661,0.04932138
968.56974432,0.03980301
968.81525008,0.04063070
969.06076390,0.04311375
969.30628577,0.04272060
969.55181570,0.04638310
969.79735367,0.04609341
970.04289968,0.03972024
970.28845374,0.04400351
970.53401583,0.04373451
970.77958597,0.05008699
971.02516413,0.04435528
971.27075033,0.04220330
971.51634455,0.03914086
971.76194680,0.04532781
972.00755708,0.04096177
972.25317537,0.04683833
972.49880168,0.04158253
972.74443600,0.04294821
972.99007834,0.04371382
973.23572868,0.04725217
973.48138703,0.04745909
973.72705338,0.04696248
973.97272774,0.05213551
974.21841009,0.05172167
974.46410043,0.05225967
974.70979877,0.05147336
974.95550510,0.04774878
975.20121941,0.04946623
975.44694171,0.04466566
975.69267199,0.04232745
975.93841024,0.04199638
976.18415647,0.04652795
976.42991068,0.04642449
976.67567285,0.04205845
976.92144299,0.03856148
977.16722110,0.03796141
977.41300717,0.04439666
977.65880119,0.04191361
977.90460317,0.03994786
978.15041311,0.04358967
978.39623099,0.04104454
978.64205683,0.04185153
978.88789061,0.04259645
979.13373233,0.04294821
979.37958199,0.04087900
979.62543958,0.03972024
979.87130511,0.04307237
980.11717857,0.04121007
980.36305996,0.03626466
980.60894928,0.03746480
980.85484651,0.03727857
981.10075167,0.03686473
981.34666475,0.03264354
981.59258573,0.03715442
981.83851463,0.02864996
982.08445144,0.03026395
982.33039616,0.02844304
982.57634878,0.02809127
982.82230930,0.02442877
983.06827771,0.02925003
983.31425403,0.02730497
983.56023823,0.02620829
983.80623032,0.02724290
984.05223031,0.02031104
984.29823817,0.02008342
984.54425391,0.02099388
984.79027754,0.01691753
985.03630904,0.02086972
985.28234841,0.01880051
985.52839565,0.02314586
985.77445076,0.02012481
986.02051374,0.02653936
986.26658457,0.01807629
986.51266327,0.02438738
986.75874982,0.02569099
987.00484422,0.02507022
987.25094647,0.03020187
987.49705658,0.02604275
987.74317452,0.02440808
987.98930031,0.02593929
988.23543394,0.02908449
988.48157541,0.02730497
988.72772471,0.02701528
988.97388184,0.03105025
989.22004680,0.02478053
989.46621959,0.03198139
989.71240020,0.02726359
989.95858862,0.02972595
990.20478487,0.02829819
990.45098893,0.03845802
990.69720080,0.03011910
990.94342048,0.03127786
991.18964797,0.02738774
991.43588326,0.02860858
991.68212635,0.02608414
991.92837724,0.02680836
992.17463593,0.02757397
992.42090240,0.02509092
992.66717667,0.02221471
992.91345872,0.02049727
993.15974856,0.01838667
993.40604618,0.02053865
993.65235158,0.01989719
993.89866475,0.01913159
994.14498570,0.01764175
994.39131441,0.01700030
994.63765090,0.01793144
994.88399515,0.01697961
995.13034716,0.01880051
995.37670693,0.01656576
995.62307445,0.01716584
995.86944973,0.01300672
996.11583276,0.01542770
996.36222354,0.01766245
996.60862206,0.01728999
996.85502833,0.01700030
997.10144233,0.01383440
997.34786408,0.01302741
997.59429355,0.01608985
997.84073076,0.01404133
998.08717570,0.00702670
998.33362836,0.01313087
998.58008875,0.00990290
998.82655685,0.01391717
999.07303267,0.01993858
999.31951621,0.01536562
999.56600746,0.01110305
999.81250642,0.01509662
1000.05901309,0.01180658
1000.30552746,0.01571739
1000.55204953,0.01046159
1000.79857929,0.01530354
1001.04511676,0.01462070
1001.29166191,0.01975235
1001.53821476,0.01035813
1001.78477529,0.01457932
1002.03134351,0.01482763
1002.27791941,0.01911089
1002.52450299,0.01457932
1002.77109424,0.01557254
1003.01769317,0.01277911
1003.26429976,0.01654507
1003.51091403,0.01383440
1003.75753596,0.01619331
1004.00416555,0.01259288
1004.25080280,0.01942128
1004.49744771,0.01588292
1004.74410027,0.01420686
1004.99076048,0.01203419
1005.23742834,0.01298603
1005.48410384,0.01617261
1005.73078699,0.01352402
1005.97747778,0.01511732
1006.22417620,0.01265495
1006.47088226,0.01004775
1006.71759595,0.01294464
1006.96431727,0.01393787
1007.21104622,0.01288257
1007.45778279,0.01501386
1007.70452698,0.00996498
1007.95127879,0.01145481
1008.19803821,0.01433102
1008.44480524,0.01501386
1008.69157988,0.01520008
1008.93836213,0.01838667
1009.18515199,0.01211696
1009.43194944,0.01240665
1009.67875450,0.01282049
1009.92556715,0.01039951
1010.17238739,0.01453794
1010.41921522,0.01586223
1010.66605064,0.01424825
1010.91289364,0.01381371
1011.15974422,0.00928214
1011.40660239,0.01186865
1011.65346813,0.01215834
1011.90034144,0.01826252
1012.14722232,0.01455863
1012.39411078,0.01315156
1012.64100679,0.01764175
1012.88791037,0.01608985
1013.13482151,0.01569669
1013.38174020,0.01673130
1013.62866645,0.02012481
1013.87560025,0.02447015
1014.12254160,0.01671061
1014.36949049,0.02078696
1014.61644693,0.02550476
1014.86341091,0.02089042
1015.11038242,0.02095249
1015.35736147,0.02223540
1015.60434805,0.02039381
1015.85134216,0.02142841
1016.09834379,0.01960751
1016.34535295,0.01807629
1016.59236963,0.02002135
1016.83939383,0.01917297
1017.08642554,0.02099388
1017.33346476,0.01869705
1017.58051150,0.01884190
1017.82756574,0.01726930
1018.07462748,0.01621400
1018.32169673,0.01929712
1018.56877347,0.01770383
1018.81585771,0.01993858
1019.06294945,0.01569669
1019.31004867,0.01075128
1019.55715538,0.00851653
1019.80426957,0.01476555
1020.05139125,0.01728999
1020.29852041,0.01575877
1020.54565704,0.01027536
1020.79280114,0.01085474
1021.03995272,0.00508164
1021.28711177,0.01435171
1021.53427828,0.00998567
1021.78145225,0.01155827
1022.02863368,0.00628178
1022.27582257,0.00737846
1022.52301891,0.01147550
1022.77022270,0.00746123
1023.01743395,0.00870276
1023.26465263,0.00708877
1023.51187876,0.00299174
1023.75911234,0.00731639
1024.00635335,0.00582656
1024.25360179,0.00597140
1024.50085766,0.00646801
1024.74812097,0.00766815
1024.99539170,0.00528856
1025.24266985,0.00673701
1025.48995543,0.00545410
1025.73724842,0.00710947
1025.98454883,0.00899245
1026.23185665,0.00460572
1026.47917188,0.00466780
1026.72649452,0.00946837
1026.97382456,0.00787507
1027.22116200,0.00427465
1027.46850685,0.00528856
1027.71585908,0.00559894
1027.96321872,0.00785438
1028.21058574,0.00214336
1028.45796014,-0.01128583
1028.70534194,-0.01047883
1028.95273111,-0.01058229
1029.20012767,-0.01213420
1029.44753160,-0.01010637
1029.69494290,-0.00998222
