399.81288841,0.00596136
400.03045039,0.00656146
400.24802720,0.00786514
400.46561883,0.00165718
400.68322529,0.00134678
400.90084656,0.00213312
401.11848265,0.00496809
401.33613355,0.00155371
401.55379926,0.00182272
401.77147978,0.00600275
401.98917511,0.00455423
402.20688524,0.00124332
402.42461017,0.00155371
402.64234989,0.00577512
402.86010441,0.00085015
403.07787372,0.00575443
403.29565782,0.00306432
403.51345670,0.00267115
403.73127037,0.00660285
403.94909882,0.00341610
404.16694205,0.00550611
404.38480005,0.00436799
404.60267282,0.00283669
404.82056036,0.00134678
405.03846267,0.00569235
405.25637974,0.00844454
405.47431157,0.00523710
405.69225816,0.00190550
405.91021951,0.00434729
406.12819561,0.00192619
406.34618645,0.00107777
406.56419205,0.00382996
406.78221239,0.00308501
407.00024747,0.00534057
407.21829729,-0.00010174
407.43636184,0.00703741
407.65444113,0.00703741
407.87253515,0.00612691
408.09064390,0.00503017
408.30876737,0.00453353
408.52690556,0.00726503
408.74505847,0.00308501
408.96322610,0.00494740
409.18140844,0.00360234
409.39960550,0.00205035
409.61781726,0.00598206
409.83604372,0.00308501
410.05428489,0.00666493
410.27254076,0.00140886
410.49081133,0.00631315
410.70909659,0.00625107
410.92739654,0.00205035
411.14571118,0.00691325
411.36404051,0.00589928
411.58238452,0.00776167
411.80074321,0.00453353
412.01911658,0.00720295
412.23750462,0.00786514
412.45590734,0.00397482
412.67432472,0.00484393
412.89275677,0.00550611
413.11120349,0.00438868
413.32966486,0.00217451
413.54814090,0.00507156
413.76663159,0.00505086
413.98513693,0.00194688
414.20365692,0.00153302
414.42219156,0.00505086
414.64074084,0.00076737
414.85930477,0.00430591
415.07788333,0.00014658
415.29647653,0.00434729
415.51508437,0.00252629
415.73370683,0.00432660
415.95234392,0.00492670
416.17099564,0.00550611
416.38966198,0.00736850
416.60834294,0.00471977
416.82703851,0.00548542
417.04574870,0.00283669
417.26447350,0.00380927
417.48321291,0.00376788
417.70196692,0.00205035
417.92073554,0.00730642
418.13951875,0.00772028
418.35831657,0.00068460
418.57712898,0.00118124
418.79595598,0.00751335
419.01479757,0.00747197
419.23365374,0.00409898
419.45252450,0.00126401
419.67140984,0.00838247
419.89030975,0.00691325
420.10922425,0.00976891
420.32815331,0.00395412
420.54709694,0.00565096
420.76605514,0.00376788
420.98502791,0.00563027
421.20401523,0.00262976
421.42301712,0.00401620
421.64203356,0.00703741
421.86106455,0.00221590
422.08011009,0.00500948
422.29917018,0.00836177
422.51824482,0.00579582
422.73733399,0.00360234
422.95643771,0.00780306
423.17555596,0.00652008
423.39468875,0.00434729
423.61383606,0.00575443
423.83299790,0.00401620
424.05217427,0.00571304
424.27136516,0.00521641
424.49057057,0.00494740
424.70979050,0.00544403
424.92902494,0.00641661
425.14827390,0.00591998
425.36753736,0.00614760
425.58681532,0.01086565
425.80610779,0.00738919
426.02541476,0.00881702
426.24473623,0.00331263
426.46407219,0.00670632
426.68342265,0.00289877
426.90278759,0.00693394
427.12216702,0.00730642
427.34156093,0.00443007
427.56096933,0.01146575
427.78039220,0.00958267
427.99982955,0.00701671
428.21928137,0.00641661
428.43874766,0.00314709
428.65822841,0.00672701
428.87772363,0.01014139
429.09723331,0.00662354
429.31675745,0.00265045
429.53629605,0.00474046
429.75584910,0.00852732
429.97541660,0.00976891
430.19499854,0.00523710
430.41459494,0.01059664
430.63420577,0.00898257
430.85383104,0.00987237
431.07347075,0.00952059
431.29312489,0.01318328
431.51279347,0.00947920
431.73247647,0.00772028
431.95217390,0.00759612
432.17188574,0.01067941
432.39161201,0.00664424
432.61135270,0.00511294
432.83110780,0.00747197
433.05087731,0.01175545
433.27066123,0.00647869
433.49045956,0.00875494
433.71027229,0.00645800
433.93009942,0.01026555
434.14994095,0.00823761
434.36979687,0.00596136
434.58966718,0.00649939
434.80955189,0.00780306
435.02945098,0.01038970
435.24936445,0.01634934
435.46929230,0.00873425
435.68923454,0.00898257
435.90919115,0.01200377
436.12916213,0.01130020
436.34914748,0.01192100
436.56914720,0.00896187
436.78916128,0.00978960
437.00918972,0.00976891
437.22923252,0.00800999
437.44928968,0.01132090
437.66936119,0.01254180
437.88944706,0.01363853
438.10954727,0.01241764
438.32966182,0.01343160
438.54979072,0.01219001
438.76993395,0.01688737
438.99009153,0.01612172
439.21026343,0.01510775
439.43044967,0.01723915
439.65065024,0.01831520
439.87086513,0.01390755
440.09109434,0.01256249
440.31133788,0.01378339
440.53159573,0.01866698
440.75186789,0.01245902
440.97215437,0.01392824
441.19245516,0.01550092
441.41277025,0.01231417
441.63309964,0.01672182
441.85344334,0.01641142
442.07380133,0.01550092
442.29417362,0.01510775
442.51456020,0.01289358
442.73496107,0.01632865
442.95537623,0.01399032
443.17580567,0.01587340
443.39624939,0.01632865
443.61670739,0.01322467
443.83717967,0.01529399
444.05766622,0.01396963
444.27816704,0.01715638
444.49868212,0.01134159
444.71921147,0.01488013
444.93975509,0.01436280
445.16031296,0.01641142
445.38088508,0.01548023
445.60147147,0.01525260
445.82207210,0.01295566
446.04268698,0.01734262
446.26331610,0.02106739
446.48395947,0.00974822
446.70461707,0.01506636
446.92528892,0.01374200
447.14597499,0.02040521
447.36667530,0.01272803
447.58738984,0.02253661
447.80811860,0.01730123
448.02886158,0.01628726
448.24961879,0.01610102
448.47039021,0.01634934
448.69117585,0.02448176
448.91197570,0.01785995
449.13278975,0.01005861
449.35361802,0.01432141
449.57446049,0.01541815
449.79531715,0.01022416
450.01618802,0.01194169
450.23707308,0.01165199
450.45797234,0.01912223
450.67888578,0.01506636
450.89981341,0.01268665
451.12075522,0.01620449
451.34171122,0.01848074
451.56268139,0.01846005
451.78366574,0.01668043
452.00466426,0.01661835
452.22567696,0.01312121
452.44670382,0.01632865
452.66774484,0.01012069
452.88880003,0.01879114
453.10986938,0.01407309
453.33095288,0.01746677
453.55205053,0.01388685
453.77316234,0.01067941
453.99428830,0.01442488
454.21542840,0.01227278
454.43658264,0.01641142
454.65775102,0.01270734
454.87893354,0.01299705
455.10013019,0.01680459
455.32134098,0.01961887
455.54256589,0.01926708
455.76380493,0.01448696
455.98505809,0.01682529
456.20632537,0.01699083
456.42760677,0.01657697
456.64890229,0.01307982
456.87021191,0.01868767
457.09153565,0.01672182
457.31287349,0.02086046
457.53422544,0.02112947
457.75559149,0.02245383
457.97697163,0.01678390
458.19836587,0.02179165
458.41977420,0.02030174
458.64119663,0.02412998
458.86263313,0.02021897
459.08408373,0.02274354
459.30554840,0.02119155
459.52702716,0.02766852
459.74851999,0.01769440
459.97002689,0.02663386
460.19154786,0.01997065
460.41308290,0.02369542
460.63463201,0.02038451
460.85619518,0.01585271
461.07777241,0.01827381
461.29936369,0.01856351
461.52096903,0.02352988
461.74258841,0.02096392
461.96422185,0.02235037
462.18586933,0.02028105
462.40753086,0.02359196
462.62920642,0.02239175
462.85089602,0.02299186
463.07259966,0.02187442
463.29431733,0.01901876
463.51604902,0.02501979
463.73779475,0.02170888
463.95955449,0.02439899
464.18132826,0.02648900
464.40311604,0.02212274
464.62491784,0.02278492
464.84673365,0.02321948
465.06856347,0.02756505
465.29040730,0.02061214
465.51226513,0.02170888
465.73413696,0.02129501
465.95602279,0.02264007
466.17792261,0.02384028
466.39983643,0.02744089
466.62176424,0.02706841
466.84370603,0.02787545
467.06566181,0.02419206
467.28763157,0.02891011
467.50961531,0.02578544
467.73161303,0.02746158
467.95362472,0.02564058
468.17565038,0.03220032
468.39769001,0.02675802
468.61974360,0.02810307
468.84181116,0.02930328
469.06389267,0.03335914
469.28598814,0.02901357
469.50809757,0.03151745
469.73022094,0.03234518
469.95235827,0.03033794
470.17450954,0.02862040
470.39667475,0.02855832
470.61885390,0.03035863
470.84104699,0.02824793
471.06325402,0.03263488
471.28547498,0.02901357
471.50770986,0.03255211
471.72995867,0.02727535
471.95222141,0.02626138
472.17449806,0.02535088
472.39678864,0.02655108
472.61909313,0.02748228
472.84141153,0.02698564
473.06374384,0.03323498
473.28609005,0.03228310
473.50845017,0.02953090
473.73082420,0.02851694
473.95321212,0.02760644
474.17561393,0.02965506
474.39802964,0.03015170
474.62045924,0.03118636
474.84290273,0.02619930
475.06536010,0.03315221
475.28783136,0.03006893
475.51031649,0.03017239
475.73281550,0.02549573
475.95532838,0.02624069
476.17785513,0.02864110
476.40039575,0.03153814
476.62295024,0.02901357
476.84551859,0.03174507
477.06810080,0.03166230
477.29069686,0.03106220
477.51330678,0.02824793
477.73593055,0.03323498
477.95856817,0.02882733
478.18121963,0.03193131
478.40388494,0.03015170
478.62656409,0.03356607
478.84925707,0.02810307
479.07196389,0.02833070
479.29468455,0.02752366
479.51741903,0.03209686
479.74016733,0.02607514
479.96292946,0.02640623
480.18570542,0.03048279
480.40849519,0.02779267
480.63129877,0.03137260
480.85411617,0.02820654
481.07694738,0.02841347
481.29979239,0.02839278
481.52265121,0.02785475
481.74552383,0.03062764
481.96841025,0.02899288
482.19131046,0.03257280
482.41422447,0.03048279
482.63715227,0.02982061
482.86009385,0.02799961
483.08304922,0.02975853
483.30601837,0.02899288
483.52900130,0.03327637
483.75199801,0.02938605
483.97500849,0.03236587
484.19803274,0.03422826
484.42107076,0.02812377
484.64412255,0.03199339
484.86718810,0.02940674
485.09026741,0.02315740
485.31336047,0.02659247
485.53646729,0.02828931
485.75958786,0.02224690
485.98272218,0.02435761
486.20587024,0.02313671
486.42903205,0.02584752
486.65220760,0.02526811
486.87539689,0.03021378
487.09859991,0.02586821
487.32181666,0.02733742
487.54504715,0.02872387
487.76829136,0.02820654
487.99154929,0.03277973
488.21482094,0.03122774
488.43810631,0.02922050
488.66140540,0.03530430
488.88471820,0.03100012
489.10804471,0.03155884
489.33138493,0.03553193
489.55473885,0.03348330
489.77810647,0.03755986
490.00148780,0.03772540
490.22488281,0.03834620
490.44829153,0.04169850
490.67171393,0.03778748
490.89515002,0.04047760
491.11859979,0.04041552
491.34206325,0.03834620
491.56554038,0.03985680
491.78903120,0.04060176
492.01253568,0.03544915
492.23605384,0.04118117
492.45958567,0.04258830
492.68313116,0.04018789
492.90669031,0.03751847
493.13026312,0.03389717
493.35384960,0.03362815
493.57744972,0.03147606
493.80106350,0.03081388
494.02469092,0.03335914
494.24833200,0.03267627
494.47198671,0.03350399
494.69565507,0.03087596
494.91933706,0.03706322
495.14303269,0.03313152
495.36674195,0.03011031
495.59046484,0.03288320
495.81420136,0.03234518
496.03795150,0.02828931
496.26171526,0.02607514
496.48549264,0.02986199
496.70928364,0.03021378
496.93308825,0.03100012
497.15690647,0.03486975
497.38073830,0.03040002
497.60458373,0.03627688
497.82844276,0.04405752
498.05231539,0.03768402
498.27620162,0.03606995
498.50010144,0.03716669
498.72401485,0.03801511
498.94794185,0.04111909
499.17188244,0.03553193
499.39583661,0.03635965
499.61980435,0.03054487
499.84378568,0.03733223
500.06778058,0.03337984
500.29178904,0.03644243
500.51581108,0.02812377
500.73984668,0.03594579
500.96389585,0.03145537
501.18795858,0.03321429
501.41203486,0.03805650
501.63612470,0.03520084
501.86022809,0.03888422
502.08434503,0.04043621
502.30847551,0.03859452
502.53261954,0.03573886
502.75677711,0.03135190
502.98094822,0.03590440
503.20513286,0.03776679
503.42933104,0.03575955
503.65354274,0.03275904
503.87776797,0.03033794
504.10200673,0.02762713
504.32625901,0.03011031
504.55052480,0.02839278
504.77480411,0.02719257
504.99909694,0.02561989
505.22340327,0.03199339
505.44772312,0.02804099
505.67205646,0.02551642
505.89640331,0.02624069
506.12076366,0.02435761
506.34513750,0.02501979
506.56952484,0.02373681
506.79392567,0.02278492
507.01833999,0.02537157
507.24276779,0.02922050
507.46720907,0.02756505
507.69166384,0.02806169
507.91613208,0.02884803
508.14061380,0.02965506
508.36510898,0.03054487
508.58961764,0.03104151
508.81413976,0.03302805
509.03867534,0.03288320
509.26322439,0.03321429
509.48778689,0.03118636
509.71236285,0.03472489
509.93695226,0.03261419
510.16155512,0.03439380
510.38617142,0.03288320
510.61080117,0.03100012
510.83544436,0.03267627
511.06010099,0.03259349
511.28477105,0.03832551
511.50945454,0.03609064
511.73415147,0.03553193
511.95886182,0.03066903
512.18358560,0.03238656
512.40832280,0.02613722
512.63307341,0.03211755
512.85783745,0.02907565
513.08261489,0.02578544
513.30740575,0.02986199
513.53221001,0.02841347
513.75702768,0.03091735
513.98185875,0.02489563
514.20670322,0.02833070
514.43156109,0.02754436
514.65643235,0.02574405
514.88131700,0.02435761
515.10621504,0.03282112
515.33112647,0.02820654
515.55605128,0.02808238
515.78098946,0.03085527
516.00594103,0.02870318
516.23090597,0.02684079
516.45588428,0.03298666
516.68087596,0.02555781
516.90588100,0.03033794
517.13089941,0.02545434
517.35593118,0.02619930
517.58097631,0.02599237
517.80603479,0.02636485
518.03110663,0.02317809
518.25619181,0.02762713
518.48129034,0.02481286
518.70640222,0.02690287
518.93152743,0.02427483
519.15666598,0.02605445
519.38181787,0.02170888
519.60698310,0.02768921
519.83216165,0.02390236
520.05735353,0.02131571
520.28255873,0.02013620
520.50777726,0.02063283
520.73300910,0.02566128
520.95825426,0.02489563
521.18351273,0.02725465
521.40878452,0.02930328
521.63406961,0.02607514
521.85936801,0.02601306
522.08467971,0.02458523
522.31000471,0.02795822
522.53534300,0.02700633
522.76069459,0.03195201
522.98605947,0.03228310
523.21143764,0.03311082
523.43682910,0.03600787
523.66223383,0.03131052
523.88765185,0.03164161
524.11308315,0.03277973
524.33852772,0.03718738
524.56398556,0.03315221
524.78945667,0.03580094
525.01494104,0.03923601
525.24043868,0.03687698
525.46594959,0.03958779
525.69147374,0.04581644
525.91701116,0.04043621
526.14256182,0.04093285
526.36812574,0.04138810
526.59370290,0.04409891
526.81929331,0.03996027
527.04489696,0.04147087
527.27051384,0.03921531
527.49614396,0.03778748
527.72178732,0.03882214
527.94744390,0.03718738
528.17311372,0.03969126
528.39879675,0.04227791
528.62449301,0.04076730
528.85020249,0.04362296
529.07592518,0.04461624
529.30166109,0.04223652
529.52741021,0.04889973
529.75317254,0.05336945
529.97894807,0.04678902
530.20473680,0.05241757
530.43053874,0.05307975
530.65635387,0.06007405
530.88218219,0.05336945
531.10802371,0.05663898
531.33387841,0.05792196
531.55974630,0.05570778
531.78562738,0.05562501
532.01152163,0.05908077
532.23742906,0.05218994
532.46334967,0.05281074
532.68928344,0.05423857
532.91523039,0.05374193
533.14119051,0.05887384
533.36716378,0.05192093
533.59315022,0.05537669
533.81914982,0.05475590
534.04516257,0.06326080
534.27118847,0.05634927
534.49722752,0.05570778
534.72327973,0.06017751
534.94934507,0.05676314
535.17542356,0.06272278
535.40151518,0.05742532
535.62761994,0.05678383
535.85373784,0.05396956
536.07986886,0.06336426
536.30601301,0.06278485
536.53217029,0.06044652
536.75834069,0.05388678
536.98452420,0.05922563
537.21072084,0.05814958
537.43693059,0.06245376
537.66315345,0.05715631
537.88938941,0.06170881
538.11563848,0.06135702
538.34190066,0.05955672
538.56817593,0.05895662
538.79446431,0.05812889
539.02076577,0.05657690
539.24708033,0.06034306
539.47340798,0.06137772
539.69974871,0.06208129
539.92610252,0.06135702
540.15246942,0.06088108
540.37884939,0.06415061
540.60524244,0.07004816
540.83164856,0.06481279
541.05806775,0.06957222
541.28450001,0.07079312
541.51094533,0.07677345
541.73740371,0.07733217
541.96387515,0.07799435
542.19035965,0.07406264
542.41685719,0.08142942
542.64336779,0.08031198
542.86989144,0.08080862
543.09642813,0.07046203
543.32297786,0.07395918
543.54954063,0.07019302
543.77611643,0.07606988
544.00270527,0.07104144
544.22930714,0.07818059
544.45592204,0.07046203
544.68254996,0.06982054
544.90919091,0.06847548
545.13584487,0.07153807
545.36251185,0.06615784
545.58919184,0.06773053
545.81588485,0.06698557
546.04259086,0.06731666
546.26930988,0.06814439
546.49604191,0.06961361
546.72278693,0.06402645
546.94954495,0.06570259
547.17631596,0.06764775
547.40309997,0.07023440
547.62989696,0.06996539
547.85670694,0.07168293
548.08352991,0.08159496
548.31036585,0.07180708
548.53721477,0.07366947
548.76407667,0.07824267
548.99095154,0.07747702
549.21783938,0.07282105
549.44474018,0.07553186
549.67165395,0.07538701
549.89858069,0.07791157
550.12552038,0.07615265
550.35247302,0.07071035
550.57943862,0.07451789
550.80641717,0.07064827
551.03340866,0.07569740
551.26041310,0.08006367
551.48743048,0.08157427
551.71446081,0.07787019
551.94150406,0.08207091
552.16856025,0.08534043
552.39562937,0.09140353
552.62271142,0.08531974
552.84980640,0.08747183
553.07691429,0.08722351
553.30403511,0.08705796
553.53116884,0.09361770
553.75831549,0.09450751
553.98547505,0.09839783
554.21264752,0.09390741
554.43983289,0.09305899
554.66703116,0.09792189
554.89424234,0.09976358
555.12146641,0.10216399
555.34870338,0.09817020
555.57595324,0.10299172
555.80321599,0.10127418
556.03049162,0.09901863
556.25778014,0.10106725
556.48508154,0.10663372
556.71239582,0.10971700
556.93972297,0.10859957
557.16706300,0.10746145
557.39441589,0.10866165
557.62178165,0.11317277
557.84916028,0.11277960
558.07655177,0.11431089
558.30395611,0.11480753
558.53137331,0.11371079
558.75880337,0.11180702
558.98624627,0.11135177
559.21370202,0.10628193
559.44117062,0.10143973
559.66865206,0.10357113
559.89614634,0.10338489
560.12365345,0.09649406
560.35117340,0.09891516
560.57870618,0.09523177
560.80625179,0.08591984
561.03381022,0.09014125
561.26138148,0.09214849
561.48896555,0.09138284
561.71656244,0.09098967
561.94417215,0.08858926
562.17179467,0.08631301
562.39942999,0.08494726
562.62707812,0.08627162
562.85473906,0.09192086
563.08241279,0.09343147
563.31009933,0.09036887
563.53779866,0.10096379
563.76551078,0.09411434
563.99323568,0.09324523
564.22097338,0.09214849
564.44872386,0.09105175
564.67648712,0.09742525
564.90426316,0.09382464
565.13205197,0.08966530
565.35985356,0.09223126
565.58766792,0.09734248
565.81549504,0.09384533
566.04333493,0.10183290
566.27118758,0.09082412
566.49905298,0.08875480
566.72693115,0.08954115
566.95482207,0.09026541
567.18272573,0.09003778
567.41064215,0.09303829
567.63857131,0.08776153
567.86651321,0.08643717
568.09446785,0.08322972
568.32243523,0.09069996
568.55041534,0.08724420
568.77840819,0.08949976
569.00641376,0.08461617
569.23443206,0.08602330
569.46246308,0.08763737
569.69050682,0.09096898
569.91856327,0.08745113
570.14663244,0.08815470
570.37471433,0.08654063
570.60280892,0.09096898
570.83091622,0.08817540
571.05903622,0.08970669
571.28716892,0.08720282
571.51531432,0.09179670
571.74347241,0.09167254
571.97164320,0.09117591
572.19982667,0.09214849
572.42802284,0.09825298
572.65623168,0.09926694
572.88445321,0.10450232
573.11268742,0.09939110
573.34093430,0.09545940
573.56919385,0.10175013
573.79746608,0.09781842
574.02575097,0.10489549
574.25404853,0.10425400
574.48235874,0.10214330
574.71068162,0.10655095
574.93901715,0.09949457
575.16736534,0.10766838
575.39572618,0.10934453
575.62409966,0.10862026
575.85248579,0.10930314
576.08088456,0.10936522
576.30929597,0.11511793
576.53772002,0.11693893
576.76615671,0.11706308
576.99460602,0.12118103
577.22306796,0.11952557
577.45154253,0.12542313
577.68002972,0.12329173
577.90852953,0.12248470
578.13704196,0.12320896
578.36556700,0.12341589
578.59410465,0.11886339
578.82265492,0.12318827
579.05121779,0.12306411
579.27979326,0.11627674
579.50838133,0.11308999
579.73698201,0.11538694
579.96559527,0.11623536
580.19422113,0.11559387
580.42285958,0.11071028
580.65151062,0.11248989
580.88017424,0.10961354
581.10885044,0.10992394
581.33753922,0.11838745
581.56624057,0.10810293
581.79495450,0.10773046
582.02368100,0.10404707
582.25242007,0.10501965
582.48117170,0.10783392
582.70993589,0.11364871
582.93871264,0.11147592
583.16750195,0.11019295
583.39630381,0.10694412
583.62511822,0.11443505
583.85394518,0.11153800
584.08278469,0.11106206
584.31163674,0.11443505
584.54050133,0.11532486
584.76937845,0.12089132
584.99826811,0.11755972
585.22717030,0.12178113
585.45608502,0.11507654
585.68501226,0.12798909
585.91395203,0.12960316
586.14290432,0.13185871
586.37186912,0.12465748
586.60084644,0.13336932
586.82983628,0.13413496
587.05883862,0.13483853
587.28785347,0.13525240
587.51688082,0.14185352
587.74592067,0.13988767
587.97497302,0.13705270
588.20403787,0.14323997
588.43311520,0.14748207
588.66220503,0.15364864
588.89130735,0.14812356
589.12042215,0.15011011
589.34954943,0.15729064
589.57868919,0.15302784
589.80784142,0.16167760
590.03700613,0.15983590
590.26618331,0.15863570
590.49537296,0.15964966
590.72457507,0.15110338
590.95378964,0.14866158
591.18301667,0.14988248
591.41225616,0.14404700
591.64150811,0.14224669
591.87077250,0.14450225
592.10004934,0.14334343
592.32933863,0.14408839
592.55864036,0.14446086
592.78795453,0.14330205
593.01728114,0.14501958
593.24662018,0.14379868
593.47597165,0.13932895
593.70533555,0.13413496
593.93471188,0.14379868
594.16410063,0.14315719
594.39350180,0.14139827
594.62291539,0.13657676
594.85234140,0.13978420
595.08177981,0.13893578
595.31123064,0.12918929
595.54069387,0.12587838
595.77016951,0.12749245
595.99965755,0.12420223
596.22915798,0.12610601
596.45867081,0.12554729
596.68819604,0.12931345
596.91773365,0.12182252
597.14728365,0.12385045
597.37684603,0.12604393
597.60642080,0.13026534
597.83600795,0.14367452
598.06560747,0.14766831
598.29521936,0.14346759
598.52484363,0.14884782
598.75448026,0.14702682
598.98412926,0.14599216
599.21379062,0.14735791
599.44346434,0.15166209
599.67315042,0.14990317
599.90284885,0.15580073
600.13255963,0.16213285
600.36228276,0.16304335
600.59201824,0.16691297
600.82176606,0.16809248
601.05152622,0.16434702
601.28129871,0.16869259
601.51108354,0.17492124
601.74088070,0.17382450
601.97069019,0.18104642
602.20051201,0.17305885
602.43034615,0.17519025
602.66019261,0.17481777
602.89005139,0.18346752
603.11992249,0.18468842
603.34980589,0.18435733
603.57970161,0.18601278
603.80960963,0.18756477
604.03952996,0.19234490
604.26946259,0.20403655
604.49940751,0.19772513
604.72936474,0.19565581
604.95933425,0.19726988
605.18931606,0.20000138
605.41931015,0.20347784
605.64931653,0.21053421
605.87933519,0.20858905
606.10936612,0.21682494
606.33940934,0.23468316
606.56946483,0.24304321
606.79953259,0.24792680
607.02961261,0.26263966
607.25970490,0.27453824
607.48980946,0.27290348
607.71992627,0.28223611
607.95005534,0.28743010
608.18019667,0.29390706
608.41035024,0.30468821
608.64051607,0.30934418
608.87069414,0.32213257
609.10088445,0.32105653
609.33108700,0.33649364
609.56130179,0.33231362
609.79152882,0.33314135
610.02176808,0.32540209
610.25201956,0.32695408
610.48228328,0.33694889
610.71255921,0.34305338
610.94284737,0.34661261
611.17314775,0.34369487
611.40346034,0.33415531
611.63378514,0.34243259
611.86412215,0.33866643
612.09447137,0.32010464
612.32483280,0.30468821
612.55520642,0.28627128
612.78559225,0.27569706
613.01599027,0.26702661
613.24640048,0.25529358
613.47682288,0.24287766
613.70725747,0.23669040
613.93770425,0.22638519
614.16816321,0.22143952
614.39863434,0.22059110
614.62911766,0.22135675
614.85961314,0.20852697
615.09012080,0.20236040
615.32064063,0.20558854
615.55117262,0.20778202
615.78171677,0.19722849
616.01227308,0.20966510
616.24284156,0.20670597
616.47342218,0.20534022
616.70401496,0.21069976
616.93461988,0.20800964
617.16523695,0.20829935
617.39586617,0.19139301
617.62650752,0.18911676
617.85716101,0.17779759
618.08782664,0.17481777
618.31850440,0.16275364
618.54919429,0.16192591
618.77989630,0.15220012
619.01061044,0.14748207
619.24133670,0.13634914
619.47207508,0.13467299
619.70282557,0.13154832
619.93358818,0.13237604
620.16436289,0.12654056
620.39514972,0.12256747
620.62594864,0.11890478
620.85675967,0.12109826
621.08758280,0.11578011
621.31841802,0.10079824
621.54926534,0.10270201
621.78012475,0.09630782
622.01099624,0.09179670
622.24187982,0.09510761
622.47277549,0.09566633
622.70368323,0.09361770
622.93460305,0.08602330
623.16553494,0.08860995
623.39647890,0.08571291
623.62743493,0.08881688
623.85840303,0.08503003
624.08938319,0.08351943
624.32037541,0.08416092
624.55137968,0.09020333
624.78239602,0.08478171
625.01342440,0.08043614
625.24446483,0.08058100
625.47551731,0.08366428
625.70658183,0.08476102
625.93765839,0.08558875
626.16874699,0.08947907
626.39984763,0.07973258
626.63096029,0.08498864
626.86208499,0.08589914
627.09322171,0.09007917
627.32437046,0.09069996
627.55553123,0.09496276
627.78670401,0.09738386
628.01788882,0.09980497
628.24908563,0.10756491
628.48029446,0.10514381
628.71151529,0.11524208
628.94274813,0.11598704
629.17399296,0.12763730
629.40524980,0.13258298
629.63651863,0.13868747
629.86779946,0.14669573
630.09909228,0.14833049
630.33039709,0.15375211
630.56171388,0.16840288
630.79304265,0.16262948
631.02438340,0.17355549
631.25573613,0.17823215
631.48710084,0.17868740
631.71847751,0.17990829
631.94986615,0.19017212
632.18126676,0.19064806
632.41267933,0.19656631
632.64410387,0.19155856
632.87554035,0.19397966
633.10698880,0.20240179
633.33844919,0.20403655
633.56992154,0.20980995
633.80140583,0.22117051
634.03290207,0.22170853
634.26441024,0.22545400
634.49593035,0.23054452
634.72746240,0.24045656
634.95900638,0.24792680
635.19056229,0.26028063
635.42213013,0.26657136
635.65370989,0.27880104
635.88530158,0.28476067
636.11690518,0.28513315
636.34852069,0.29274824
636.58014812,0.29581084
636.81178746,0.29138249
637.04343871,0.29527281
637.27510187,0.28740940
637.50677692,0.28834060
637.73846387,0.29260339
637.97016272,0.27989778
638.20187347,0.28745079
638.43359610,0.28190501
638.66533062,0.28519523
638.89707703,0.29564529
639.12883532,0.29301726
639.36060549,0.29947353
639.59238754,0.29606957
639.82418146,0.29648049
640.05598725,0.28789949
640.28780491,0.28602554
640.51963444,0.29855206
640.75147583,0.29208185
640.98332908,0.30514353
641.21519419,0.29839293
641.44707115,0.29226113
641.67895997,0.28399997
641.91086063,0.28213405
642.14277314,0.27847353
642.37469750,0.27185454
642.60663369,0.25765309
642.83858172,0.25214469
643.07054159,0.25216588
643.30251329,0.24876204
643.53449683,0.25604213
643.76649218,0.25187610
643.99849937,0.24387714
644.23051837,0.24450131
644.46254919,0.24072069
644.69459183,0.23711978
644.92664628,0.23514227
645.15871254,0.23964594
645.39079061,0.23091572
645.62288049,0.24032244
645.85498217,0.22137666
646.08709564,0.22434801
646.31922091,0.21231441
646.55135798,0.22185396
646.78350684,0.21647003
647.01566748,0.21573959
647.24783991,0.20912308
647.48002413,0.21747966
647.71222012,0.22077126
647.94442789,0.22300036
648.17664744,0.22346455
648.40887875,0.22665048
648.64112184,0.22570447
648.87337669,0.21362445
649.10564331,0.20772217
649.33792168,0.21639078
649.57021181,0.21319869
649.80251370,0.21378195
650.03482734,0.21663748
650.26715273,0.21748085
650.49948987,0.21036423
650.73183875,0.20659904
650.96419937,0.19651714
651.19657173,0.19879912
651.42895582,0.19592410
651.66135165,0.20343817
651.89375921,0.20586555
652.12617849,0.20149268
652.35860950,0.20606390
652.59105224,0.20401017
652.82350669,0.20223640
653.05597285,0.20730052
653.28845073,0.20082130
653.52094032,0.20720451
653.75344162,0.21169726
653.98595462,0.21204805
654.21847933,0.20836609
654.45101573,0.20211355
654.68356383,0.21078337
654.91612363,0.21310505
655.14869511,0.19655741
655.38127829,0.20492934
655.61387315,0.19956818
655.84647969,0.20077559
656.07909792,0.20300364
656.31172782,0.20128590
656.54436939,0.19136656
656.77702264,0.19081051
657.00968756,0.19584410
657.24236414,0.20231278
657.47505238,0.20661484
657.70775229,0.20221544
657.94046385,0.20221499
658.17318707,0.20785124
658.40592195,0.21489366
658.63866847,0.21879892
658.87142663,0.22378739
659.10419645,0.22629317
659.33697790,0.21973241
659.56977099,0.22794799
659.80257572,0.22686605
660.03539208,0.23273661
660.26822007,0.22592087
660.50105969,0.22543820
660.73391093,0.23025950
660.96677380,0.22812132
661.19964828,0.22542916
661.43253438,0.22787417
661.66543209,0.22338163
661.89834142,0.23171921
662.13126235,0.21877723
662.36419489,0.22510603
662.59713903,0.23493147
662.83009477,0.22479970
663.06306210,0.22346266
663.29604103,0.23234019
663.52903155,0.23295397
663.76203367,0.22791899
663.99504736,0.22395432
664.22807264,0.22451227
664.46110950,0.21614899
664.69415794,0.21879428
664.92721795,0.21022432
665.16028953,0.20252594
665.39337269,0.20079919
665.62646740,0.19498935
665.85957369,0.19427097
666.09269153,0.19134429
666.32582093,0.18769102
666.55896189,0.18162695
666.79211440,0.18160514
667.02527846,0.18586793
667.25845406,0.17378311
667.49164121,0.16885813
667.72483991,0.17285192
667.95805014,0.17086537
668.19127190,0.16600247
668.42450520,0.16800971
668.65775003,0.16105680
668.89100639,0.16130512
669.12427427,0.16554722
669.35755368,0.16341582
669.59084460,0.16124304
669.82414704,0.16803041
670.05746099,0.17278984
670.29078646,0.17829423
670.52412343,0.17324509
670.75747191,0.17521094
670.99083189,0.17713541
671.22420337,0.18106711
671.45758635,0.18195692
671.69098082,0.19112400
671.92438678,0.18851666
672.15780424,0.20091188
672.39123317,0.20312605
672.62467360,0.20860975
672.85812550,0.20997550
673.09158888,0.22038417
673.32506373,0.20285704
673.55855006,0.20505052
673.79204785,0.20163614
674.02555712,0.19919435
674.25907784,0.19325540
674.49261003,0.20233971
674.72615367,0.20018762
674.95970878,0.19917365
675.19327533,0.19933920
675.42685333,0.20651973
675.66044278,0.19913227
675.89404368,0.20929262
676.12765601,0.20852697
676.36127979,0.20577478
676.59491500,0.21105154
676.82856165,0.20654043
677.06221972,0.20685082
677.29588922,0.20852697
677.52957015,0.21245868
677.76326250,0.20583686
677.99696627,0.20703706
678.23068146,0.20941678
678.46440806,0.21043075
678.69814607,0.20562993
678.93189549,0.19782859
679.16565631,0.20173961
679.39942854,0.19056529
679.63321217,0.18686121
679.86700720,0.18559892
680.10081361,0.18075672
680.33463143,0.18599209
680.56846063,0.17367965
680.80230121,0.16974794
681.03615318,0.16947893
681.27001653,0.16803041
681.50389126,0.17297608
681.73777736,0.17202419
681.97167484,0.17204488
682.20558368,0.17012042
682.43950390,0.17657669
682.67343547,0.16666465
682.90737841,0.16923061
683.14133270,0.16902368
683.37529836,0.16488504
683.60927536,0.16101541
683.84326371,0.15840807
684.07726341,0.15660777
684.31127446,0.15958758
684.54529685,0.16058086
684.77933057,0.15741480
685.01337564,0.16391246
685.24743203,0.17264499
685.48149976,0.18940647
685.71557881,0.19561442
685.94966919,0.20600240
686.18377090,0.21194135
686.41788392,0.22026001
686.65200826,0.22193616
686.88614391,0.22504014
687.12029088,0.22396409
687.35444915,0.22222586
687.58861873,0.22114982
687.82279961,0.22021862
688.05699179,0.22247418
688.29119527,0.22081873
688.52541004,0.22953056
688.75963611,0.23315187
688.99387346,0.23453831
689.22812210,0.24560916
689.46238203,0.25510734
689.69665323,0.25959776
689.93093571,0.27120664
690.16522947,0.26609542
690.39953450,0.27795262
690.63385080,0.28476067
690.86817837,0.28923040
691.10251720,0.29326557
691.33686730,0.30003225
691.57122865,0.29173428
691.80560125,0.29508658
692.03998511,0.29688688
692.27438023,0.29839749
692.50878658,0.29531420
692.74320419,0.29564529
692.97763303,0.29245854
693.21207312,0.29527281
693.44652444,0.29258270
693.68098699,0.29667995
693.91546077,0.30754387
694.14994579,0.31462094
694.38444203,0.31989771
694.61894949,0.32581596
694.85346817,0.33239639
695.08799806,0.32548487
695.32253918,0.32304307
695.55709150,0.32176009
695.79165503,0.32300168
696.02622977,0.32672646
696.26081571,0.32656091
696.49541285,0.32041504
696.73002119,0.32714032
696.96464072,0.32515378
697.19927145,0.32316723
697.43391336,0.31791116
697.66856647,0.33440363
697.90323075,0.32341555
698.13790622,0.32473991
698.37259286,0.31803532
698.60729068,0.33003737
698.84199967,0.32612636
699.07671984,0.34067367
699.31145117,0.34017703
699.54619366,0.34950966
699.78094731,0.34801975
700.01571213,0.36252567
700.25048810,0.36521579
700.48527522,0.36978898
700.72007349,0.37363791
700.95488292,0.37725922
701.18970348,0.38129439
701.42453519,0.38712987
701.65937804,0.39422764
701.89423202,0.41258249
702.12909714,0.42164611
702.36397339,0.42023897
702.59886077,0.42696426
702.83375927,0.42535019
703.06866889,0.41727985
703.30358964,0.42429484
703.53852150,0.41727985
703.77346448,0.40126332
704.00841857,0.38201865
704.24338376,0.37874913
704.47836007,0.37218939
704.71334748,0.37247910
704.94834598,0.36320855
705.18335559,0.36645738
705.41837629,0.34462607
705.65340808,0.34083921
705.88845096,0.34766796
706.12350493,0.35379315
706.35856998,0.35722822
706.59364612,0.35851119
706.82873333,0.36939581
707.06383161,0.38485362
707.29894097,0.38446045
707.53406141,0.39693844
707.76919290,0.40039421
708.00433546,0.43046141
708.23948909,0.43764194
708.47465377,0.45061657
708.70982951,0.43751778
708.94501630,0.43969057
709.18021414,0.42913704
709.41542303,0.43242726
709.65064297,0.42601237
709.88587395,0.41812827
710.12111597,0.40987168
710.35636902,0.39395862
710.59163311,0.38328094
710.82690823,0.37616248
711.06219437,0.37318266
711.29749155,0.36463638
711.53279974,0.36720233
711.76811896,0.37214800
712.00344920,0.36914749
712.23879044,0.38435699
712.47414270,0.37655565
712.70950597,0.36813353
712.94488025,0.36391212
713.18026553,0.37502436
713.41566181,0.37059602
713.65106908,0.37781794
713.88648736,0.38183242
714.12191662,0.37876982
714.35735688,0.36678847
714.59280812,0.37009938
714.82827034,0.35567623
715.06374355,0.34787490
715.29922774,0.33442432
715.53472290,0.32943727
715.77022903,0.31836641
716.00574614,0.32033226
716.24127421,0.31207568
716.47681324,0.30437782
716.71236324,0.29914244
716.94792420,0.30189463
717.18349611,0.30156354
717.41907898,0.30818536
717.65467280,0.30036334
717.89027757,0.30150146
718.12589328,0.29326557
718.36151993,0.28633336
718.59715752,0.27536597
718.83280605,0.27052376
719.06846552,0.26156361
719.30413591,0.26586779
719.53981724,0.25572813
719.77550949,0.25949429
720.01121266,0.27089624
720.24692676,0.27306902
720.48265177,0.29096863
720.71838769,0.29667995
720.95413453,0.30284652
721.18989228,0.31828364
721.42566093,0.31478649
721.66144049,0.32728517
721.89723095,0.31702135
722.13303231,0.32606428
722.36884456,0.32024949
722.60466770,0.31993909
722.84050173,0.31853196
723.07634666,0.31155835
723.31220246,0.30406742
723.54806915,0.30439851
723.78394671,0.28598157
724.01983515,0.27880104
724.25573447,0.26665414
724.49164465,0.26590918
724.72756571,0.25471417
724.96349762,0.25076177
725.19944040,0.25069969
725.43539404,0.25206544
725.67135854,0.24612649
725.90733388,0.24411925
726.14332008,0.25173435
726.37931713,0.24463658
726.61532503,0.23592475
726.85134376,0.23811823
727.08737334,0.23890457
727.32341375,0.23747674
727.55946500,0.23079284
727.79552708,0.23433138
728.03159998,0.23896665
728.26768372,0.23629723
728.50377827,0.24641620
728.73988365,0.24980988
728.97599985,0.24498837
729.21212686,0.24445035
729.44826468,0.24372608
729.68441331,0.24194647
729.92057275,0.24283628
730.15674299,0.24931324
730.39292403,0.24767848
730.62911587,0.24287766
730.86531851,0.22901323
731.10153194,0.22671628
731.33775616,0.22160507
731.57399117,0.21173442
731.81023696,0.19890464
732.04649353,0.19555234
732.28276088,0.17885294
732.51903901,0.17541787
732.75532791,0.16469880
732.99162758,0.15979452
733.22793802,0.15128962
733.46425923,0.14750276
733.70059119,0.14129481
733.93693392,0.13392803
734.17328740,0.13941173
734.40965164,0.13887370
734.64602662,0.13947381
734.88241236,0.14232947
735.11880884,0.15048258
735.35521607,0.14220531
735.59163403,0.14489542
735.82806273,0.14700613
736.06450217,0.15321408
736.30095234,0.15712510
736.53741323,0.16461603
736.77388486,0.18448149
737.01036720,0.18816488
737.24686027,0.20186377
737.48336406,0.21465216
737.71987856,0.22555747
737.95640377,0.23726981
738.19293969,0.24765779
738.42948632,0.26373640
738.66604365,0.27503488
738.90261169,0.27733182
739.13919042,0.28763703
739.37577985,0.28660237
739.61237997,0.27726974
739.84899078,0.27232407
740.08561228,0.27073069
740.32224446,0.25794230
740.55888732,0.24674729
740.79554087,0.23716634
741.03220509,0.22632311
741.26887998,0.22075665
741.50556555,0.21084461
741.74226178,0.20596102
741.97896868,0.19998069
742.21568624,0.19046182
742.45241446,0.18162583
742.68915333,0.18203969
742.92590286,0.17829423
743.16266304,0.17674224
743.39943387,0.16906506
743.63621535,0.17078260
743.87300747,0.16565069
744.10981023,0.15617321
744.34662363,0.15470399
744.58344766,0.15371072
744.82028232,0.14973763
745.05712761,0.15077229
745.29398353,0.14973763
745.53085007,0.15073090
745.76772724,0.14644741
746.00461502,0.14688197
746.24151341,0.14340551
746.47842242,0.15033773
746.71534204,0.15002733
746.95227227,0.14893059
747.18921310,0.15414528
747.42616453,0.15741480
747.66312656,0.16612663
747.90009918,0.15499370
748.13708240,0.16769931
748.37407621,0.16784417
748.61108061,0.16051878
748.84809559,0.16113957
749.08512115,0.16298127
749.32215730,0.15157932
749.55920401,0.15520063
749.79626131,0.14977901
750.03332917,0.15604905
750.27040760,0.15722856
750.50749660,0.15604905
750.74459616,0.15528340
750.98170628,0.15182764
751.21882695,0.15203457
751.45595818,0.14477126
751.69309997,0.15329686
751.93025230,0.15462122
752.16741517,0.14723375
752.40458859,0.14739930
752.64177256,0.14450225
752.87896705,0.15025496
753.11617209,0.14398492
753.35338765,0.14944792
753.59061374,0.15122754
753.82785037,0.16395385
754.06509751,0.16631287
754.30235518,0.17529371
754.53962336,0.18992380
754.77690206,0.20105673
755.01419127,0.21163095
755.25149099,0.22348815
755.48880122,0.23120671
755.72612195,0.24095320
755.96345319,0.24542293
756.20079492,0.24283628
756.43814715,0.24211202
756.67550987,0.24285697
756.91288309,0.23822170
757.15026679,0.23700080
757.38766097,0.22804065
757.62506564,0.22092219
757.86248079,0.21529364
758.09990641,0.20434695
758.33734251,0.20171891
758.57478908,0.19139301
758.81224612,0.19449699
759.04971362,0.18667497
759.28719159,0.18321920
759.52468001,0.17332786
759.76217889,0.17779759
759.99968823,0.16339513
760.23720802,0.15604905
760.47473826,0.14773039
760.71227894,0.14667504
760.94983007,0.14245363
761.18739164,0.13808736
761.42496364,0.13560418
761.66254608,0.14557830
761.90013895,0.14830980
762.13774226,0.14762692
762.37535598,0.13676300
762.61298014,0.13072059
762.85061471,0.13127930
763.08825970,0.13413496
763.32591511,0.13634914
763.56358093,0.14547483
763.80125716,0.15594558
764.03894380,0.16445048
764.27664084,0.17274845
764.51434829,0.17357618
764.75206613,0.18249494
764.98979437,0.18195692
765.22753300,0.18653011
765.46528203,0.19457976
765.70304144,0.19226213
765.94081124,0.19319332
766.17859142,0.19507640
766.41638197,0.20670597
766.65418291,0.20039455
766.89199422,0.20238110
767.12981590,0.18754408
767.36764795,0.19112400
767.60549036,0.18719230
767.84334314,0.18259841
768.08120628,0.17043081
768.31907977,0.16587831
768.55696362,0.16695436
768.79485782,0.16293988
769.03276238,0.15913233
769.27067727,0.16105680
769.50860251,0.15306923
769.74653809,0.15851154
769.98448401,0.16233978
770.22244027,0.16422286
770.46040685,0.16966517
770.69838377,0.16521613
770.93637101,0.17289330
771.17436858,0.17608006
771.41237647,0.18431594
771.65039468,0.18518506
771.88842320,0.18456426
772.12646204,0.18653011
772.36451118,0.18079810
772.60257064,0.17802521
772.84064039,0.16966517
773.07872045,0.16978933
773.31681081,0.16579554
773.55491147,0.16465742
773.79302242,0.16565069
774.03114366,0.16304335
774.26927519,0.16618871
774.50741700,0.15904956
774.74556910,0.15586281
774.98373147,0.15284161
775.22190413,0.14998595
775.46008705,0.14770970
775.69828025,0.14493681
775.93648372,0.15435221
776.17469745,0.15379349
776.41292145,0.16024977
776.65115570,0.16134651
776.88940022,0.16457464
777.12765499,0.16074640
777.36592001,0.16989279
777.60419528,0.16664396
777.84248079,0.16486435
778.08077655,0.16484365
778.31908256,0.17123785
778.55739879,0.16045670
778.79572527,0.15973244
779.03406198,0.15849085
779.27240891,0.14744068
779.51076608,0.13891509
779.74913346,0.14361244
779.98751107,0.14220531
780.22589890,0.16138789
780.46429695,0.13715617
780.70270520,0.13999114
780.94112367,0.13187941
781.17955235,0.14177075
781.41799123,0.13452813
781.65644031,0.14017738
781.89489959,0.13785974
782.13336907,0.13715617
782.37184874,0.13314169
782.61033861,0.13721825
782.84883866,0.14046708
783.08734890,0.13307961
783.32586931,0.13113445
783.56439991,0.13127930
783.80294069,0.12362283
784.04149164,0.13283129
784.28005276,0.13394873
784.51862406,0.14512305
784.75720551,0.14816495
784.99579713,0.14965485
785.23439891,0.15652499
785.47301085,0.15809768
785.71163295,0.15878055
785.95026519,0.16049809
786.18890759,0.16291919
786.42756013,0.16105680
786.66622282,0.15470399
786.90489564,0.16310543
787.14357861,0.15155863
787.38227171,0.14783385
787.62097494,0.14909614
787.85968831,0.14599216
788.09841180,0.13699062
788.33714541,0.13181733
788.57588915,0.12730621
788.81464301,0.12416085
789.05340698,0.12442986
789.29218106,0.12374698
789.53096526,0.11958765
789.76975956,0.11422812
790.00856397,0.11431089
790.24737848,0.12287787
790.48620309,0.11232435
790.72503780,0.12122242
790.96388260,0.12376768
791.20273749,0.12519551
791.44160247,0.12163628
791.68047754,0.12242262
791.91936269,0.11693893
792.15825792,0.11453852
792.39716323,0.12755453
792.63607861,0.12432639
792.87500406,0.11675269
793.11393958,0.12176044
793.35288517,0.11979459
793.59184082,0.11505585
793.83080653,0.11470406
794.06978230,0.11747695
794.30876813,0.12105687
794.54776401,0.11578011
794.78676993,0.11232435
795.02578591,0.11871854
795.26481193,0.11896686
795.50384798,0.11455921
795.74289408,0.11818052
795.98195022,0.12327104
796.22101638,0.12120172
796.46009258,0.12542313
796.69917880,0.13260367
796.93827505,0.12707859
797.17738132,0.12484372
797.41649761,0.12865127
797.65562392,0.12718205
797.89476024,0.12490580
798.13390657,0.12349867
798.37306290,0.12999633
798.61222925,0.11838745
798.85140559,0.11898755
799.09059194,0.11358663
799.32978828,0.12442986
799.56899462,0.11424881
799.80821094,0.12186390
800.04743726,0.11927726
800.28667356,0.11551110
800.52591985,0.11184840
800.76517611,0.11112414
801.00444236,0.11780804
801.24371857,0.11300722
801.48300476,0.11847022
801.72230092,0.11586288
801.96160705,0.12064301
802.20092314,0.12242262
802.44024919,0.12211222
802.67958519,0.12809255
802.91893116,0.13558349
803.15828707,0.13454883
803.39765294,0.14102580
803.63702875,0.15571796
803.87641450,0.14899267
804.11581020,0.15969105
804.35521584,0.15894610
804.59463141,0.16602317
804.83405692,0.16430563
805.07349235,0.17310024
805.31293772,0.17467292
805.55239300,0.16987210
805.79185821,0.17030666
806.03133334,0.16474019
806.27081839,0.16341582
806.51031335,0.17338994
806.74981822,0.17461084
806.98933300,0.16757516
807.22885768,0.16124304
807.46839227,0.15387627
807.70793675,0.14965485
807.94749114,0.15298646
808.18705542,0.14332274
808.42662959,0.15068951
808.66621364,0.14568176
808.90580759,0.14580592
809.14541141,0.14392284
809.38502512,0.13721825
809.62464871,0.13754934
809.86428217,0.13417635
810.10392550,0.12997563
810.34357870,0.11499377
810.58324177,0.11493169
810.82291470,0.10621985
811.06259749,0.10075685
811.30229015,0.10375737
811.54199265,0.09312107
811.78170501,0.08896174
812.02142722,0.07985673
812.26115928,0.07778742
812.50090118,0.07433165
812.74065292,0.06866172
812.98041450,0.06286763
813.22018592,0.06537150
813.45996717,0.05624581
813.69975825,0.05490075
813.93955916,0.05281074
814.17936989,0.05169331
814.41919045,0.04678902
814.65902083,0.05016201
814.89886102,0.03960848
815.13871102,0.04194682
815.37857084,0.03799442
815.61844047,0.04140879
815.85831990,0.03770471
816.09820913,0.03807719
816.33810817,0.03375231
816.57801700,0.03230379
816.81793562,0.03364885
817.05786404,0.03369023
817.29780225,0.02735812
817.53775024,0.02880664
817.77770801,0.02582682
818.01767557,0.02338503
818.25765290,0.02599237
818.49764001,0.02417137
818.73763689,0.02845486
818.97764354,0.02611653
819.21765996,0.02959298
819.45768614,0.02737881
819.69772209,0.02499909
819.93776779,0.02665455
820.17782324,0.02541296
820.41788845,0.02599237
820.65796341,0.02261938
820.89804812,0.02410929
821.13814257,0.02535088
821.37824677,0.02913773
821.61836070,0.02646831
821.85848437,0.02679940
822.09861777,0.03569747
822.33876090,0.03824273
822.57891376,0.04461624
822.81907635,0.04941706
823.05924866,0.05833582
823.29943069,0.07035856
823.53962243,0.08767876
823.77982389,0.10257785
824.02003506,0.11710447
824.26025594,0.13252090
824.50048652,0.16244324
824.74072681,0.17229320
824.98097680,0.18909607
825.22123648,0.19979445
825.46150586,0.22961333
825.70178493,0.23449692
825.94207369,0.24511253
826.18237214,0.25045137
826.42268027,0.26321907
826.66299808,0.25781814
826.90332557,0.26708869
827.14366273,0.26431581
827.38400957,0.26617819
827.62436608,0.26133599
827.86473225,0.26804058
828.10510809,0.27170327
828.34549359,0.28029095
828.58588874,0.27426923
828.82629356,0.27217922
829.06670802,0.26795781
829.30713214,0.27358635
829.54756590,0.26015647
829.78800931,0.26222579
830.02846236,0.26255688
830.26892505,0.26114975
830.50939738,0.24320875
830.74987934,0.24163607
830.99037093,0.23292424
831.23087215,0.22882699
831.47138299,0.21543850
831.71190346,0.21396928
831.95243355,0.20825796
832.19297325,0.20455388
832.43352257,0.19768374
832.67408150,0.18754408
832.91465003,0.19197242
833.15522818,0.18137751
833.39581592,0.17806660
833.63641327,0.17214835
833.87702022,0.16440910
834.11763676,0.15927719
834.35826289,0.15791144
834.59889861,0.15673192
834.83954392,0.13568695
835.08019881,0.13463160
835.32086328,0.12277440
835.56153733,0.12022914
835.80222095,0.10278479
836.04291415,0.09906001
836.28361692,0.09301760
836.52432926,0.08821678
836.76505116,0.08529904
837.00578262,0.08236061
837.24652364,0.07789088
837.48727421,0.07441443
837.72803434,0.07033787
837.96880402,0.06789607
838.20958325,0.06599230
838.45037202,0.06977915
838.69117033,0.06876519
838.93197819,0.07116560
839.17279558,0.07044133
839.41362250,0.07973258
839.65445896,0.07964980
839.89530494,0.08364359
840.13616045,0.08211229
840.37702548,0.08467825
840.61790003,0.08606469
840.85878410,0.09278998
841.09967768,0.08188467
841.34058078,0.08627162
841.58149338,0.08409884
841.82241549,0.08461617
842.06334710,0.07876000
842.30428821,0.08149150
842.54523883,0.08029129
842.78619893,0.07824267
843.02716853,0.07170362
843.26814762,0.07375224
843.50913619,0.07170362
843.75013425,0.07319353
843.99114179,0.06737874
844.23215881,0.06911697
844.47318530,0.06417130
844.71422127,0.07300729
844.95526670,0.06444031
845.19632161,0.06590953
845.43738597,0.05752879
845.67845980,0.06363328
845.91954309,0.05978434
846.16063584,0.05537669
846.40173803,0.05322460
846.64284968,0.05980504
846.88397078,0.05266589
847.12510132,0.05831513
847.36624130,0.06030167
847.60739073,0.05887384
847.84854959,0.06141910
848.08971788,0.06524734
848.33089561,0.06255723
848.57208276,0.06553705
848.81327934,0.06723389
849.05448534,0.06884796
849.29570076,0.06843409
849.53692560,0.08294002
849.77815986,0.07714593
850.01940353,0.08656133
850.26065660,0.08821678
850.50191908,0.09661822
850.74319097,0.09427989
850.98447225,0.10123280
851.22576294,0.10977908
851.46706301,0.11791151
851.70837248,0.12612670
851.94969135,0.14621979
852.19101959,0.15648361
852.43235722,0.17620421
852.67370424,0.18375723
852.91506063,0.18752339
853.15642640,0.20349853
853.39780154,0.20929262
853.63918605,0.21059629
853.88057992,0.21003758
854.12198317,0.21117570
854.36339577,0.20728538
854.60481773,0.20478151
854.84624905,0.20347784
855.08768973,0.18775101
855.32913975,0.18804072
855.57059912,0.17798383
855.81206784,0.17603867
856.05354590,0.16620940
856.29503330,0.15851154
856.53653004,0.15244844
856.77803611,0.15462122
857.01955151,0.14690266
857.26107624,0.16695436
857.50261030,0.13947381
857.74415367,0.14408839
857.98570637,0.13601804
858.22726839,0.13860469
858.46883972,0.13047227
858.71042037,0.13045158
858.95201032,0.12405738
859.19360958,0.12358144
859.43521814,0.11971181
859.67683601,0.11149662
859.91846317,0.12656126
860.16009963,0.11176563
860.40174538,0.10826848
860.64340042,0.10330212
860.88506474,0.09968081
861.12673835,0.09883239
861.36842125,0.09779773
861.61011342,0.10338489
861.85181487,0.09390741
862.09352559,0.08943768
862.33524558,0.09266582
862.57697484,0.09390741
862.81871336,0.09161046
863.06046114,0.09185878
863.30221819,0.08492657
863.54398449,0.09773565
863.78576004,0.09709416
864.02754485,0.09295552
864.26933890,0.08881688
864.51114220,0.08935491
864.75295474,0.09198294
864.99477653,0.09926694
865.23660755,0.09096898
865.47844780,0.08734767
865.72029728,0.08078793
865.96215600,0.08420230
866.20402394,0.08418161
866.44590110,0.08676826
866.68778748,0.07797365
866.92968308,0.08198813
867.17158790,0.08188467
867.41350193,0.08550597
867.65542516,0.08716143
867.89735761,0.08712004
868.13929926,0.08740975
868.38125011,0.08534043
868.62321015,0.08651994
868.86517940,0.09367978
869.10715783,0.08531974
869.34914546,0.08697519
869.59114227,0.09086551
869.83314827,0.08811332
870.07516344,0.08395399
870.31718780,0.07410403
870.55922133,0.08302279
870.80126404,0.08269170
871.04331592,0.08347804
871.28537696,0.07880138
871.52744717,0.07513869
871.76952655,0.07360739
872.01161508,0.08066377
872.25371277,0.08461617
872.49581961,0.07629751
872.73793560,0.08116040
872.98006075,0.08186397
873.22219503,0.08248477
873.46433846,0.08335388
873.70649103,0.08173981
873.94865274,0.06855825
874.19082358,0.07066896
874.43300356,0.07468344
874.67519266,0.07035856
874.91739089,0.06396437
875.15959824,0.06135702
875.40181471,0.05792196
875.64404031,0.06119148
875.88627501,0.05554224
876.12851883,0.05703215
876.37077176,0.05821166
876.61303379,0.05237618
876.85530493,0.05403164
877.09758517,0.04645793
877.33987451,0.04883765
877.58217294,0.05022409
877.82448047,0.04952052
878.06679709,0.05593541
878.30912279,0.05156915
878.55145758,0.05769433
878.79380145,0.06017751
879.03615440,0.06195713
879.27851643,0.06979985
879.52088753,0.07257273
879.76326770,0.06737874
880.00565694,0.07913247
880.24805524,0.07929802
880.49046260,0.08422300
880.73287903,0.08538182
880.97530451,0.09001709
881.21773905,0.08474033
881.46018264,0.08426438
881.70263527,0.09061719
881.94509695,0.09192086
882.18756768,0.08807193
882.43004744,0.08743044
882.67253625,0.08678895
882.91503409,0.08579568
883.15754095,0.08281586
883.40005685,0.07580087
883.64258178,0.07861514
883.88511573,0.07414541
884.12765869,0.07329699
884.37021068,0.07153807
884.61277168,0.07311076
884.85534170,0.06731666
885.09792072,0.06731666
885.34050876,0.06299179
885.58310579,0.06613715
885.82571183,0.06582675
886.06832686,0.06324010
886.31095090,0.06243307
886.55358392,0.06143980
886.79622594,0.05659759
887.03887694,0.05442481
887.28153693,0.05759086
887.52420589,0.05903939
887.76688384,0.05266589
888.00957077,0.05092766
888.25226667,0.04581644
888.49497154,0.04813408
888.73768537,0.04732704
888.98040818,0.04209167
889.22313994,0.04039483
889.46588067,0.04105701
889.70863035,0.03424895
889.95138899,0.03377301
890.19415657,0.03464212
890.43693311,0.03137260
890.67971859,0.03168299
890.92251302,0.02617861
891.16531639,0.02603375
891.40812869,0.02346780
891.65094993,0.02317809
891.89378010,0.02634415
892.13661920,0.02624069
892.37946723,0.02659247
892.62232418,0.02582682
892.86519005,0.03261419
893.10806484,0.03037932
893.35094854,0.03546985
893.59384116,0.03364885
893.83674269,0.03751847
894.07965312,0.03989819
894.32257246,0.04296078
894.56550070,0.04577505
894.80843784,0.05125875
895.05138388,0.04966537
895.29433881,0.05581125
895.53730263,0.04780299
895.78027533,0.05225202
896.02325692,0.04964468
896.26624740,0.05150707
896.50924675,0.05146568
896.75225498,0.05605957
896.99527208,0.05382470
897.23829806,0.05295559
897.48133290,0.05682522
897.72437661,0.05777710
897.96742918,0.05690799
898.21049061,0.05488006
898.45356090,0.05620442
898.69664005,0.05978434
898.93972804,0.05303836
899.18282488,0.05769433
899.42593057,0.05657690
899.66904511,0.05533531
899.91216848,0.05459035
900.15530069,0.05223133
900.39844174,0.05926701
900.64159162,0.05297628
900.88475033,0.05624581
901.12791786,0.06094316
901.37109422,0.06054999
901.61427940,0.05597680
901.85747340,0.05810819
902.10067621,0.05922563
902.34388784,0.06541289
902.58710827,0.06495764
902.83033752,0.05868760
903.07357557,0.06694419
903.31682242,0.06669587
903.56007807,0.06638547
903.80334251,0.07242788
904.04661575,0.07420749
904.28989778,0.07455928
904.53318860,0.07954634
904.77648820,0.07770464
905.01979659,0.08354012
905.26311375,0.08409884
905.50643969,0.08461617
905.74977441,0.08923075
905.99311789,0.09001709
906.23647015,0.08916867
906.47983117,0.08780292
906.72320095,0.08320903
906.96657950,0.08511280
907.20996680,0.07969119
907.45336285,0.08703727
907.69676766,0.08380913
907.94018122,0.08865134
908.18360352,0.08399537
908.42703457,0.08360220
908.67047435,0.07815989
908.91392288,0.07844960
909.15738014,0.07888415
909.40084613,0.07633889
909.64432085,0.08006367
909.88780430,0.07857376
910.13129648,0.07766326
910.37479737,0.07526285
910.61830699,0.07840821
910.86182531,0.07629751
911.10535236,0.07077242
911.34888811,0.07648374
911.59243257,0.06814439
911.83598573,0.06944806
912.07954760,0.06748221
912.32311816,0.06864103
912.56669743,0.07373155
912.81028538,0.06793746
913.05388203,0.06628200
913.29748736,0.07131045
913.54110138,0.06833063
913.78472408,0.06893073
914.02835547,0.06752359
914.27199552,0.07205540
914.51564426,0.06911697
914.75930166,0.06884796
915.00296774,0.06878588
915.24664247,0.07513869
915.49032588,0.07180708
915.73401794,0.07515938
915.97771866,0.07224164
916.22142803,0.07714593
916.46514606,0.08068446
916.70887274,0.07950495
916.95260806,0.07431096
917.19635202,0.08105694
917.44010463,0.08142942
917.68386588,0.08757529
917.92763576,0.08523696
918.17141427,0.09566633
918.41520141,0.09748733
918.65899718,0.09874961
918.90280158,0.10675788
919.14661459,0.10940661
919.39043623,0.11859438
919.63426648,0.12267094
919.87810534,0.12976870
920.12195281,0.13603874
920.36580890,0.12846503
920.60967358,0.13204495
920.85354687,0.13318308
921.09742876,0.14119134
921.34131924,0.14499889
921.58521832,0.14450225
921.82912599,0.13986698
922.07304225,0.14015668
922.31696709,0.13527309
922.56090052,0.13516962
922.80484252,0.12740968
923.04879310,0.12583700
923.29275226,0.12087063
923.53671999,0.11983597
923.78069629,0.10820640
924.02468115,0.10530935
924.26867458,0.09599742
924.51267656,0.08931352
924.75668711,0.08242269
925.00070621,0.07277966
925.24473386,0.06905489
925.48877006,0.06117079
925.73281481,0.05742532
925.97686810,0.05065865
926.22092994,0.04815477
926.46500031,0.04728566
926.70907921,0.03776679
926.95316665,0.04176058
927.19726262,0.03727015
927.44136712,0.04053968
927.68548014,0.03284181
927.92960168,0.03400063
928.17373175,0.03062764
928.41787032,0.02843416
928.66201741,0.02812377
928.90617302,0.02593029
929.15033713,0.02435761
929.39450974,0.02450246
929.63869086,0.02272284
929.88288047,0.02332295
930.12707859,0.02232967
930.37128520,0.02582682
930.61550029,0.01916362
930.85972388,0.02210205
931.10395595,0.02096392
931.34819651,0.02133640
931.59244554,0.02228829
931.83670306,0.02350919
932.08096904,0.02739950
932.32524350,0.03013101
932.56952643,0.03319360
932.81381782,0.03445588
933.05811768,0.03716669
933.30242600,0.04262969
933.54674278,0.04186404
933.79106801,0.04676833
934.03540169,0.04604407
934.27974382,0.04662348
934.52409440,0.05742532
934.76845343,0.06179158
935.01282089,0.06019821
935.25719680,0.07188986
935.50158114,0.07033787
935.74597391,0.06719250
935.99037511,0.07100005
936.23478474,0.06717181
936.47920279,0.06946875
936.72362927,0.07582156
936.96806417,0.06520596
937.21250748,0.06394367
937.45695920,0.06779261
937.70141934,0.05858414
937.94588788,0.05448689
938.19036483,0.05380401
938.43485019,0.05806681
938.67934394,0.05525253
938.92384608,0.05237618
939.16835663,0.05477659
939.41287556,0.05574917
939.65740288,0.05427995
939.90193859,0.04664417
940.14648268,0.04952052
940.39103515,0.04370574
940.63559600,0.04989300
940.88016523,0.04660278
941.12474282,0.04815477
941.36932879,0.04680971
941.61392312,0.05041033
941.85852581,0.04790645
942.10313687,0.04616823
942.34775628,0.04676833
942.59238405,0.04734774
942.83702017,0.04571298
943.08166464,0.05009993
943.32631746,0.05289351
943.57097862,0.05103112
943.81564813,0.04954121
944.06032597,0.04755467
944.30501215,0.04757536
944.54970666,0.05376262
944.79440950,0.05012062
945.03912067,0.05262450
945.28384016,0.05165192
945.52856798,0.04438861
945.77330412,0.04817546
946.01804857,0.04265038
946.26280133,0.04089146
946.50756241,0.04339534
946.75233179,0.04786507
946.99710948,0.04757536
947.24189548,0.04823754
947.48668977,0.04316771
947.73149236,0.04817546
947.97630324,0.04614753
948.22112242,0.04420237
948.46594988,0.04223652
948.71078563,0.03880145
948.95562966,0.04765813
949.20048198,0.03631827
949.44534257,0.03503529
949.69021144,0.03741501
949.93508857,0.04076730
950.17997398,0.03631827
950.42486766,0.03073111
950.66976959,0.03420756
950.91467979,0.03244864
951.15959825,0.02895149
951.40452496,0.02646831
951.64945993,0.02808238
951.89440314,0.03275904
952.13935461,0.02448176
952.38431431,0.02559920
952.62928226,0.02222621
952.87425845,0.02444038
953.11924287,0.02682010
953.36423553,0.01999134
953.60923642,0.01912223
953.85424553,0.01939124
954.09926287,0.01692875
954.34428843,0.01610102
954.58932222,0.01448696
954.83436421,0.01862559
955.07941443,0.01626657
955.32447285,0.01324536
955.56953948,0.01657697
955.81461432,0.01831520
956.05969736,0.01506636
956.30478860,0.01272803
956.54988803,0.01537676
956.79499567,0.01390755
957.04011149,0.01473527
957.28523550,0.01154852
957.53036770,0.01152783
957.77550808,0.01299705
958.02065664,0.01276942
958.26581338,0.01136228
958.51097830,0.01500429
958.75615139,0.01281081
959.00133264,0.01506636
959.24652207,0.01239694
959.49171965,0.01810826
959.73692540,0.01374200
959.98213931,0.01525260
960.22736137,0.01380408
960.47259159,0.02009481
960.71782995,0.04707873
960.96307647,0.02133640
961.20833112,0.02290908
961.45359392,0.02828931
961.69886486,0.02657178
961.94414394,0.02839278
962.18943115,0.02986199
962.43472648,0.03060695
962.68002995,0.03282112
962.92534154,0.03695976
963.17066126,0.03178646
963.41598909,0.03379370
963.66132504,0.03627688
963.90666911,0.03927739
964.15202128,0.03917393
964.39738157,0.04656140
964.64274996,0.03890492
964.88812645,0.04443000
965.13351104,0.03698045
965.37890374,0.03784956
965.62430452,0.03929809
965.86971340,0.03441449
966.11513036,0.04031205
966.36055542,0.03923601
966.60598855,0.04068453
966.85142977,0.03880145
967.09687907,0.03598718
967.34233644,0.03658728
967.58780188,0.03998096
967.83327539,0.03780818
968.07875697,0.04217444
968.32424661,0.04606476
968.56974432,0.04399544
968.81525008,0.04798923
969.06076390,0.04819616
969.30628577,0.05117598
969.55181570,0.05421788
969.79735367,0.05866691
970.04289968,0.04945844
970.28845374,0.05388678
970.53401583,0.05105182
970.77958597,0.05870830
971.02516413,0.05225202
971.27075033,0.05343153
971.51634455,0.05204509
971.76194680,0.05930840
972.00755708,0.05548016
972.25317537,0.06290901
972.49880168,0.06086039
972.74443600,0.06448170
972.99007834,0.06419199
973.23572868,0.06669587
973.48138703,0.06626131
973.72705338,0.06241238
973.97272774,0.06106732
974.21841009,0.05877038
974.46410043,0.05893592
974.70979877,0.05471451
974.95550510,0.04469901
975.20121941,0.04786507
975.44694171,0.04521634
975.69267199,0.04368504
975.93841024,0.04066384
976.18415647,0.04420237
976.42991068,0.04306425
976.67567285,0.04370574
976.92144299,0.04244345
977.16722110,0.04130533
977.41300717,0.04883765
977.65880119,0.04525773
977.90460317,0.03892561
978.15041311,0.04531980
978.39623099,0.04202959
978.64205683,0.04196751
978.88789061,0.04066384
979.13373233,0.04018789
979.37958199,0.03513876
979.62543958,0.03433172
979.87130511,0.03559401
980.11717857,0.03830481
980.36305996,0.03468351
980.60894928,0.03445588
980.85484651,0.03170369
981.10075167,0.03681490
981.34666475,0.03188993
981.59258573,0.03381439
981.83851463,0.02979991
982.08445144,0.03089665
982.33039616,0.02690287
982.57634878,0.02435761
982.82230930,0.02570266
983.06827771,0.02522672
983.31425403,0.02541296
983.56023823,0.02576474
983.80623032,0.02717188
984.05223031,0.02146056
984.29823817,0.02381958
984.54425391,0.02392305
984.79027754,0.02073630
985.03630904,0.02516464
985.28234841,0.02417137
985.52839565,0.02977922
985.77445076,0.02584752
986.02051374,0.03071041
986.26658457,0.02373681
986.51266327,0.03102081
986.75874982,0.02723396
987.00484422,0.02754436
987.25094647,0.03348330
987.49705658,0.03089665
987.74317452,0.03263488
987.98930031,0.03209686
988.23543394,0.03685629
988.48157541,0.03424895
988.72772471,0.04097424
988.97388184,0.04451277
989.22004680,0.03731154
989.46621959,0.04006374
989.71240020,0.03741501
989.95858862,0.04250553
990.20478487,0.03793234
990.45098893,0.04612684
990.69720080,0.04047760
990.94342048,0.03625619
991.18964797,0.03513876
991.43588326,0.03317290
991.68212635,0.02990338
991.92837724,0.03352469
992.17463593,0.03249003
992.42090240,0.03108289
992.66717667,0.02895149
992.91345872,0.02644762
993.15974856,0.02284700
993.40604618,0.02415067
993.65235158,0.01972233
993.89866475,0.02328156
994.14498570,0.02290908
994.39131441,0.02373681
994.63765090,0.02162611
994.88399515,0.02009481
995.13034716,0.02181234
995.37670693,0.02247453
995.62307445,0.01763232
995.86944973,0.01444557
996.11583276,0.01554231
996.36222354,0.01903946
996.60862206,0.01508706
996.85502833,0.01651489
997.10144233,0.01504567
997.34786408,0.01339022
997.59429355,0.01603894
997.84073076,0.01254180
998.08717570,0.00852732
998.33362836,0.01359715
998.58008875,0.00778236
998.82655685,0.01419725
999.07303267,0.01959817
999.31951621,0.01316259
999.56600746,0.00863078
999.81250642,0.01200377
1000.05901309,0.00858940
1000.30552746,0.01063802
1000.55204953,0.00548542
1000.79857929,0.01179684
1001.04511676,0.01279011
1001.29166191,0.01295566
1001.53821476,0.00643731
1001.78477529,0.01175545
1002.03134351,0.01043109
1002.27791941,0.01388685
1002.52450299,0.01067941
1002.77109424,0.01274873
1003.01769317,0.00927227
1003.26429976,0.01119674
1003.51091403,0.00962406
1003.75753596,0.00985168
1004.00416555,0.01096911
1004.25080280,0.01668043
1004.49744771,0.01293497
1004.74410027,0.01223140
1004.99076048,0.00976891
1005.23742834,0.00939643
1005.48410384,0.01583201
1005.73078699,0.01096911
1005.97747778,0.01326606
1006.22417620,0.01281081
1006.47088226,0.01502498
1006.71759595,0.01481805
1006.96431727,0.01800480
1007.21104622,0.01471458
1007.45778279,0.01765301
1007.70452698,0.01130020
1007.95127879,0.01564577
1008.19803821,0.01477666
1008.44480524,0.01618380
1008.69157988,0.01581132
1008.93836213,0.01769440
1009.18515199,0.01190031
1009.43194944,0.01394893
1009.67875450,0.01529399
1009.92556715,0.01225209
1010.17238739,0.01748747
1010.41921522,0.01848074
1010.66605064,0.01490082
1010.91289364,0.01593548
1011.15974422,0.01194169
1011.40660239,0.01399032
1011.65346813,0.01334883
1011.90034144,0.01856351
1012.14722232,0.01434210
1012.39411078,0.01138298
1012.64100679,0.01219001
1012.88791037,0.01365923
1013.13482151,0.01111397
1013.38174020,0.01413517
1013.62866645,0.01922570
1013.87560025,0.01850143
1014.12254160,0.01483874
1014.36949049,0.01628726
1014.61644693,0.02079838
1014.86341091,0.01634934
1015.11038242,0.01579063
1015.35736147,0.01614241
1015.60434805,0.01630796
1015.85134216,0.01469389
1016.09834379,0.01490082
1016.34535295,0.01632865
1016.59236963,0.01608033
1016.83939383,0.01626657
1017.08642554,0.01632865
1017.33346476,0.01576993
1017.58051150,0.01374200
1017.82756574,0.01227278
1018.07462748,0.01161060
1018.32169673,0.01407309
1018.56877347,0.01130020
1018.81585771,0.01512844
1019.06294945,0.01256249
1019.31004867,0.00724434
1019.55715538,0.00511294
1019.80426957,0.01065872
1020.05139125,0.01448696
1020.29852041,0.01252110
1020.54565704,0.00627176
1020.79280114,0.00834108
1021.03995272,0.00600275
1021.28711177,0.01233486
1021.53427828,0.00947920
1021.78145225,0.01142436
1022.02863368,0.00759612
1022.27582257,0.00747197
1022.52301891,0.01479735
1022.77022270,0.01003792
1023.01743395,0.00838247
1023.26465263,0.00964475
1023.51187876,0.00333333
1023.75911234,0.00670632
1024.00635335,0.00443007
1024.25360179,0.00676840
1024.50085766,0.00457492
1024.74812097,0.00807207
1024.99539170,0.00600275
1025.24266985,0.00488532
1025.48995543,0.00382996
1025.73724842,0.00471977
1025.98454883,0.00753404
1026.23185665,0.00395412
1026.47917188,0.00242283
1026.72649452,0.00654077
1026.97382456,0.00829969
1027.22116200,0.00207104
1027.46850685,0.00503017
1027.71585908,0.00548542
1027.96321872,0.00552681
1028.21058574,0.00331263
1028.45796014,-0.01224864
1028.70534194,-0.01069665
1028.95273111,-0.01185547
1029.20012767,-0.01055180
1029.44753160,-0.01129676
1029.69494290,-0.01080012
